0 104 515 39 822 570 699 207 0 564 0 0 936 0 863 612 384 720 32 672 0 39 683 832 617 907 119 345 0 0 0 281 861 649 9 925 56 729 54 658 437 584 569 801 538 803 356 611 0 0 89 912 0 300 425 423 247 84 518 979 22 303 51 0 824 172 330 755 498 981 757 220 202 884 318 613 83 604 632 702 504 904 0 300 262 837 277 0 368 46 491 753 472 708 640 124 438 0 905 689 0 764 0 201 586 516 0 896 627 475 848 431 0 439 386 336 217 950 0 134 706 937 361 906 0 752 0 599 199 0 397 673 526 36 20 388 91 319 0 378 0 6 0 0 947 0 830 515 73 503 328 0 0 563 156 839 176 269 0 440 55 0 320 835 0 204 0 890 208 936 680 637 718 0 965 733 0 0 0 0 192 0 646 820 0 96 949 826 470 157 0 638 0 0 613 891 259 361 163 0 0 166 0 0 694 163 723 31 15 536 355 506 205 665 271 0 994 41 485 80 617 859 101 896 0 456 970 359 517 47 950 
104 0 233 263 676 0 0 672 847 652 131 0 834 498 413 438 12 180 603 0 0 0 565 252 0 210 753 0 175 122 391 334 625 364 451 193 608 42 957 735 94 434 147 477 819 0 625 0 406 204 417 0 19 50 0 0 0 934 107 791 238 704 18 0 0 119 472 662 236 222 914 628 887 310 608 489 719 254 0 0 198 141 285 867 181 230 0 991 306 821 0 650 34 943 557 202 363 0 0 222 206 967 600 0 173 397 158 413 0 340 705 78 97 137 366 0 479 996 919 37 732 924 938 416 0 256 842 734 463 482 300 283 681 529 325 0 0 240 0 596 0 333 557 352 0 0 826 281 54 0 356 120 351 106 516 490 520 843 739 516 0 0 0 0 94 862 175 75 486 0 417 0 916 0 0 0 497 90 681 197 976 943 0 580 720 280 558 550 823 179 51 52 893 71 67 751 270 426 0 5 283 374 687 493 0 0 919 0 711 0 8 224 168 792 255 584 448 672 0 0 112 0 204 735 0 219 750 610 0 295 0 
515 233 0 504 508 613 12 0 963 141 929 854 38 996 490 895 812 326 650 257 301 0 460 553 423 344 975 977 38 693 0 168 707 900 972 757 530 785 307 0 431 696 0 221 795 0 753 429 0 996 341 734 293 704 89 629 543 51 848 409 0 510 0 293 0 794 281 0 439 0 960 326 26 308 291 134 81 150 927 0 631 784 722 135 986 570 354 417 14 573 494 0 921 0 849 693 320 0 0 0 972 380 641 557 0 981 122 483 948 230 522 642 439 0 859 933 0 466 0 85 683 554 771 745 528 264 566 999 136 250 181 733 636 0 0 0 755 0 517 0 808 980 76 355 663 0 296 258 811 8 363 159 989 105 535 18 634 729 225 462 70 84 0 640 0 515 0 805 633 519 822 339 826 712 0 0 258 357 623 735 490 660 515 526 291 296 0 576 29 403 461 479 0 546 0 0 0 0 101 216 446 597 168 0 228 229 743 974 875 431 396 448 366 939 493 167 479 605 0 39 893 840 882 740 217 334 107 212 99 770 0 
39 263 504 0 539 730 761 0 663 0 315 632 0 170 572 661 124 190 85 836 0 957 0 816 886 97 937 0 933 312 0 654 868 401 461 0 499 274 688 0 283 362 536 863 338 984 31 0 894 879 249 630 184 833 659 0 705 285 476 991 119 463 787 1 910 894 426 561 0 973 986 526 871 179 323 0 601 504 955 128 202 717 0 484 0 728 808 682 981 0 0 105 665 595 53 179 0 0 0 304 0 911 688 0 241 947 0 0 803 0 197 990 0 956 61 965 0 574 0 546 929 467 0 902 419 0 40 0 23 33 155 0 798 0 27 635 228 448 403 656 476 724 0 0 247 263 0 969 0 85 0 476 546 896 325 380 0 817 184 888 0 556 188 835 732 118 532 113 0 0 942 519 587 564 0 560 409 0 0 373 706 85 422 327 0 336 559 371 128 478 789 0 0 922 839 263 0 0 228 376 70 342 0 0 827 133 0 0 716 613 688 551 0 0 288 0 89 770 90 417 677 710 793 0 0 0 0 0 250 625 359 
822 676 508 539 0 307 0 367 664 0 475 267 393 323 528 687 743 977 683 658 612 401 289 4 191 8 0 0 286 0 0 951 762 0 418 0 809 919 284 268 760 24 214 627 0 614 0 163 100 0 0 539 600 533 0 803 501 238 299 517 0 140 566 732 757 204 899 727 0 858 379 0 0 378 0 0 512 0 310 596 50 889 319 346 0 0 758 0 110 968 118 415 280 191 0 780 0 0 130 0 716 364 914 386 0 51 77 0 520 769 321 659 0 889 96 0 645 0 627 106 0 986 389 249 0 243 53 0 455 0 312 926 126 137 0 429 831 297 0 0 655 93 352 83 0 493 0 0 846 55 0 48 909 639 676 320 99 732 991 0 62 842 917 633 823 118 393 954 60 860 807 593 515 33 0 890 967 709 186 807 579 946 470 363 626 961 819 73 765 0 0 175 63 810 206 643 0 0 678 5 373 733 492 564 124 129 965 654 822 30 166 41 610 547 35 0 85 0 613 929 101 0 0 425 558 958 0 134 341 394 0 
570 0 613 730 307 0 0 779 508 733 852 345 0 0 538 32 0 708 505 0 103 981 0 0 484 106 0 422 338 715 759 0 0 0 633 430 515 137 361 99 981 65 140 272 170 151 674 575 0 549 241 0 0 854 598 537 643 48 369 525 199 642 420 376 0 0 0 693 363 0 480 658 797 48 108 156 921 542 815 944 335 115 702 410 496 957 655 544 331 239 0 870 622 638 838 529 28 752 0 771 0 616 688 0 613 740 329 52 400 0 208 665 0 414 0 897 854 0 273 221 956 92 292 346 334 217 691 903 675 558 803 764 0 170 0 0 0 0 254 363 74 697 949 163 0 0 935 0 0 365 555 0 26 301 0 0 477 771 0 896 665 756 309 459 0 811 256 547 749 25 446 51 895 960 283 388 913 283 0 820 512 0 515 454 770 242 752 244 390 671 229 736 828 0 732 663 0 0 83 449 0 48 0 0 241 0 0 581 67 511 816 88 395 819 49 779 5 14 0 224 593 0 0 27 537 140 907 895 0 340 0 
699 0 12 761 0 0 0 550 668 733 0 23 192 0 668 0 956 490 0 200 130 830 993 626 48 0 91 783 0 850 685 0 199 981 106 0 918 987 0 0 0 686 0 46 287 274 197 759 763 650 625 35 174 0 683 0 873 114 752 320 728 117 0 0 0 0 0 0 14 546 628 641 846 347 239 958 175 596 581 875 306 0 259 0 25 281 31 108 63 719 74 158 487 0 0 0 227 77 472 691 0 693 945 0 0 471 982 876 560 0 36 7 996 550 0 382 968 959 900 363 377 0 0 824 0 626 592 268 437 0 823 155 914 0 141 982 980 0 352 422 0 23 627 0 635 0 0 372 0 829 0 699 435 152 616 734 0 389 0 0 556 166 0 964 522 0 795 104 702 787 0 258 773 514 608 265 773 936 147 0 0 189 0 459 282 0 39 0 982 753 528 82 630 970 0 0 790 0 139 0 0 585 541 0 559 511 684 0 528 902 800 651 50 0 646 627 0 0 675 597 675 792 0 970 537 679 105 0 280 0 533 
207 672 0 0 367 779 550 0 340 0 295 385 0 677 572 185 0 0 396 212 340 0 623 226 818 719 0 306 353 3 988 0 31 0 325 213 248 941 441 408 0 985 214 188 320 0 0 175 624 54 0 0 0 0 346 561 369 0 511 951 0 0 0 0 348 556 328 665 807 395 575 387 422 79 785 0 856 938 0 6 0 383 207 582 132 0 970 936 586 734 120 401 866 0 893 709 767 907 158 832 637 0 514 24 0 574 0 0 162 0 715 486 0 571 931 798 30 408 886 0 29 809 791 844 363 132 642 0 0 0 0 0 892 597 734 23 794 254 445 569 603 915 186 0 915 860 870 894 644 0 0 730 626 494 982 0 236 983 0 139 309 0 809 131 473 661 123 581 248 65 974 789 0 0 387 0 0 0 490 374 0 0 427 76 726 94 0 864 511 946 835 725 887 823 401 49 799 956 0 0 181 227 0 971 287 858 466 550 254 645 0 0 0 495 364 932 0 172 180 438 814 564 757 344 23 0 218 0 543 250 0 
0 847 963 663 664 508 668 340 0 289 313 646 996 687 0 3 200 739 0 324 928 642 601 928 408 895 85 967 311 59 481 0 711 276 247 158 0 938 931 617 476 482 0 248 0 0 0 722 644 359 434 0 0 840 320 986 247 273 684 0 960 745 666 446 0 0 0 0 221 294 0 105 161 598 0 0 167 421 455 0 0 365 736 839 459 178 971 738 473 694 297 933 50 740 952 119 815 277 863 732 812 926 684 67 252 107 517 657 911 560 0 949 459 635 0 0 855 956 324 0 468 130 173 875 827 500 89 45 79 483 0 829 766 34 565 192 0 931 733 310 292 362 436 0 877 0 0 792 0 215 480 101 713 254 22 503 0 0 228 168 436 0 512 854 11 0 0 0 639 790 105 573 0 0 907 814 138 0 0 239 0 513 60 285 764 656 610 428 70 0 643 665 0 491 173 25 517 794 937 924 0 990 0 0 948 310 230 505 437 474 0 975 200 556 58 529 0 16 0 0 391 813 492 0 451 0 0 671 495 620 0 
564 652 141 0 0 733 733 0 289 0 454 539 886 890 377 0 783 408 763 0 262 888 55 172 616 151 300 133 752 184 772 185 85 252 491 97 273 105 948 0 899 836 490 731 95 803 190 380 0 8 738 520 754 890 459 231 435 0 368 48 365 0 478 700 996 112 153 500 462 315 150 0 0 857 908 290 406 489 352 978 0 0 410 0 82 0 387 879 277 568 0 213 0 650 106 862 744 345 276 894 889 0 942 20 133 227 8 742 88 341 349 873 585 313 0 136 54 922 873 922 0 0 82 210 12 0 784 866 0 370 702 444 326 804 0 611 0 601 134 262 415 0 803 852 423 985 439 0 111 212 789 210 101 0 678 470 840 230 473 111 696 79 464 0 744 263 965 338 0 685 619 0 478 275 151 757 0 0 418 0 22 908 676 0 0 497 304 831 443 374 0 524 483 307 833 0 495 0 174 0 122 7 0 57 893 496 0 550 964 989 466 166 667 499 0 0 108 834 99 0 771 328 506 0 28 0 173 45 0 980 0 
0 131 929 315 475 852 0 295 313 454 0 347 304 0 67 0 0 275 194 612 0 0 379 0 160 863 709 389 314 607 302 295 0 0 49 145 526 681 789 0 49 872 544 681 780 730 0 109 0 437 0 0 236 0 466 686 975 0 210 0 0 261 115 294 0 0 780 117 435 0 0 211 624 995 6 533 112 0 320 0 614 735 496 29 259 0 850 0 889 355 0 0 711 0 0 508 162 0 51 825 970 745 63 389 246 575 794 0 0 0 0 0 751 185 875 430 0 966 597 365 615 0 754 540 0 562 510 493 912 843 239 677 810 0 110 604 972 0 0 978 675 853 60 870 216 0 0 201 0 0 0 266 487 225 368 50 779 970 95 618 285 0 0 0 437 829 445 755 177 252 415 328 795 448 342 103 801 2 876 146 755 89 172 0 10 0 839 395 0 0 462 59 724 405 561 0 317 25 660 560 0 545 294 74 459 714 0 0 474 0 697 28 815 174 865 0 566 73 846 0 543 875 0 807 732 594 287 0 671 0 0 
0 0 854 632 267 345 23 385 646 539 347 0 895 0 0 19 33 0 873 551 0 572 178 302 863 329 522 104 111 25 445 0 667 464 988 579 0 968 396 0 974 35 335 724 173 696 553 512 355 565 486 627 293 806 708 321 465 0 916 646 122 0 778 507 125 301 75 487 0 0 644 0 313 522 179 488 687 0 846 37 0 388 175 0 695 0 19 856 315 537 358 120 543 829 820 798 304 612 489 0 827 0 505 998 34 600 706 789 693 286 260 732 0 555 588 919 0 0 173 520 0 891 110 0 710 564 241 156 476 520 0 714 0 527 820 133 891 918 805 0 258 220 0 975 0 386 0 0 672 108 192 0 142 0 0 0 111 558 293 740 876 121 238 358 783 493 656 754 457 134 425 115 236 0 0 446 560 0 834 493 492 665 408 0 258 815 760 336 903 74 421 0 611 327 514 0 336 0 771 177 0 0 0 172 550 95 0 425 920 145 994 0 131 472 526 192 0 330 599 836 685 343 15 314 688 0 439 201 991 0 906 
936 834 38 0 393 0 192 0 996 886 304 895 0 349 0 297 0 732 359 0 0 667 717 533 45 0 472 313 665 978 446 354 795 218 542 442 0 0 0 88 564 0 431 683 663 808 426 804 0 72 221 0 994 0 681 510 771 104 237 432 490 0 0 677 160 942 0 57 96 919 37 171 685 0 0 0 486 837 73 44 705 489 672 0 0 117 0 0 0 0 319 897 0 0 642 664 377 903 448 149 245 700 0 857 359 899 648 440 860 641 0 737 0 614 281 285 274 33 0 0 325 321 684 457 245 837 0 565 0 820 180 445 582 0 0 645 723 3 0 164 88 210 103 0 482 992 585 0 428 0 516 0 0 184 875 572 289 447 54 685 440 42 0 231 151 546 756 0 63 0 580 619 251 375 0 778 49 466 851 645 765 0 512 185 623 401 0 977 768 0 633 895 849 630 743 984 68 0 540 176 424 445 0 648 709 934 360 892 649 475 912 218 701 500 146 895 0 216 0 74 817 209 172 272 0 961 0 0 807 0 443 
0 498 996 170 323 0 0 677 687 890 0 0 349 0 0 0 745 321 25 0 857 0 0 300 0 539 0 862 413 216 999 0 660 0 206 0 648 505 311 838 210 706 212 337 176 6 355 24 0 0 4 277 0 437 469 936 770 418 0 0 249 575 779 436 658 912 998 758 131 9 382 757 0 0 326 594 0 972 90 178 0 811 622 67 303 736 668 633 597 422 284 176 254 0 771 914 241 742 480 144 347 463 196 180 861 776 641 889 0 760 0 126 494 793 938 478 370 540 948 177 917 723 194 0 525 9 0 279 0 627 447 757 0 123 230 433 0 758 0 272 0 986 33 145 591 586 0 317 51 741 232 818 113 312 63 232 437 894 1 0 630 18 434 0 0 901 0 0 753 0 382 965 339 967 434 0 0 30 636 259 663 230 675 0 136 0 836 825 437 677 251 712 367 666 51 455 0 189 832 597 636 787 820 0 312 0 330 0 667 0 554 276 754 0 60 0 914 762 186 186 206 0 0 395 688 65 0 563 518 883 986 
863 413 490 572 528 538 668 572 0 377 67 0 0 0 0 913 906 0 485 0 721 803 857 36 385 0 124 969 920 735 709 180 467 0 0 947 436 838 835 0 119 365 388 0 173 982 981 781 640 182 810 66 133 229 0 708 921 402 557 0 510 38 771 528 886 828 731 53 201 459 370 173 0 378 283 0 390 357 461 537 368 203 783 981 418 0 64 214 0 140 298 781 411 854 411 911 585 900 0 853 767 275 0 57 706 283 275 463 0 26 100 0 0 699 934 752 737 782 943 0 863 268 555 0 0 44 825 0 961 834 0 0 0 636 338 672 817 0 25 665 0 0 0 983 802 726 0 329 706 664 813 870 717 118 0 888 659 330 550 284 535 159 703 156 665 628 467 858 394 987 151 0 116 265 0 255 0 830 833 0 0 14 0 856 656 600 451 915 916 535 706 0 816 0 140 203 773 736 488 235 0 253 748 0 0 513 934 935 207 866 0 494 0 603 0 15 83 0 701 26 357 0 587 0 549 228 913 0 530 46 798 
612 438 895 661 687 32 0 185 3 0 0 19 297 0 913 0 713 0 579 921 922 678 219 0 85 580 0 750 415 10 729 254 260 723 451 246 142 292 15 441 711 331 0 0 459 0 703 609 0 68 515 0 686 445 311 25 83 887 855 0 562 671 538 0 290 0 0 184 59 0 620 815 751 930 0 583 554 710 815 959 0 824 287 469 630 406 828 130 339 608 828 0 0 0 527 0 749 931 616 116 333 684 0 458 546 453 0 450 331 387 277 31 848 110 0 0 0 0 753 494 712 0 766 0 0 346 749 780 640 698 766 373 351 610 0 582 0 805 230 0 0 504 0 0 357 737 955 363 107 821 424 155 944 0 400 556 0 0 0 30 226 111 0 134 163 418 930 791 445 716 946 93 55 905 0 664 0 597 239 271 126 965 0 613 727 952 282 589 592 94 99 668 760 583 413 0 231 0 0 0 871 266 100 139 782 597 0 920 656 138 0 793 0 165 158 0 720 18 686 0 0 258 298 334 255 691 82 451 574 200 974 
384 12 812 124 743 0 956 0 200 783 0 33 0 745 906 713 0 622 997 530 0 666 0 655 337 0 421 0 0 257 339 566 0 340 0 650 186 472 319 891 84 826 20 55 765 396 547 5 131 658 42 295 819 150 224 812 439 49 391 592 1 447 991 121 165 612 746 800 775 772 361 0 532 562 992 0 344 0 806 0 870 682 421 949 959 166 687 344 154 619 0 0 433 90 0 0 527 641 0 541 879 956 125 781 145 798 825 0 33 0 361 750 994 468 342 4 390 869 614 805 0 938 357 0 616 343 504 748 872 0 44 0 571 644 801 751 121 0 0 247 515 312 285 0 633 987 0 289 0 473 262 318 244 698 972 0 757 335 143 642 427 934 245 145 349 241 159 584 413 530 27 0 153 969 603 327 584 337 0 984 319 0 305 742 0 987 0 536 726 678 7 855 168 363 632 0 186 0 423 560 898 605 0 657 0 245 415 186 185 781 797 840 646 906 442 707 929 949 0 892 187 893 97 0 0 600 607 948 844 57 0 
720 180 326 190 977 708 490 0 739 408 275 0 732 321 0 0 622 0 703 241 0 414 71 921 602 597 145 201 260 0 622 791 231 590 637 929 0 0 858 380 831 870 277 0 0 564 151 326 473 0 478 785 0 945 0 800 243 186 0 407 0 0 253 0 370 907 0 916 308 472 797 516 0 142 453 0 637 0 0 196 0 10 0 266 911 233 549 33 834 866 0 0 672 313 972 0 627 558 0 428 402 678 0 112 565 270 488 0 0 297 0 0 747 861 223 143 49 910 890 62 720 591 189 388 352 330 0 0 278 82 371 687 612 885 0 589 0 667 598 771 5 41 854 279 796 913 685 689 132 721 595 512 848 278 0 0 549 725 121 270 0 862 0 212 273 0 0 226 278 66 0 330 547 0 618 0 410 0 926 0 0 608 496 0 386 161 390 630 0 515 749 944 0 661 18 752 807 752 226 806 176 0 0 0 936 711 0 950 268 960 415 684 637 0 321 0 60 43 0 0 819 556 567 259 422 923 198 420 842 140 196 
32 603 650 85 683 505 0 396 0 763 194 873 359 25 485 579 997 703 0 235 159 474 75 287 0 0 372 385 114 901 0 179 635 493 0 368 924 444 664 357 231 166 899 0 791 981 0 53 0 709 0 0 684 449 623 975 998 667 354 715 994 0 0 657 603 0 570 438 0 238 262 24 0 0 962 688 0 701 453 960 221 0 718 0 363 678 761 932 0 0 841 871 207 754 897 175 265 29 286 615 55 541 716 0 0 0 844 779 0 223 103 0 547 0 0 516 839 0 151 498 129 0 856 946 310 484 374 728 598 649 567 764 328 553 870 682 321 0 894 566 955 350 258 660 142 371 67 367 742 489 473 978 0 502 0 443 623 788 0 116 554 12 0 0 173 829 0 152 296 422 981 466 295 735 0 0 716 843 0 0 6 609 0 258 878 0 0 129 666 556 725 236 0 0 574 136 173 857 926 281 788 67 945 952 465 0 0 440 984 435 505 0 75 136 0 941 354 769 898 222 244 587 929 128 770 352 701 312 340 359 780 
672 0 257 836 658 0 200 212 324 0 612 551 0 0 0 921 530 241 235 0 452 479 272 0 0 0 386 0 813 868 37 611 303 966 645 795 747 421 638 0 0 0 0 235 0 0 885 619 549 0 0 478 0 745 0 771 415 0 0 405 577 785 424 984 0 110 288 99 925 0 282 0 89 627 0 445 245 621 199 0 362 520 316 330 61 267 480 632 454 673 657 64 87 933 987 866 660 0 907 433 756 0 0 738 600 0 562 0 974 0 857 318 50 0 164 0 491 0 727 878 454 0 928 726 691 0 270 100 0 0 976 934 968 0 0 74 593 749 107 321 701 0 232 339 0 486 590 0 198 53 0 597 0 0 671 532 0 470 913 0 74 0 702 958 791 183 482 199 0 0 0 0 0 20 579 936 866 780 0 385 582 797 178 0 957 386 90 399 866 853 87 470 829 590 469 0 489 776 365 176 0 880 289 0 441 0 0 272 141 560 0 315 0 123 0 144 0 0 781 568 0 597 960 0 0 156 860 184 0 0 211 
0 0 301 0 612 103 130 340 928 262 0 0 0 857 721 922 0 0 159 452 0 515 991 0 0 758 765 0 0 17 0 0 312 101 600 0 499 78 489 290 2 0 801 307 0 264 489 4 653 796 0 166 333 347 983 356 0 916 952 288 0 798 808 368 0 930 258 0 983 0 0 562 849 322 0 437 443 963 706 86 788 11 907 0 0 0 685 0 282 658 190 0 125 768 955 0 0 897 302 672 851 320 220 998 0 70 685 378 0 799 230 0 661 824 820 777 508 905 233 464 612 0 783 27 9 662 985 52 65 506 902 0 696 617 47 958 38 0 0 347 699 741 0 74 546 0 0 496 670 404 503 266 733 415 825 171 0 597 0 934 629 943 393 12 794 104 495 0 511 133 848 767 896 812 973 535 957 100 954 401 0 886 734 18 915 346 877 592 989 638 801 180 36 973 507 413 635 0 658 936 901 736 373 816 910 569 44 631 529 0 55 52 822 851 0 761 567 200 0 931 457 0 548 711 0 598 446 20 688 328 717 
39 0 0 957 401 981 830 0 642 888 0 572 667 0 803 678 666 414 474 479 515 0 45 409 891 0 595 345 120 0 483 0 945 47 0 392 0 519 0 792 456 348 0 797 543 255 177 926 218 224 0 0 881 427 94 857 680 97 96 404 194 0 852 150 905 782 0 0 219 0 979 712 980 554 495 971 766 332 993 557 0 636 851 78 0 927 902 0 0 0 127 0 0 0 561 0 190 0 337 732 86 0 993 0 391 207 0 864 0 910 120 0 0 0 567 622 939 702 124 820 681 966 0 885 0 840 970 408 70 0 0 993 0 830 757 451 853 740 0 0 995 359 0 0 477 458 988 0 0 605 451 153 88 980 107 0 0 638 592 465 0 0 0 0 153 303 0 0 601 530 0 978 0 0 197 117 847 516 126 28 623 508 193 724 228 28 0 852 865 0 1 0 446 965 776 888 727 0 61 0 316 779 0 156 280 0 135 707 660 205 0 357 199 624 843 836 514 0 0 558 0 0 804 279 677 0 468 494 0 397 78 
683 565 460 0 289 0 993 623 601 55 379 178 717 0 857 219 0 71 75 272 991 45 0 364 297 461 0 0 155 556 218 804 447 0 848 43 0 0 0 779 792 950 888 520 0 188 840 223 0 939 925 531 535 218 870 362 0 0 342 0 90 47 305 400 305 108 960 76 333 742 0 817 84 850 357 0 285 278 0 352 48 891 0 193 0 668 0 0 0 0 0 0 501 103 519 4 93 809 0 946 53 213 0 64 766 733 705 407 388 774 0 0 571 805 633 0 924 369 225 0 69 0 833 557 262 449 926 0 194 899 0 830 0 83 0 231 639 165 0 0 415 973 988 966 75 702 0 138 289 651 378 863 516 745 575 556 271 378 966 321 587 0 0 319 298 55 189 164 781 452 351 947 924 475 772 423 636 710 224 0 0 0 0 120 391 671 923 795 0 982 0 0 118 373 924 777 585 191 734 999 517 761 0 0 953 241 866 33 573 807 0 58 337 731 0 361 460 854 128 692 364 938 781 0 96 580 298 254 0 27 98 
832 252 553 816 4 0 626 226 928 172 0 302 533 300 36 0 655 921 287 0 0 409 364 0 0 485 467 796 0 709 397 0 562 766 641 0 294 0 338 951 556 0 31 779 0 689 460 341 0 360 129 877 771 0 24 866 157 299 0 783 0 0 0 803 768 62 630 635 635 464 0 997 635 811 6 258 267 79 150 397 97 0 0 156 0 408 627 795 0 815 0 748 494 711 156 824 184 491 68 266 0 158 597 179 791 2 0 0 841 989 711 447 964 982 34 213 509 933 189 154 0 834 0 86 289 472 933 960 958 135 945 245 72 0 369 673 750 0 344 992 434 735 122 75 549 0 463 424 0 243 248 0 609 0 579 161 832 919 540 705 785 870 0 388 0 479 329 176 103 267 877 0 411 850 415 501 0 562 0 698 947 352 0 449 399 0 718 660 931 0 458 327 899 194 141 779 0 161 0 711 896 857 802 993 288 146 0 553 0 0 430 0 659 0 872 268 77 2 199 0 531 757 427 831 389 738 500 607 539 980 343 
617 0 423 886 191 484 48 818 408 616 160 863 45 0 385 85 337 602 0 0 0 891 297 0 0 519 496 243 48 876 0 191 0 0 0 490 865 300 405 214 0 364 879 119 580 349 660 768 0 647 0 994 0 660 0 0 642 234 250 961 647 620 675 667 487 342 738 482 959 184 628 840 884 572 244 380 0 531 566 7 143 934 0 0 351 0 514 133 269 99 855 0 108 358 624 0 316 874 408 154 196 0 856 929 991 309 0 919 582 693 0 315 728 0 0 721 0 136 983 898 0 0 0 135 827 651 893 940 536 41 374 831 211 354 799 0 138 293 0 421 831 0 200 0 0 799 864 361 497 959 795 676 471 208 211 0 0 546 169 0 951 79 0 664 692 977 535 841 790 345 447 0 0 657 116 511 154 903 0 212 2 719 0 434 316 64 177 85 0 632 0 687 971 567 999 18 373 296 771 547 817 712 0 689 454 240 0 0 239 429 0 20 865 0 291 371 929 0 460 724 619 638 830 347 0 0 0 0 316 0 0 
907 210 344 97 8 106 0 719 895 151 863 329 0 539 0 580 0 597 0 0 758 0 461 485 519 0 704 313 329 493 689 0 0 310 356 339 0 0 475 859 0 115 0 786 403 147 559 0 0 0 173 0 907 47 82 346 15 253 170 0 0 494 534 0 368 37 0 775 315 590 0 140 507 348 719 0 710 0 840 984 0 58 137 172 475 650 879 850 976 414 0 0 170 133 0 0 81 951 283 883 0 483 690 300 88 0 0 637 467 608 323 0 208 404 875 299 0 243 276 437 835 140 786 0 671 0 58 0 652 0 113 0 697 899 761 773 938 454 0 811 0 17 94 858 303 901 0 904 284 0 0 785 0 538 0 294 467 0 446 606 217 784 928 0 440 0 0 759 729 779 0 522 467 857 271 296 522 557 778 286 0 78 0 625 334 460 103 410 0 0 91 526 904 119 893 0 1 503 773 373 977 878 0 915 393 0 742 860 0 649 386 560 714 448 744 722 874 480 603 856 0 0 373 440 0 0 67 866 453 0 466 
119 753 975 937 0 0 91 0 85 300 709 522 472 0 124 0 421 145 372 386 765 595 0 467 496 704 0 303 29 909 0 291 623 0 964 851 0 294 943 54 0 0 0 101 0 0 369 526 650 965 884 577 0 694 74 941 0 541 0 0 272 0 5 0 902 333 497 997 53 226 221 0 0 825 0 615 228 0 0 899 385 0 193 373 48 874 0 0 940 35 552 0 370 360 907 415 928 931 0 798 323 0 209 909 602 868 224 847 0 938 717 0 891 142 985 0 394 833 36 123 300 408 662 306 343 911 219 715 934 69 633 870 521 284 430 807 751 460 110 399 876 927 748 260 757 47 0 481 0 0 843 834 477 844 193 698 775 484 153 0 906 222 307 827 847 816 29 728 676 762 406 138 964 0 357 0 582 0 913 0 934 59 104 433 921 888 0 104 373 490 0 437 599 747 39 433 173 0 0 151 618 0 660 0 685 189 255 901 0 887 102 864 890 242 716 481 0 0 283 876 958 0 246 86 290 0 53 929 521 915 329 
345 0 977 0 0 422 783 306 967 133 389 104 313 862 969 750 0 201 385 0 0 345 0 796 243 313 303 0 121 171 38 0 390 29 0 509 641 571 453 0 149 845 801 834 728 1 686 692 0 0 897 213 810 864 0 468 0 0 0 932 0 383 22 724 873 0 3 154 704 913 70 199 239 245 697 0 484 664 343 622 161 86 743 921 0 342 843 652 0 0 0 491 476 0 0 443 945 898 709 0 483 719 0 0 60 0 802 16 191 96 915 406 770 620 768 444 53 520 279 0 667 0 669 967 677 794 0 849 465 0 919 358 628 848 232 0 785 4 0 221 253 0 911 140 372 764 464 335 0 360 212 555 501 57 257 501 0 148 950 98 221 202 738 246 508 0 383 36 108 0 765 143 0 728 384 0 308 858 41 314 463 847 0 794 0 229 0 0 26 47 837 627 0 0 628 9 530 809 269 670 0 885 275 514 267 259 534 0 0 279 957 0 0 0 14 270 219 290 859 0 61 0 165 0 530 216 202 945 296 713 0 
0 175 38 933 286 338 0 353 311 752 314 111 665 413 920 415 0 260 114 813 0 120 155 0 48 329 29 121 0 432 28 794 309 0 0 94 662 29 659 263 615 651 298 677 153 835 0 421 0 378 77 734 192 0 21 0 532 837 663 61 889 694 919 675 838 396 820 916 29 87 0 318 519 111 0 988 357 890 750 717 335 55 0 0 713 16 60 0 932 0 0 306 273 470 725 195 760 235 258 0 582 364 88 221 0 297 353 239 0 948 73 365 658 902 31 409 998 688 115 0 963 469 0 986 499 443 0 611 0 49 489 733 538 695 718 0 923 0 800 619 997 0 959 903 662 346 0 586 795 16 223 974 830 896 892 0 266 852 876 0 482 0 606 0 0 0 887 222 420 0 290 12 778 404 0 0 118 928 549 747 0 565 294 634 978 316 605 456 53 0 940 862 641 805 708 894 940 766 845 826 242 0 76 708 0 0 638 849 767 158 814 431 881 77 259 995 477 0 573 729 0 79 374 0 134 775 502 538 0 0 867 
0 122 693 312 0 715 850 3 59 184 607 25 978 216 735 10 257 0 901 868 17 0 556 709 876 493 909 171 432 0 0 928 810 853 394 25 550 636 239 0 0 120 137 389 787 223 563 614 0 766 35 0 327 0 0 0 797 493 0 495 0 0 132 139 117 0 479 0 627 0 703 407 447 472 0 321 258 118 184 189 410 845 845 0 0 943 570 166 0 169 628 0 446 0 659 0 604 526 498 378 43 443 431 620 298 888 267 220 0 0 0 676 0 0 673 0 0 0 0 887 190 601 242 898 187 0 196 0 535 415 0 0 0 0 0 907 0 677 744 795 276 816 432 0 550 172 917 937 0 328 31 556 184 286 0 856 504 218 891 289 0 766 753 45 567 233 893 811 0 384 0 0 496 212 51 519 784 0 311 36 781 33 896 736 891 813 565 506 565 0 0 183 525 518 260 90 262 0 314 760 640 0 792 0 232 5 279 47 0 0 102 13 0 0 267 552 650 129 685 262 0 519 0 950 0 951 638 592 634 747 616 
0 391 0 0 0 759 685 988 481 772 302 445 446 999 709 729 339 622 0 37 0 483 218 397 0 689 0 38 28 0 0 880 551 498 398 8 558 0 0 962 0 362 775 824 0 812 99 624 535 69 692 944 895 303 644 139 285 0 71 464 793 621 85 0 0 426 0 126 203 0 0 795 0 582 0 0 917 344 0 770 616 999 368 168 558 6 73 137 948 480 0 976 78 67 253 308 608 0 953 350 507 237 659 389 0 256 0 989 0 297 244 503 36 155 877 435 726 700 0 337 804 531 792 0 218 824 277 882 0 0 0 963 909 200 291 307 0 559 834 0 530 896 0 990 467 829 604 279 767 753 761 588 548 475 517 487 823 163 0 253 0 440 590 0 274 318 0 0 0 0 0 0 747 702 920 902 43 652 0 0 493 136 692 617 364 891 981 407 655 181 631 0 187 5 0 104 170 839 219 5 96 0 0 583 20 0 94 354 19 392 189 600 23 251 0 626 912 0 697 797 847 660 360 343 0 575 0 320 0 749 797 
281 334 168 654 951 0 0 0 0 185 295 0 354 0 180 254 566 791 179 611 0 0 804 0 191 0 291 0 794 928 880 0 63 0 549 840 801 0 0 96 0 0 601 759 219 238 101 355 198 41 636 169 990 192 694 761 0 875 0 940 274 764 875 78 701 193 621 46 310 915 694 0 959 93 0 898 0 882 0 104 761 5 75 932 616 536 202 0 864 819 436 116 795 299 565 237 0 0 411 131 429 0 92 492 845 748 677 0 461 0 0 121 0 719 0 568 58 216 141 0 600 476 100 106 0 0 529 209 275 98 867 593 714 0 541 1 0 988 376 0 882 0 0 794 730 972 0 0 221 342 0 679 0 0 643 0 344 631 969 0 916 399 10 117 0 0 425 851 779 0 929 112 489 0 0 304 626 818 120 841 167 139 0 780 597 778 603 6 247 133 949 502 449 0 0 753 938 0 0 0 8 118 715 367 179 543 421 360 365 791 659 992 0 448 217 598 0 348 809 416 704 0 0 42 50 461 0 170 361 0 653 
861 625 707 868 762 0 199 31 711 85 0 667 795 660 467 260 0 231 635 303 312 945 447 562 0 0 623 390 309 810 551 63 0 286 0 0 0 0 675 183 961 82 0 910 755 332 384 0 690 0 953 467 174 366 346 158 0 100 190 880 276 78 867 0 785 0 759 574 0 254 0 0 24 65 22 928 577 911 495 944 720 289 713 0 0 0 436 0 0 568 0 266 0 791 0 613 0 192 991 14 328 22 0 0 878 665 0 0 155 0 941 878 15 465 929 164 744 959 141 887 59 536 0 207 747 0 0 566 856 110 400 598 76 106 277 0 382 0 0 197 0 857 241 908 991 511 249 0 0 926 919 839 18 342 624 448 723 775 0 756 0 803 953 354 95 247 0 697 0 406 498 412 102 0 888 407 910 0 273 0 848 982 0 22 86 456 70 123 282 0 311 48 965 0 235 0 0 0 0 35 700 56 189 384 0 367 506 532 171 363 687 0 459 0 704 0 0 587 587 0 961 320 375 0 722 333 577 782 690 419 0 
649 364 900 401 0 0 981 0 276 252 0 464 218 0 0 723 340 590 493 966 101 47 0 766 0 310 0 29 0 853 498 0 286 0 886 562 83 221 0 320 61 645 428 0 839 640 968 0 4 189 575 0 155 482 0 621 507 855 790 154 354 216 727 0 0 891 0 635 758 387 357 64 0 876 917 141 907 862 78 0 807 0 487 379 453 790 801 640 129 0 256 751 652 823 633 896 0 0 349 0 222 626 0 578 0 639 0 47 0 940 624 0 96 228 890 0 320 641 935 268 195 66 910 2 993 189 0 0 0 655 0 187 25 660 681 476 38 146 59 881 774 0 719 24 726 775 692 14 0 0 408 0 666 0 236 829 405 0 255 834 634 495 0 471 505 500 884 396 323 618 449 43 11 466 0 154 819 574 295 482 34 483 650 461 573 0 416 39 736 945 970 921 0 64 0 647 940 437 589 298 471 715 737 0 130 343 474 904 0 755 0 290 0 0 576 644 715 375 0 845 655 0 71 996 455 35 84 0 39 0 672 
9 451 972 461 418 633 106 325 247 491 49 988 542 206 0 451 0 637 0 645 600 0 848 641 0 356 964 0 0 394 398 549 0 886 0 789 0 729 405 813 840 63 335 0 64 0 177 757 0 0 276 519 0 471 931 96 0 821 0 803 817 667 119 858 85 0 412 74 0 0 157 779 0 163 999 116 807 262 131 573 929 593 194 389 31 134 282 0 0 264 809 434 164 83 520 999 714 0 465 0 906 145 487 309 698 90 237 824 786 634 537 878 294 655 0 810 0 132 443 0 201 185 274 971 0 832 737 486 561 0 588 377 154 352 0 349 384 187 286 694 687 147 0 742 711 0 480 793 732 0 0 0 207 581 0 595 967 64 42 276 561 610 49 0 106 717 800 460 0 669 142 707 898 153 0 505 393 289 779 385 82 121 784 964 0 0 6 553 0 33 553 0 737 145 368 0 743 0 0 327 0 88 161 595 0 428 139 822 85 16 148 847 117 712 582 57 0 518 0 272 307 0 252 86 864 103 93 384 477 973 684 
925 193 757 0 0 430 0 213 158 97 145 579 442 0 947 246 650 929 368 795 0 392 43 0 490 339 851 509 94 25 8 840 0 562 789 0 985 0 760 434 0 698 585 787 573 0 860 0 26 0 324 718 24 752 921 457 0 706 52 104 428 0 0 543 216 300 0 304 919 205 611 831 484 137 372 0 583 661 20 584 912 34 0 505 0 286 0 763 657 279 90 174 0 961 0 298 664 0 880 210 94 0 107 716 0 104 0 480 780 353 199 563 10 0 925 144 0 41 0 383 0 907 659 270 701 857 781 713 0 600 446 163 0 498 94 0 860 17 0 0 839 427 12 751 842 280 65 663 977 390 736 634 348 449 784 568 208 0 901 0 568 961 725 0 454 643 0 484 428 603 419 0 134 486 0 0 545 40 0 430 0 0 0 132 598 0 242 323 820 163 0 185 471 671 0 493 0 932 171 433 236 0 505 0 288 490 869 328 413 618 835 113 0 108 832 107 321 851 415 0 98 0 472 534 772 90 466 112 34 433 423 
56 608 530 499 809 515 918 248 0 273 526 0 0 648 436 142 186 0 924 747 499 0 0 294 865 0 0 641 662 550 558 801 0 83 0 985 0 559 811 993 832 0 0 291 0 132 57 707 826 858 271 669 284 745 969 119 0 0 78 0 782 801 0 0 34 740 248 128 293 268 53 56 619 0 214 877 0 0 43 802 656 58 0 0 0 691 46 805 154 0 0 0 394 937 110 617 311 960 0 155 269 0 0 727 925 233 652 0 901 617 0 879 642 809 47 0 607 0 0 0 0 0 934 0 859 717 609 0 0 416 873 691 0 600 130 425 0 144 783 736 0 0 263 0 0 659 0 63 0 0 601 0 226 63 852 596 312 580 252 0 772 349 127 823 0 630 258 947 725 534 722 809 446 937 0 61 432 956 0 0 0 0 629 241 910 146 0 700 547 0 732 898 791 0 0 838 61 0 420 794 0 0 0 688 846 395 574 0 991 473 489 157 0 612 168 0 912 323 686 261 913 648 439 15 493 228 925 0 456 31 774 
729 42 785 274 919 137 987 941 938 105 681 968 0 505 838 292 472 0 444 421 78 519 0 0 300 0 294 571 29 636 0 0 0 221 729 0 559 0 417 0 230 0 0 420 808 661 451 747 0 329 843 93 0 248 123 363 611 749 729 0 355 829 623 0 331 954 937 446 254 0 274 114 109 414 700 639 0 0 990 256 562 598 670 134 224 89 834 955 239 0 805 115 684 0 0 0 284 0 908 327 269 597 458 695 0 957 808 448 0 803 696 104 0 50 423 55 288 968 292 21 525 665 970 503 0 0 0 374 158 242 120 0 872 437 725 0 0 935 210 656 0 819 139 0 0 108 442 539 992 87 0 698 114 562 443 0 0 897 805 158 429 0 931 0 899 603 412 65 655 445 685 802 107 533 0 788 36 185 148 520 356 333 208 728 0 0 451 0 0 0 397 402 479 704 658 785 0 250 0 0 153 533 25 246 312 593 527 998 424 399 125 97 0 349 208 61 638 195 646 622 0 121 0 0 107 695 869 382 0 892 0 
54 957 307 688 284 361 0 441 931 948 789 396 0 311 835 15 319 858 664 638 489 0 0 338 405 475 943 453 659 239 0 0 675 0 405 760 811 417 0 631 236 781 0 714 910 0 586 0 96 0 666 206 445 433 366 980 563 906 31 220 553 87 0 567 0 386 0 487 954 697 65 0 904 777 0 782 0 242 212 786 0 746 0 818 809 134 0 509 1 0 0 187 0 0 474 546 913 465 202 69 335 0 476 683 0 241 158 820 32 596 0 757 593 522 272 0 865 157 0 925 711 0 0 489 0 0 284 0 998 49 973 0 834 683 0 766 749 634 0 751 516 310 437 968 144 598 568 951 0 312 0 0 0 673 999 342 811 636 396 910 326 949 953 463 998 771 414 839 988 0 709 88 0 960 0 829 315 41 0 0 383 974 0 0 0 68 494 142 497 295 356 496 352 652 401 903 322 142 362 0 286 374 755 455 707 633 897 156 96 172 156 235 4 602 284 0 469 690 589 0 681 470 15 32 144 287 0 371 292 0 0 
658 735 0 0 268 99 0 408 617 0 0 0 88 838 0 441 891 380 357 0 290 792 779 951 214 859 54 0 263 0 962 96 183 320 813 434 993 0 631 0 948 930 849 299 119 112 524 24 993 0 334 0 238 0 555 305 608 0 962 240 787 895 145 514 27 0 96 418 964 38 53 569 316 422 534 790 0 441 614 362 894 0 805 847 0 746 186 0 797 658 5 752 420 583 490 0 140 460 675 0 954 253 777 0 936 0 110 422 283 524 0 421 146 0 180 875 870 463 330 748 736 619 864 774 971 558 416 540 314 280 36 0 0 780 0 489 1 51 371 750 373 285 0 0 332 357 824 255 882 286 0 729 674 854 164 115 268 836 875 0 785 67 808 253 0 147 155 0 55 229 0 0 236 0 956 641 240 0 0 376 31 0 412 619 52 0 116 458 764 384 0 18 0 624 0 316 302 619 308 0 283 346 779 873 760 859 68 721 261 535 0 525 391 957 709 353 85 373 0 585 0 0 284 207 0 813 37 0 773 0 909 
437 94 431 283 760 981 0 0 476 899 49 974 564 210 119 711 84 831 231 0 2 456 792 556 0 0 0 149 615 0 0 0 961 61 840 0 832 230 236 948 0 781 766 0 790 0 851 901 359 476 0 44 771 106 180 362 590 603 503 747 184 0 683 812 354 323 0 876 292 1 237 0 706 770 150 671 471 279 168 0 0 817 0 917 0 625 576 387 352 0 995 991 0 284 663 0 618 456 865 235 628 889 360 620 367 0 883 0 787 970 159 304 806 0 942 873 332 0 765 430 375 0 0 0 941 512 488 654 287 146 855 0 826 943 269 0 0 787 804 558 272 549 0 872 291 392 74 527 773 606 454 19 117 644 838 533 0 321 979 496 349 0 5 0 396 330 436 82 537 486 212 0 0 614 739 104 347 0 747 98 0 973 706 0 451 544 0 811 498 0 253 0 694 477 984 0 854 805 598 236 0 13 980 0 746 419 71 307 698 0 770 487 759 0 811 550 819 911 817 226 853 350 493 620 523 843 912 108 929 0 24 
584 434 696 362 24 65 686 985 482 836 872 35 0 706 365 331 826 870 166 0 0 348 950 0 364 115 0 845 651 120 362 0 82 645 63 698 0 0 781 930 781 0 261 0 473 0 891 495 0 926 948 234 364 0 0 835 0 0 437 563 936 0 840 140 650 833 0 928 657 240 957 426 662 795 475 794 810 0 924 316 176 618 0 359 0 904 699 287 0 144 335 462 218 983 0 0 361 0 0 47 65 431 0 195 539 452 731 198 820 0 0 0 772 949 0 0 42 795 582 925 67 573 44 958 668 171 409 240 126 561 0 626 162 356 65 0 0 0 986 0 566 718 226 227 576 921 140 519 341 277 300 0 447 380 756 674 0 972 930 163 144 278 0 634 0 365 49 214 777 248 0 23 0 742 769 738 912 0 758 324 185 0 0 337 0 138 230 576 970 77 158 0 979 323 628 0 0 0 643 928 91 315 857 903 64 941 0 516 931 41 579 947 0 274 248 960 249 104 0 628 315 701 110 307 96 451 329 816 0 425 487 
569 147 0 536 214 140 0 214 0 490 544 335 431 212 388 0 20 277 899 0 801 0 888 31 879 0 0 801 298 137 775 601 0 428 335 585 0 0 0 849 766 261 0 641 476 955 0 836 466 26 91 717 829 85 0 760 154 129 895 286 547 287 220 545 634 770 787 91 150 247 132 445 665 0 722 807 57 290 312 0 169 582 36 420 296 485 176 47 688 313 815 246 424 0 107 231 900 705 831 39 0 395 429 530 302 14 0 583 125 63 110 0 35 370 0 0 388 289 93 0 197 0 431 0 941 172 307 0 283 900 904 776 784 677 0 955 0 968 761 806 0 717 0 782 0 419 0 760 628 0 399 171 320 363 392 0 270 0 752 846 672 0 987 448 632 466 0 0 579 236 0 389 605 0 849 551 886 0 647 562 539 21 267 945 948 0 313 69 757 0 0 617 0 0 610 0 64 33 31 944 896 901 0 224 31 165 952 989 966 631 965 371 538 671 0 147 144 865 311 0 601 243 0 296 194 0 728 0 0 570 921 
801 477 221 863 627 272 46 188 248 731 681 724 683 337 0 0 55 0 0 235 307 797 520 779 119 786 101 834 677 389 824 759 910 0 0 787 291 420 714 299 0 0 641 0 155 386 639 0 646 918 974 0 0 0 119 147 283 906 828 433 162 278 813 70 706 587 0 673 325 42 358 538 427 488 848 939 0 125 485 509 615 983 810 64 148 934 65 981 968 0 163 0 354 315 965 403 116 751 174 0 605 958 552 996 5 960 884 529 252 0 565 838 603 349 200 576 276 430 36 746 0 365 440 388 660 785 553 753 111 17 643 921 0 498 850 0 433 353 605 775 290 149 376 0 0 0 365 963 168 781 850 953 490 365 575 144 185 310 593 0 965 707 970 238 721 757 632 163 0 861 297 658 824 0 932 0 348 24 0 119 0 491 840 0 0 903 974 662 126 427 406 942 0 706 811 454 559 160 382 22 367 821 0 0 315 0 477 288 563 352 925 76 318 0 796 37 265 942 787 579 48 0 785 0 137 62 0 50 541 0 196 
538 819 795 338 0 170 287 320 0 95 780 173 663 176 173 459 765 0 791 0 0 543 0 0 580 403 0 728 153 787 0 219 755 839 64 573 0 808 910 119 790 473 476 155 0 609 964 663 5 721 326 369 755 0 0 844 617 598 0 183 37 612 0 147 113 768 155 363 0 368 981 155 0 467 39 842 198 514 183 0 375 171 282 0 343 69 636 61 918 624 225 972 0 0 862 857 777 0 115 356 23 0 541 971 724 262 130 664 249 20 578 0 825 229 893 994 0 49 0 294 432 679 455 0 656 0 378 0 862 0 849 316 0 870 563 139 845 162 494 558 91 0 590 86 10 0 37 0 0 413 395 0 625 765 275 360 290 969 841 656 0 0 21 252 0 0 467 513 362 157 442 598 642 525 0 427 0 752 884 749 0 595 755 85 109 531 303 0 223 389 99 0 97 223 0 348 707 0 0 334 787 447 843 631 76 0 683 62 235 116 738 0 612 955 894 899 493 315 993 0 423 374 0 129 706 0 941 0 0 970 585 
803 0 0 984 614 151 274 0 0 803 730 696 808 6 982 0 396 564 981 0 264 255 188 689 349 147 0 1 835 223 812 238 332 640 0 0 132 661 0 112 0 0 955 386 609 0 0 0 62 987 428 50 331 561 159 921 245 0 503 123 0 0 9 743 0 0 0 685 327 0 579 752 452 121 906 683 494 0 575 828 0 694 702 0 622 0 0 182 0 0 0 576 120 132 0 671 530 0 0 54 823 171 0 405 0 0 0 505 0 74 321 844 84 275 345 0 0 690 758 0 907 765 751 0 0 705 202 461 0 0 763 139 115 0 0 673 51 222 475 172 0 0 591 0 0 0 537 789 839 689 686 111 166 0 653 143 0 0 0 487 197 415 670 133 0 290 513 507 158 408 582 250 821 980 62 704 852 0 320 419 399 156 339 352 0 257 0 0 0 911 554 568 639 0 709 256 0 603 0 143 925 11 352 841 86 336 134 744 917 0 422 712 926 0 444 130 316 602 0 0 978 592 0 0 380 0 0 610 669 40 251 
356 625 753 31 0 674 197 0 0 190 0 553 426 355 981 703 547 151 0 885 489 177 840 460 660 559 369 686 0 563 99 101 384 968 177 860 57 451 586 524 851 891 0 639 964 0 0 527 0 0 871 0 794 699 878 842 351 35 645 461 305 643 764 434 164 404 600 123 0 0 498 28 0 301 601 585 771 615 821 349 844 0 638 545 485 0 0 58 736 672 430 196 0 872 598 0 204 870 206 964 684 750 659 599 0 0 0 297 823 989 755 459 432 702 708 810 763 343 0 950 0 745 0 85 0 12 869 389 987 0 410 64 876 0 286 586 673 878 343 0 793 417 888 256 614 554 617 148 66 0 154 159 546 125 632 916 0 960 982 460 47 935 531 760 433 0 334 0 687 376 846 823 450 0 580 918 424 421 44 347 621 840 43 0 597 634 0 0 195 289 0 0 0 889 583 656 70 306 151 492 152 351 0 403 0 0 972 251 74 725 256 0 174 434 0 183 0 526 257 119 250 401 58 870 421 0 823 960 644 651 200 
611 0 429 0 163 575 759 175 722 380 109 512 804 24 781 609 5 326 53 619 4 926 223 341 768 0 526 692 421 614 624 355 0 0 757 0 707 747 0 24 901 495 836 0 663 0 527 0 365 0 299 91 34 161 196 519 812 26 0 411 666 0 218 0 70 783 647 886 980 704 673 96 0 0 296 587 768 706 314 0 211 535 402 235 38 390 168 589 978 288 442 658 610 10 673 601 0 889 0 0 72 984 0 438 298 19 287 889 16 617 63 639 475 0 683 175 155 440 0 0 742 499 0 651 0 0 167 476 896 376 450 0 231 204 199 734 3 578 0 257 0 0 0 416 243 551 616 226 81 865 353 0 128 498 0 206 642 884 0 446 349 0 433 943 381 0 602 611 92 32 467 703 26 710 150 447 201 448 813 470 564 959 315 362 495 544 0 0 0 961 601 973 720 537 277 0 990 0 0 204 313 588 216 565 119 284 576 415 676 0 970 698 0 315 0 640 0 0 0 0 489 0 686 0 0 323 553 138 740 293 0 
0 406 0 894 100 0 763 624 644 0 0 355 0 0 640 0 131 473 0 549 653 218 0 0 0 0 650 0 0 0 535 198 690 4 0 26 826 0 96 993 359 0 466 646 5 62 0 365 0 907 81 0 42 748 0 483 0 0 111 689 795 200 0 0 262 0 833 773 927 122 660 872 395 117 559 324 890 825 737 195 327 509 391 544 501 0 259 390 237 0 462 0 0 0 834 400 950 430 771 610 808 278 79 0 917 331 93 126 346 882 0 0 656 971 542 389 254 0 0 647 871 0 861 0 982 0 0 82 376 0 146 856 864 880 137 814 453 498 193 0 532 0 0 861 612 433 919 303 679 0 495 793 912 337 0 512 795 218 991 639 38 433 379 491 791 0 546 646 0 843 643 0 555 4 755 668 85 0 36 0 0 561 907 0 306 0 469 530 941 824 625 304 640 480 347 697 0 466 0 401 933 0 582 0 112 588 703 0 0 63 682 0 418 158 397 0 955 0 707 739 482 292 123 803 365 836 285 11 0 893 601 
0 204 996 879 0 549 650 54 359 8 437 565 72 0 182 68 658 0 709 0 796 224 939 360 647 0 965 0 378 766 69 41 0 189 0 0 858 329 0 0 476 926 26 918 721 987 0 0 907 0 740 630 806 0 0 513 189 58 574 648 0 252 504 324 458 357 0 238 638 766 885 52 991 480 267 970 0 0 180 566 110 0 666 0 667 543 0 0 764 796 508 503 0 725 0 223 403 0 0 833 989 0 720 789 0 271 0 200 286 854 0 0 0 734 0 989 0 662 253 624 0 507 55 0 791 493 922 717 220 107 645 231 247 165 0 320 0 444 513 133 316 0 122 387 944 394 706 833 688 673 164 515 407 0 728 235 385 589 933 0 557 0 881 0 735 599 0 270 800 378 0 0 788 267 313 775 0 0 373 868 0 123 0 922 365 125 361 345 0 0 0 59 92 982 14 112 932 0 788 508 232 0 735 0 473 744 0 791 346 407 481 0 13 294 0 0 0 906 10 768 651 225 782 0 0 0 839 218 117 0 23 
