0 91 935 323 888 439 995 880 279 0 997 156 461 364 616 0 0 368 0 517 61 695 209 613 970 872 874 908 687 16 0 0 928 0 157 989 238 894 0 0 386 905 0 0 885 606 288 469 786 630 563 211 0 544 667 78 439 746 858 0 0 0 0 0 1 79 0 329 129 317 776 758 69 945 385 623 588 0 953 583 0 996 0 239 251 204 769 609 966 810 49 115 0 875 354 656 0 302 105 334 782 607 826 332 310 0 964 531 849 50 77 0 305 0 516 278 287 654 322 328 0 364 970 612 828 0 0 352 343 592 170 318 360 0 231 342 754 0 424 404 0 189 0 203 0 0 283 563 0 0 845 0 141 0 789 0 503 900 640 51 179 0 972 247 529 0 36 0 707 994 591 190 674 282 282 518 623 808 0 0 0 0 448 0 587 844 614 548 731 883 539 0 0 0 931 797 0 680 490 568 635 900 0 66 0 467 82 225 21 20 0 0 39 703 592 0 575 238 340 981 1 149 0 0 500 0 805 0 686 658 0 417 696 143 375 972 272 649 404 471 494 31 815 0 258 216 559 0 0 205 46 555 272 0 861 0 152 0 159 
91 0 312 0 389 167 722 192 711 278 401 0 0 299 216 102 890 0 701 189 794 163 681 442 112 0 986 689 75 253 104 44 141 929 0 144 94 405 288 0 0 829 464 175 266 649 449 3 855 795 756 530 730 832 67 256 574 0 0 0 0 129 645 353 465 0 255 0 0 83 61 0 552 954 0 487 0 981 0 657 729 133 363 704 749 825 288 0 0 343 920 374 0 405 411 232 617 543 655 6 476 580 413 340 0 943 578 18 104 0 453 0 600 170 640 229 292 234 0 732 0 165 0 854 104 663 818 5 500 0 332 682 929 832 996 0 0 266 437 277 194 0 0 0 0 0 387 356 567 671 0 340 774 767 0 73 303 0 0 228 0 518 683 410 672 315 0 262 0 996 717 0 0 372 914 30 0 660 882 0 765 101 0 203 953 825 654 519 0 0 641 728 0 278 0 273 948 0 730 187 0 0 709 288 297 718 815 0 143 0 430 821 982 604 717 235 111 0 0 447 0 588 278 847 637 782 1 182 61 954 788 0 168 0 909 0 113 0 309 0 165 392 366 204 197 32 0 780 528 200 183 851 647 346 0 889 857 114 406 
935 312 0 356 670 611 780 766 511 313 0 511 861 193 15 196 209 809 0 933 542 715 409 324 0 537 140 191 188 356 611 0 230 542 833 411 923 651 640 730 185 900 0 109 826 696 88 27 0 396 756 0 0 850 328 759 514 256 516 739 702 790 572 879 306 975 0 0 0 732 0 0 0 567 207 976 358 46 0 446 0 219 0 0 0 0 991 152 336 0 232 361 0 611 0 258 0 561 124 158 492 114 887 607 0 663 224 0 368 600 11 722 0 541 95 0 0 101 0 878 68 736 906 458 265 471 0 0 0 186 967 212 602 556 754 428 0 822 507 978 742 0 558 0 331 0 0 948 768 543 766 961 0 0 241 494 302 0 897 716 386 467 162 936 986 0 0 346 53 0 379 516 382 0 392 742 855 515 486 951 826 0 0 0 536 986 755 529 130 31 998 778 344 349 0 196 666 670 0 0 915 0 698 838 0 883 947 631 310 0 0 595 87 0 726 0 206 640 360 651 873 970 464 103 709 387 0 0 687 982 91 307 871 0 214 661 0 237 589 461 0 3 650 135 1 407 87 644 65 872 322 0 0 174 32 0 0 559 133 
323 0 356 0 0 941 0 487 156 0 202 956 40 578 78 0 0 0 268 909 367 866 189 802 672 213 353 700 0 114 295 332 636 18 0 0 935 0 0 721 263 548 8 477 823 991 0 0 820 0 436 0 778 903 930 208 791 503 0 674 0 452 997 478 765 270 0 732 0 728 33 453 742 983 412 158 508 927 539 408 0 842 652 550 552 0 193 574 0 946 431 0 184 261 710 464 270 581 696 823 0 0 0 836 265 845 934 347 547 488 472 0 0 0 650 387 302 0 701 405 28 0 0 0 889 0 24 712 0 0 0 947 647 848 503 351 655 847 0 626 709 0 656 327 0 551 714 52 65 359 515 0 910 304 189 632 568 345 778 317 20 963 334 289 925 776 0 96 0 0 0 420 765 17 0 0 0 303 343 0 417 117 33 478 774 674 936 930 667 695 0 0 0 335 851 218 330 384 325 313 952 287 580 650 793 203 95 351 32 920 0 63 0 666 810 465 228 0 896 781 371 434 507 0 742 866 671 459 0 0 418 686 782 818 0 429 260 972 956 966 872 39 300 970 902 408 499 699 370 15 0 969 182 0 654 945 0 678 127 
888 389 670 0 0 370 260 304 960 128 708 0 379 0 240 0 679 334 61 92 0 313 146 277 0 66 284 85 0 317 899 260 0 79 0 233 237 757 0 583 93 0 512 0 194 200 574 34 0 350 949 0 4 0 480 521 762 467 986 0 296 500 179 238 384 565 723 897 979 727 265 144 78 0 849 0 996 947 710 0 135 698 901 0 334 220 691 0 101 0 745 0 548 207 827 483 236 637 0 907 303 298 855 0 520 518 731 554 210 382 400 888 384 137 750 661 590 315 179 889 591 817 241 46 107 0 0 0 160 0 24 606 653 785 0 0 0 569 193 522 571 396 408 0 650 0 148 925 623 576 270 59 951 165 910 978 100 543 339 0 549 662 0 0 0 589 960 0 828 8 870 905 768 542 444 0 484 0 524 466 929 246 513 414 761 440 20 293 0 867 315 375 278 451 689 876 0 191 240 322 906 288 316 990 679 0 927 424 644 656 852 746 0 294 138 247 88 105 0 293 0 326 312 0 0 762 634 19 159 639 338 36 43 935 728 0 137 644 909 831 285 0 173 0 13 175 884 26 881 737 265 691 56 4 322 0 803 10 122 
439 167 611 941 370 0 672 431 36 480 0 100 0 290 96 798 0 772 400 822 421 548 758 854 927 0 0 826 7 570 184 87 0 673 573 4 0 703 450 988 0 20 457 0 768 525 212 0 766 331 646 574 521 78 0 967 881 763 350 305 0 891 0 436 911 692 0 0 152 665 88 73 178 0 34 201 615 968 0 625 361 0 0 0 533 820 907 0 0 710 0 122 182 40 0 0 403 0 853 366 176 937 608 601 0 509 610 582 74 0 0 769 285 772 767 0 596 438 161 0 914 611 152 269 303 575 0 347 340 719 781 759 0 943 0 181 603 80 919 0 426 988 426 29 0 92 760 117 0 411 224 521 365 146 0 0 822 736 733 0 516 0 941 734 0 0 413 0 718 0 178 144 392 114 0 552 462 0 968 182 0 310 0 913 336 191 908 222 658 832 581 928 0 297 2 409 190 288 811 0 224 879 690 538 922 298 981 222 0 700 566 929 8 769 540 23 377 133 875 716 76 806 520 452 768 0 0 107 683 0 0 162 629 0 0 842 713 0 897 575 0 885 974 0 62 289 988 999 272 0 883 158 93 0 13 480 360 793 726 
995 722 780 0 260 672 0 138 804 0 792 850 831 200 372 513 947 332 508 699 0 193 416 587 80 46 145 293 940 0 18 808 177 848 882 715 0 414 0 564 0 0 0 527 639 0 858 360 11 0 834 793 376 972 329 770 468 940 319 0 403 0 109 275 806 778 915 0 549 0 456 343 636 558 569 496 150 607 573 4 473 1 38 107 569 0 0 175 609 31 309 0 0 0 90 0 906 834 668 0 798 0 890 717 637 15 47 846 956 865 0 623 571 405 375 37 0 0 0 12 78 298 0 0 0 326 827 0 815 541 68 117 0 805 840 397 0 0 0 845 928 998 0 907 0 255 544 526 217 0 0 880 0 647 396 167 902 700 228 931 0 499 0 791 261 898 758 444 733 374 71 158 461 0 431 452 457 227 403 719 950 171 994 957 809 726 0 484 0 131 308 472 0 247 0 0 0 0 31 186 649 387 0 779 631 363 0 0 553 911 899 451 380 593 146 0 944 840 749 0 571 0 0 0 0 329 62 863 93 0 431 311 626 127 151 0 506 856 83 207 669 40 220 226 743 0 113 867 784 325 364 0 182 0 276 0 0 0 821 
880 192 766 487 304 431 138 0 970 149 574 374 177 146 0 855 8 622 0 607 0 807 640 0 0 671 0 0 0 398 705 755 0 269 954 840 0 38 0 900 373 623 903 0 688 819 0 366 509 681 0 0 56 509 204 281 227 923 490 331 683 0 425 0 380 927 910 697 526 754 105 15 410 209 530 634 303 0 0 513 564 0 650 77 276 0 422 458 462 174 206 356 0 0 0 342 0 0 166 587 943 475 618 670 139 0 939 0 0 709 943 733 735 0 406 166 0 551 0 644 529 119 409 91 982 20 850 0 204 429 162 206 427 188 0 313 0 0 924 315 622 432 593 290 315 976 0 753 0 784 35 0 441 342 295 0 107 47 955 514 694 989 444 799 607 337 928 0 0 309 942 0 223 635 637 237 748 714 0 657 0 0 0 906 854 532 732 695 826 376 599 189 0 415 625 703 408 0 406 122 476 23 853 364 237 663 507 0 242 987 37 0 342 647 255 446 363 239 135 941 534 0 0 722 39 761 38 0 94 142 675 0 0 0 475 0 288 482 16 247 0 873 372 415 319 668 61 0 70 279 899 0 118 0 508 475 0 639 263 
279 711 511 156 960 36 804 970 0 941 0 673 994 522 51 304 887 34 810 989 23 0 0 596 0 0 841 182 0 292 0 825 610 807 494 399 122 239 0 22 891 302 744 469 915 0 0 0 579 849 0 0 755 328 0 6 0 222 420 0 0 899 39 582 702 996 182 889 0 989 0 621 0 416 21 114 887 88 703 751 833 0 0 355 0 229 776 229 928 111 560 270 294 410 0 136 489 756 190 0 522 0 222 609 0 178 0 37 726 0 732 308 535 693 174 381 848 142 192 415 221 666 397 736 445 578 777 0 509 335 333 464 450 0 514 90 116 0 0 0 910 120 319 0 794 840 822 78 149 57 572 875 325 698 230 851 747 302 429 511 490 0 515 0 0 0 0 794 430 605 87 155 0 973 827 867 798 236 842 71 155 58 0 928 0 0 281 82 779 33 0 249 0 554 0 854 772 278 383 34 947 349 0 0 565 0 986 0 368 0 111 0 8 0 806 906 816 292 131 704 981 189 0 99 447 992 443 717 865 0 116 692 0 273 0 736 240 452 807 772 309 46 988 686 777 452 0 0 860 192 22 0 849 376 231 0 0 801 964 
0 278 313 0 128 480 0 149 941 0 0 569 616 20 958 0 685 566 849 665 917 959 217 0 585 586 0 936 0 0 460 134 815 0 252 635 0 66 249 941 221 864 59 581 0 763 0 205 312 684 691 259 466 714 315 265 531 925 0 214 144 523 0 948 336 801 785 187 0 311 263 606 167 599 632 487 776 253 78 0 0 167 680 0 488 439 0 371 0 956 100 331 0 634 804 968 220 225 0 551 496 72 772 362 840 939 830 872 450 566 187 0 596 745 866 128 263 944 784 0 385 505 28 325 254 942 278 899 835 808 0 207 0 0 385 398 314 886 0 397 805 0 480 937 957 307 292 109 394 377 830 734 0 565 750 165 705 0 0 999 497 561 12 933 767 275 609 912 0 176 83 742 912 624 575 153 151 419 0 859 298 852 0 280 414 0 0 800 0 891 421 300 0 679 977 424 253 793 520 0 333 0 584 896 473 0 499 0 301 101 440 0 720 0 0 64 772 842 560 52 105 66 899 778 118 593 149 934 128 478 819 624 662 812 30 425 0 715 0 392 0 0 632 693 172 804 206 0 713 987 939 0 0 936 497 530 469 62 25 
997 401 0 202 708 0 792 574 0 0 0 876 0 946 568 701 0 407 772 431 974 0 0 0 0 586 962 0 660 28 981 803 982 353 644 0 9 910 933 171 0 445 1 416 0 0 207 0 163 773 240 0 184 0 649 823 208 804 778 0 744 0 832 660 0 174 686 570 350 0 350 326 0 825 685 627 783 105 224 754 0 91 307 299 557 825 0 609 532 0 0 85 884 358 566 944 844 0 794 191 0 195 428 0 899 0 0 0 0 472 693 238 393 540 0 0 218 0 135 197 861 891 770 651 568 0 0 214 0 413 22 917 900 0 523 481 553 235 0 764 784 5 998 440 266 831 959 0 365 153 184 781 603 578 401 208 105 956 177 754 720 640 0 0 573 539 954 395 744 0 307 802 348 168 734 0 805 437 610 821 973 253 844 923 706 919 307 0 757 0 0 11 280 0 55 0 963 0 151 583 131 0 0 778 855 598 209 752 426 369 0 480 711 417 317 421 820 8 963 0 743 166 126 0 805 158 239 676 0 40 0 0 370 527 610 466 58 754 971 0 400 0 0 0 0 823 620 0 0 841 136 533 972 0 0 0 535 773 299 
156 0 511 956 0 100 850 374 673 569 876 0 960 974 0 249 102 693 719 29 286 26 0 0 178 476 374 0 34 0 414 0 204 0 0 14 0 31 191 0 522 188 102 132 32 149 844 9 318 558 948 0 904 125 83 833 230 0 302 141 0 136 269 550 518 51 0 0 823 436 414 923 426 514 494 711 606 0 857 281 81 886 0 161 178 792 489 538 992 0 0 355 0 23 60 955 181 0 504 0 685 572 773 118 250 681 661 607 0 119 0 988 0 254 166 771 174 211 0 59 155 234 833 684 153 58 970 190 962 240 845 974 0 146 817 0 718 0 562 216 438 380 350 0 662 8 576 632 170 463 256 312 0 872 937 963 40 716 211 0 15 247 0 340 864 864 429 0 148 144 144 59 0 228 573 0 337 667 850 0 628 414 893 95 0 743 267 0 825 560 0 492 60 150 196 27 256 483 590 0 363 625 289 802 0 431 110 126 848 986 932 0 0 769 392 378 0 25 844 7 59 131 567 113 764 723 77 0 756 706 658 27 388 223 0 317 414 0 4 525 421 573 0 963 0 962 811 0 731 120 0 912 18 307 997 920 461 109 471 
461 0 861 40 379 0 831 177 994 616 0 960 0 840 709 0 527 461 0 0 805 549 888 842 207 661 199 213 732 0 984 105 463 256 745 550 989 0 530 949 0 0 71 0 468 504 233 314 735 17 757 740 560 588 877 320 412 394 428 0 723 0 0 449 165 414 0 686 626 162 47 806 968 406 225 304 389 122 0 949 912 69 27 27 303 115 40 43 782 992 396 0 886 0 955 552 477 898 0 744 356 559 724 73 590 0 968 622 564 79 315 998 67 0 557 284 185 185 61 336 642 806 653 471 956 651 361 147 78 0 294 958 229 192 0 349 632 85 0 47 499 523 105 444 834 97 800 302 513 305 116 483 896 26 26 863 583 674 304 127 95 619 664 353 381 724 786 584 161 577 137 0 0 0 454 567 189 0 0 56 134 41 43 0 983 0 759 449 726 919 780 0 606 843 667 656 903 90 43 167 636 0 155 129 255 0 643 35 104 799 0 35 0 8 443 0 715 598 617 0 104 106 335 50 851 45 10 0 73 0 670 709 488 964 0 183 583 158 0 72 0 686 447 0 0 100 0 883 716 767 321 621 0 219 359 45 615 835 0 
364 299 193 578 0 290 200 146 522 20 946 974 840 0 392 0 0 817 857 173 39 0 718 190 667 566 828 0 387 0 793 0 70 537 4 310 0 214 411 708 0 268 0 373 906 699 755 312 0 39 0 873 504 863 0 153 893 302 628 675 797 394 275 591 0 0 559 772 742 909 0 0 0 400 0 145 478 0 967 58 736 198 497 0 0 107 176 569 739 204 336 0 565 304 166 0 97 841 574 823 0 290 256 0 43 289 23 306 605 416 852 0 769 526 856 0 0 337 0 0 240 0 7 21 462 866 462 0 697 510 279 716 368 962 452 554 421 927 0 809 0 0 742 0 175 462 519 0 433 6 772 0 224 0 0 874 0 910 366 789 231 0 550 644 222 282 141 784 0 14 0 453 210 658 324 0 511 237 571 481 0 340 526 591 293 570 239 661 219 450 161 0 142 645 0 320 14 888 736 0 0 975 326 0 12 320 293 0 172 557 714 0 100 577 0 0 229 667 941 377 451 728 303 955 374 659 857 554 0 0 527 341 372 676 147 0 187 738 420 713 795 0 0 558 762 0 0 944 834 494 379 0 195 736 243 272 92 4 965 
616 216 15 78 240 96 372 0 51 958 568 0 709 392 0 0 574 303 0 712 0 495 688 952 548 264 696 257 372 939 463 651 0 381 227 746 906 521 0 458 0 173 877 0 445 0 452 490 967 665 693 234 747 376 592 31 514 0 283 107 0 360 893 174 220 658 835 396 281 220 0 0 730 321 434 57 0 960 159 457 17 417 744 0 0 565 935 503 283 0 974 834 0 150 889 0 784 842 623 0 54 145 0 834 757 496 242 586 0 0 709 419 0 0 871 456 688 0 535 284 450 0 853 459 0 310 0 0 935 0 864 358 938 0 298 57 165 992 0 616 868 309 592 186 966 0 334 483 233 33 399 0 919 973 87 584 288 761 0 0 150 916 668 743 612 978 152 372 0 552 0 553 0 691 991 827 0 603 191 342 996 220 0 870 694 266 0 0 132 240 692 403 302 944 50 795 808 713 752 0 650 49 352 582 790 463 186 26 0 162 0 590 711 647 702 14 0 21 605 873 727 0 606 60 307 435 390 157 839 484 248 928 847 584 312 46 126 473 939 972 895 0 900 166 767 0 0 272 381 468 386 329 87 874 615 515 717 522 516 
0 102 196 0 0 798 513 855 304 0 701 249 0 0 0 0 494 123 579 8 940 583 0 109 633 293 0 0 726 249 950 0 200 722 131 808 195 0 0 935 926 700 990 969 546 0 570 408 881 38 0 110 0 196 923 505 0 363 357 333 0 405 188 406 790 102 995 619 0 0 311 566 838 4 514 134 202 0 606 901 481 826 682 0 244 561 689 674 696 93 481 173 92 647 0 0 632 355 308 387 572 162 613 318 211 0 762 136 278 655 983 0 473 635 215 0 665 377 727 0 359 609 900 0 850 711 927 513 0 0 270 719 0 222 40 0 218 852 267 520 126 721 879 827 731 218 230 291 122 499 687 314 295 898 7 15 266 71 30 776 854 0 488 471 0 417 139 217 0 0 561 212 317 433 0 174 984 727 689 0 687 0 625 422 897 499 413 102 194 134 672 878 721 810 78 606 0 588 425 983 686 504 0 669 968 576 732 219 346 802 215 945 939 122 4 501 920 965 130 646 468 628 371 677 697 666 97 48 87 757 403 529 814 0 396 673 829 0 334 0 836 755 952 0 0 872 0 247 466 620 866 471 623 475 308 182 0 387 133 
0 890 209 0 679 0 947 8 887 685 0 102 527 0 574 494 0 505 246 155 114 788 0 597 258 588 0 721 460 706 0 0 49 788 0 849 0 131 0 469 84 257 518 0 337 704 392 982 702 895 869 968 237 200 518 248 0 942 706 857 0 8 486 610 0 236 27 769 355 0 0 0 146 674 340 367 562 912 562 759 583 985 978 114 0 0 553 145 0 204 0 904 0 182 0 954 9 44 149 281 0 0 0 433 867 22 0 47 535 93 457 78 0 714 275 0 0 617 687 155 713 358 587 781 545 324 0 562 588 400 667 203 196 0 252 811 482 0 25 0 0 0 308 0 917 592 0 0 963 933 743 21 385 655 84 917 0 521 116 67 0 0 15 0 37 533 785 500 932 592 553 0 208 805 971 31 632 385 770 471 661 862 476 0 556 88 2 682 221 668 0 0 0 0 459 386 483 672 0 0 0 923 778 111 878 516 426 147 278 78 0 380 517 26 221 412 276 274 352 183 761 0 952 995 0 48 924 414 3 323 194 340 0 275 0 686 0 0 0 0 0 83 403 485 0 0 929 347 790 0 274 129 826 0 890 266 932 539 17 
368 0 809 0 334 772 332 622 34 566 407 693 461 817 303 123 505 0 509 900 32 217 829 0 193 0 521 29 743 303 855 203 583 368 136 272 420 210 835 0 724 0 971 0 633 645 950 599 0 682 935 79 0 775 816 658 622 620 207 164 473 232 52 0 158 860 0 452 376 988 533 988 367 139 154 450 893 417 370 99 880 578 0 908 402 202 331 492 556 641 0 76 744 950 139 185 0 0 154 217 784 770 28 0 373 288 199 0 892 825 0 0 148 933 897 0 41 963 220 982 618 28 561 0 0 402 971 511 269 0 387 336 333 474 0 48 0 0 542 72 774 0 0 115 954 266 673 981 704 717 882 4 946 906 336 110 942 0 310 43 771 0 728 12 5 269 681 101 168 629 252 751 718 0 0 0 0 53 187 722 878 328 0 542 54 189 403 389 285 0 0 609 0 629 0 131 887 934 741 172 776 585 50 949 0 107 839 0 0 466 441 0 327 782 593 177 505 66 440 539 603 950 0 398 94 713 965 66 15 768 0 160 186 35 712 286 783 600 990 0 958 347 0 347 0 735 980 174 733 564 525 226 280 495 143 24 919 0 720 
0 701 0 268 61 400 508 0 810 849 772 719 0 857 0 579 246 509 0 315 836 249 470 814 506 0 707 260 435 672 973 501 770 200 0 328 0 182 393 750 0 0 0 0 108 469 165 853 710 0 0 0 101 858 0 184 0 0 687 0 0 8 60 679 594 861 102 0 0 0 772 671 682 353 0 55 800 865 0 764 271 0 0 475 846 621 193 0 265 703 291 382 226 0 824 575 571 170 0 463 974 106 0 980 0 0 15 786 800 0 807 323 0 0 612 15 468 853 412 835 316 393 309 271 0 259 872 476 322 606 308 565 0 0 69 12 160 156 0 916 649 62 0 200 0 395 0 157 0 0 700 0 873 417 365 0 0 0 963 0 0 0 42 629 717 0 635 319 546 205 0 996 0 589 0 784 645 982 82 732 0 0 649 0 0 503 101 200 0 749 0 824 904 3 741 0 621 939 997 75 614 487 0 915 0 231 882 95 158 728 914 957 0 728 0 384 699 983 108 104 0 0 0 591 809 567 246 412 824 367 0 775 74 211 833 0 0 93 0 0 796 113 951 693 722 664 453 999 0 404 835 19 0 277 0 0 955 201 338 
517 189 933 909 92 822 699 607 989 665 431 29 0 173 712 8 155 900 315 0 665 801 56 756 0 144 924 590 833 0 568 254 0 45 127 314 854 31 0 265 903 874 58 67 0 279 0 366 886 230 512 359 0 0 0 51 0 445 947 172 597 207 800 43 698 0 636 0 516 0 555 0 962 21 687 0 0 834 852 0 554 0 867 882 324 714 294 544 774 851 0 739 0 153 30 335 0 288 241 0 0 802 497 484 0 0 372 0 457 0 574 195 922 533 807 755 0 0 809 0 248 866 643 940 196 128 0 15 374 976 895 686 0 255 738 376 914 571 0 463 693 864 784 106 525 0 0 0 992 0 489 432 238 0 508 400 755 358 0 668 725 376 0 250 577 920 940 339 823 46 0 714 39 372 983 542 919 593 626 784 218 0 591 612 748 224 981 550 798 362 208 0 737 0 29 835 138 0 748 996 276 943 252 974 67 363 0 745 0 218 849 380 744 0 137 53 0 838 129 421 656 0 527 0 0 0 0 0 78 43 114 653 456 947 0 340 0 261 0 7 321 52 0 717 859 9 685 518 894 654 426 0 0 613 316 908 734 721 801 
61 794 542 367 0 421 0 0 23 917 974 286 805 39 0 940 114 32 836 665 0 707 262 101 681 0 652 0 583 726 563 0 0 658 746 559 7 830 0 98 0 804 0 598 98 53 55 0 991 928 396 0 338 344 448 73 0 936 62 328 332 677 467 518 661 865 149 332 268 68 823 0 416 0 314 0 0 720 425 864 47 190 800 431 326 461 959 0 14 583 258 96 267 43 736 151 0 901 0 952 720 0 154 697 481 223 228 202 484 501 620 57 271 213 770 135 989 257 1 0 594 552 0 0 496 870 97 293 0 356 897 237 393 159 535 662 427 522 876 427 0 0 721 0 0 0 164 15 747 79 509 767 320 0 0 330 164 0 249 903 974 683 194 974 99 671 443 836 995 156 640 0 758 68 978 0 0 50 849 77 762 602 290 158 122 299 0 842 0 467 623 259 0 654 394 623 358 202 619 0 49 19 361 579 0 0 0 0 0 694 199 574 549 608 359 399 254 996 73 892 162 0 16 697 868 0 286 62 187 350 0 744 990 0 0 853 320 219 245 757 0 0 838 151 557 584 0 0 0 821 0 0 335 0 0 696 812 547 565 
695 163 715 866 313 548 193 807 0 959 0 26 549 0 495 583 788 217 249 801 707 0 714 443 230 112 744 79 45 680 218 0 472 138 230 0 0 354 0 454 983 627 287 28 0 38 645 769 55 485 207 754 0 642 636 28 787 346 0 0 270 0 944 0 0 586 757 159 876 429 161 0 37 0 541 370 782 342 981 872 0 332 254 231 192 770 769 0 259 0 149 713 508 820 265 678 348 675 36 87 193 524 962 864 661 28 342 0 622 0 359 749 0 857 171 606 222 0 0 0 544 787 1 894 0 43 569 243 367 344 500 0 851 205 0 228 809 0 424 417 212 1 932 272 629 783 819 0 179 46 532 0 0 729 0 0 17 534 836 487 64 282 582 184 928 0 0 0 39 0 0 0 352 109 293 0 655 661 420 362 305 513 851 530 553 243 0 783 333 0 911 785 737 655 718 946 616 987 919 0 531 579 0 474 19 97 253 0 680 767 348 296 375 0 405 712 354 144 107 590 386 233 892 542 318 117 871 551 959 192 566 900 322 447 848 34 863 886 315 0 766 588 970 0 0 674 159 0 213 288 163 848 140 164 0 0 0 795 373 
209 681 409 189 146 758 416 640 0 217 0 0 888 718 688 0 0 829 470 56 262 714 0 274 690 0 623 415 0 455 799 0 188 0 0 313 238 205 616 447 890 369 46 819 655 72 792 864 752 940 0 925 0 0 980 829 433 94 841 0 751 99 135 959 0 507 0 13 851 329 123 449 402 745 676 0 854 0 0 629 902 519 652 499 459 203 161 760 44 314 66 144 560 521 216 631 395 0 33 378 636 0 121 703 197 0 316 910 0 427 420 426 375 137 0 674 709 723 538 907 485 406 399 890 269 454 137 61 421 234 255 714 40 202 811 349 0 0 203 451 927 129 0 889 0 0 545 693 0 168 376 486 0 80 671 0 140 598 544 797 710 0 715 730 10 32 530 935 107 0 392 0 743 0 411 305 351 0 716 346 514 0 713 185 0 0 561 459 0 643 373 771 0 0 502 336 78 0 116 0 910 859 727 943 0 0 989 484 0 553 810 895 0 909 0 635 0 313 262 0 767 628 802 19 0 839 667 831 0 0 0 0 288 71 75 900 28 0 474 660 0 547 863 781 713 974 82 0 313 828 653 0 0 558 0 905 814 530 0 
613 442 324 802 277 854 587 0 596 0 0 0 842 190 952 109 597 0 814 756 101 443 274 0 905 951 0 304 21 534 372 443 96 676 708 0 656 544 0 159 424 3 553 775 7 215 379 971 669 587 0 391 959 0 842 32 7 77 887 0 714 458 686 512 659 0 41 0 612 613 128 226 0 0 0 868 151 99 0 0 0 904 0 494 0 165 0 335 0 578 0 169 156 354 0 355 0 29 0 659 310 727 0 900 61 323 841 720 465 0 749 0 0 187 0 3 703 0 0 117 24 986 635 0 0 339 361 495 744 371 0 59 818 360 0 545 0 0 878 886 0 0 973 0 455 142 0 591 384 0 132 0 0 472 823 291 691 75 884 776 488 137 0 0 753 632 741 0 262 0 234 524 0 0 0 0 0 537 554 466 825 494 796 0 719 913 280 0 0 820 227 155 849 294 776 367 0 4 0 988 35 96 621 422 104 666 934 765 0 809 674 960 293 876 349 458 573 0 416 0 932 582 991 561 990 687 0 51 159 746 265 641 0 827 793 97 570 946 100 360 422 66 0 620 909 717 0 67 172 799 0 614 0 0 955 0 192 807 0 
970 112 0 672 0 927 80 0 0 585 0 178 207 667 548 633 258 193 506 0 681 230 690 905 0 935 295 984 249 169 544 603 817 0 698 309 0 207 529 676 454 581 0 0 886 211 781 522 353 793 722 84 340 0 0 0 719 96 0 797 12 295 558 77 266 601 434 275 337 819 220 675 0 0 0 853 0 724 563 828 461 954 471 600 0 140 117 0 660 37 788 292 0 368 651 36 311 761 84 439 0 272 0 0 361 145 0 0 59 301 0 0 987 0 436 147 267 417 613 927 928 0 21 499 0 858 25 736 654 891 158 26 0 822 426 834 287 0 0 379 0 456 0 344 811 947 472 0 174 787 946 0 584 496 881 594 0 219 0 380 875 0 0 493 14 0 0 168 0 223 819 0 189 321 0 434 360 23 409 158 218 0 232 225 0 691 0 0 0 411 564 155 863 0 0 0 0 910 443 0 677 918 0 687 491 732 332 436 679 396 0 0 715 676 363 866 0 494 0 895 73 0 818 309 0 710 840 0 564 0 0 611 0 0 313 0 972 0 0 120 0 0 813 0 493 849 14 0 0 0 885 670 452 923 561 65 199 83 0 
872 0 537 213 66 0 46 671 0 586 586 476 661 566 264 293 588 0 0 144 0 112 0 951 935 0 0 794 96 665 966 443 0 332 879 747 886 830 834 0 495 376 756 708 988 882 809 844 360 720 603 0 906 997 0 463 732 505 496 0 0 251 484 438 932 776 0 472 883 867 66 62 0 920 667 833 49 493 655 684 53 786 682 0 895 598 0 883 972 579 795 0 498 456 524 389 472 460 24 0 316 380 423 0 0 0 653 426 446 523 451 0 731 625 927 0 896 922 790 361 785 709 331 0 494 0 942 0 363 365 0 532 863 90 0 508 0 737 844 756 633 0 682 927 0 0 270 0 402 551 340 97 995 216 0 834 0 608 926 179 913 184 648 660 635 893 94 812 0 0 0 192 703 0 0 106 0 84 25 116 289 949 0 724 727 124 959 378 980 529 86 883 644 519 809 284 0 170 0 16 518 947 932 889 508 348 913 568 643 871 496 41 477 687 819 484 581 610 65 473 581 268 340 872 681 0 224 222 0 668 0 0 817 371 63 843 235 489 957 749 0 0 0 0 121 40 517 486 0 661 0 59 109 539 0 489 867 0 0 
874 986 140 353 284 0 145 0 841 0 962 374 199 828 696 0 0 521 707 924 652 744 623 0 295 0 0 231 265 409 241 105 381 360 0 723 429 181 360 473 415 0 304 0 0 388 646 0 39 613 296 217 842 8 737 164 149 978 0 0 0 391 0 914 935 218 614 800 615 786 587 0 470 0 67 27 0 635 142 0 617 0 482 467 0 39 738 11 246 0 404 906 247 0 0 413 386 145 68 57 224 527 0 123 0 318 0 0 93 645 0 331 0 311 0 64 984 0 980 0 812 833 14 763 561 0 801 140 338 724 10 87 263 768 820 233 0 612 361 58 633 971 0 0 924 0 855 573 366 192 768 0 297 268 0 149 0 0 421 0 558 447 772 582 59 186 461 431 37 0 731 299 728 41 487 267 0 791 0 942 198 840 234 477 642 923 531 970 919 844 371 601 869 0 514 0 452 502 953 407 0 222 0 0 196 545 942 0 138 442 411 0 399 751 0 11 491 440 0 0 298 593 945 611 35 958 809 0 257 0 174 343 0 882 7 514 284 0 788 603 931 0 0 909 678 189 155 350 144 195 0 803 336 540 328 98 330 530 0 
908 689 191 700 85 826 293 0 182 936 0 0 213 0 257 0 721 29 260 590 0 79 415 304 984 794 231 0 0 476 0 303 856 0 59 188 970 0 0 363 947 144 521 0 736 0 932 0 477 971 736 371 58 0 0 453 918 321 469 518 806 0 554 32 0 747 504 723 858 558 279 389 610 843 456 726 465 874 957 0 0 996 613 0 0 576 0 633 176 277 882 0 745 959 880 390 937 65 623 559 452 248 472 981 966 534 0 907 544 0 360 194 43 0 510 752 325 293 120 466 111 323 434 669 362 799 817 126 723 887 0 30 889 636 33 911 505 0 424 29 0 0 829 0 0 974 0 102 870 0 959 0 624 504 347 0 0 813 652 634 248 483 850 607 42 735 201 0 846 0 266 74 0 416 0 914 284 226 0 118 0 379 161 226 690 344 0 785 427 538 559 677 347 0 285 99 474 805 895 900 902 0 2 264 0 967 377 302 236 0 905 0 0 435 187 707 0 677 851 0 917 804 424 470 178 149 260 202 532 77 4 283 0 329 359 0 847 92 520 0 178 268 839 867 0 35 0 745 956 253 0 628 0 0 635 762 270 260 664 
687 75 188 0 0 7 940 0 0 0 660 34 732 387 372 726 460 743 435 833 583 45 0 21 249 96 265 0 0 981 236 834 0 795 169 0 346 730 164 0 812 514 0 84 797 0 743 457 973 0 774 0 858 0 73 938 163 440 930 756 263 626 0 431 344 0 183 0 233 98 50 191 0 232 656 602 516 343 498 228 680 127 0 0 20 335 529 616 626 263 563 649 0 5 901 0 190 0 240 900 950 732 827 707 630 635 0 260 144 571 655 860 302 0 0 903 0 660 346 0 446 0 77 0 902 0 651 356 45 283 894 0 89 0 534 287 433 650 940 12 288 628 794 0 747 399 0 639 0 549 962 0 0 0 147 0 0 0 959 398 0 105 638 115 693 0 131 0 718 26 14 912 570 0 264 359 0 401 605 654 0 881 575 128 91 246 444 0 140 205 0 642 0 977 200 928 917 164 119 324 0 0 0 297 759 0 0 432 0 898 741 603 883 565 597 99 827 0 0 352 950 0 0 932 0 370 951 505 439 0 986 0 44 275 813 424 652 0 424 0 43 673 448 400 427 755 770 358 0 398 932 0 349 249 825 255 0 348 648 
16 253 356 114 317 570 0 398 292 0 28 0 0 0 939 249 706 303 672 0 726 680 455 534 169 665 409 476 981 0 545 0 977 0 0 824 628 236 0 0 540 839 869 0 0 0 794 585 499 595 0 576 0 121 0 952 860 976 479 0 996 257 387 0 450 314 248 0 715 487 992 851 583 0 627 0 398 97 194 285 846 0 573 0 54 471 879 0 709 863 102 0 821 995 87 330 914 0 806 0 403 129 123 615 26 0 520 779 0 0 0 581 0 653 0 320 0 164 171 687 210 622 854 826 779 0 523 0 284 0 646 0 0 937 597 0 190 428 400 0 759 769 0 18 264 0 369 504 543 632 655 151 0 34 896 324 120 558 0 334 367 564 899 357 867 983 4 459 515 674 611 375 563 931 0 221 63 389 789 923 71 0 845 665 748 422 34 163 892 611 876 470 542 553 625 151 276 0 744 321 0 825 498 0 767 109 454 142 0 954 869 824 419 0 583 515 260 235 150 578 0 0 0 401 70 5 403 605 767 71 528 0 783 577 0 0 964 242 0 682 889 0 89 621 698 285 320 0 642 297 489 538 77 6 314 864 326 0 210 
0 104 611 295 899 184 18 705 0 460 981 414 984 793 463 950 0 855 973 568 563 218 799 372 544 966 241 0 236 545 0 862 0 837 0 124 0 963 587 417 0 679 576 75 463 560 296 0 858 593 985 603 161 0 451 435 371 950 0 884 0 275 157 500 62 48 0 435 94 116 963 951 132 628 276 862 335 0 674 129 572 0 792 833 0 516 140 849 711 0 947 323 760 45 0 641 504 0 557 477 0 235 154 0 465 551 614 941 139 0 493 892 0 65 919 464 861 0 0 4 472 334 986 544 0 0 637 0 527 99 697 0 0 0 0 0 214 8 0 442 553 562 302 0 0 0 464 583 930 0 144 948 0 423 494 244 26 0 0 949 0 302 885 376 435 313 0 0 0 721 781 872 0 0 467 560 769 330 837 573 789 0 798 0 382 0 457 399 661 64 585 861 0 0 154 399 311 785 680 262 0 124 74 494 288 221 597 428 56 0 861 928 672 0 594 655 160 257 12 854 728 0 409 496 804 591 653 0 923 844 738 743 256 123 952 576 0 0 138 0 578 160 131 0 590 687 950 46 0 904 998 575 52 0 0 929 0 906 0 
0 44 0 332 260 87 808 755 825 134 803 0 105 0 651 0 0 203 501 254 0 0 0 443 603 443 105 303 834 0 862 0 872 422 607 0 0 0 472 333 536 809 360 337 713 279 504 672 967 0 629 78 391 893 0 0 507 830 0 34 0 161 157 948 138 429 225 76 934 63 0 617 0 0 583 779 0 496 917 152 503 111 756 331 536 0 781 0 930 0 527 528 188 349 430 785 0 0 830 0 465 0 0 626 251 324 0 828 15 878 145 371 0 256 930 0 400 554 62 0 0 680 11 612 423 573 0 306 349 926 392 599 467 970 380 427 541 462 22 223 98 38 0 384 130 37 970 996 859 915 612 0 947 348 993 641 155 692 690 0 379 664 0 602 0 0 611 565 386 0 993 440 170 0 0 159 273 229 132 981 723 448 479 476 189 586 0 13 0 559 0 0 411 639 9 0 16 654 0 0 97 996 315 654 990 381 0 990 900 10 193 34 0 764 537 350 807 451 443 156 258 949 171 216 0 865 0 337 482 607 508 43 278 258 950 0 131 121 225 0 682 0 518 462 681 150 476 0 510 0 683 27 437 0 0 536 76 697 822 
928 141 230 636 0 0 177 0 610 815 982 204 463 70 0 200 49 583 770 0 0 472 188 96 817 0 381 856 0 977 0 872 0 27 778 108 918 510 0 0 0 809 553 908 804 596 922 543 916 306 738 322 307 0 0 0 50 49 552 0 37 973 912 0 392 889 293 478 0 362 0 288 0 561 245 483 178 695 222 500 0 852 538 633 400 427 674 314 0 927 986 389 766 0 914 258 0 719 896 0 561 0 986 840 673 644 88 0 646 101 620 876 0 76 0 423 560 153 396 611 973 380 471 729 0 695 221 854 220 654 952 564 540 485 797 533 0 0 421 0 352 0 0 44 619 448 345 986 0 0 421 498 641 294 0 13 445 928 459 0 0 0 415 0 334 0 265 265 505 744 21 171 884 0 411 0 0 722 0 44 141 0 971 910 825 401 864 570 33 0 857 411 190 746 382 0 355 105 541 840 0 0 827 167 423 598 504 726 164 0 71 966 417 399 209 693 585 454 0 0 949 0 854 0 310 352 319 0 371 265 540 295 987 122 0 0 947 539 993 70 822 441 648 182 501 0 850 365 566 0 169 0 607 159 0 671 262 0 739 
0 929 542 18 79 673 848 269 807 0 353 0 256 537 381 722 788 368 200 45 658 138 0 676 0 332 360 0 795 0 837 422 27 0 678 866 83 736 0 663 846 139 704 498 303 0 0 0 345 0 577 952 0 717 0 400 65 727 626 28 354 0 23 0 0 208 629 392 357 394 0 491 715 0 970 501 158 254 352 398 773 827 610 817 0 0 8 858 894 894 219 520 0 445 198 879 657 0 306 490 361 996 560 0 588 0 0 647 433 144 451 550 640 997 194 656 656 0 981 85 797 575 11 585 168 0 0 40 94 403 678 867 451 789 0 0 351 881 823 650 362 909 799 39 0 986 317 0 18 25 234 636 856 873 629 61 20 52 136 315 836 728 972 252 251 0 521 462 671 104 0 0 784 689 951 0 0 0 0 845 0 739 756 841 963 94 358 0 0 994 635 370 785 854 574 0 751 0 511 330 0 707 967 151 0 865 811 0 757 0 89 555 815 120 0 0 597 527 46 0 569 287 0 171 343 0 362 39 196 474 162 564 154 910 958 165 448 222 933 691 8 936 899 818 0 53 0 789 893 0 137 0 643 228 385 244 0 891 183 
157 0 833 0 0 573 882 954 494 252 644 0 745 4 227 131 0 136 0 127 746 230 0 708 698 879 0 59 169 0 0 607 778 678 0 111 126 0 761 493 799 93 0 0 443 0 690 587 0 706 873 342 838 739 492 526 90 0 0 79 523 89 941 63 893 0 495 972 0 180 0 0 426 571 0 263 555 197 46 850 515 144 440 335 849 381 444 962 897 0 968 0 696 0 138 939 0 985 384 709 867 0 922 0 214 496 786 319 823 119 49 537 526 551 566 714 109 887 432 874 182 0 0 0 287 0 660 527 298 795 431 363 317 558 75 738 0 418 0 684 98 432 0 0 0 486 628 165 0 939 845 414 679 27 172 0 0 635 0 340 961 0 936 319 359 600 578 36 0 928 821 809 541 258 0 160 812 579 574 0 469 0 999 291 544 660 212 283 310 61 637 586 0 0 319 348 0 0 75 351 324 844 648 0 0 0 379 138 242 0 454 0 852 468 598 944 876 0 0 602 917 483 200 0 159 842 842 956 523 710 281 443 0 0 0 174 282 232 335 195 44 626 568 816 537 848 596 0 85 0 454 431 0 667 676 589 0 445 971 
989 144 411 0 233 4 715 840 399 635 0 14 550 310 746 808 849 272 328 314 559 0 313 0 309 747 723 188 0 824 124 0 108 866 111 0 0 286 293 0 0 0 68 0 749 266 118 374 776 478 708 541 0 869 0 187 197 897 129 292 0 453 104 509 415 645 0 677 0 0 386 514 871 0 331 500 769 500 582 373 129 351 145 0 0 999 0 373 473 584 248 813 815 134 610 995 0 121 58 0 0 0 797 313 361 811 0 0 982 0 0 808 758 640 341 201 546 562 0 679 0 70 30 815 0 0 533 0 476 495 471 670 206 0 34 172 0 391 84 0 539 350 46 0 556 903 55 351 0 659 0 824 53 173 713 223 496 184 405 335 911 51 494 642 749 812 303 134 167 826 0 955 229 826 416 0 0 572 0 712 676 146 997 117 897 20 644 0 378 578 766 0 913 174 307 899 8 59 712 0 0 0 0 642 606 969 745 703 524 162 756 543 927 368 0 0 0 0 345 68 46 0 0 84 0 445 261 104 580 0 286 266 958 591 204 473 676 0 899 355 875 575 972 68 111 174 980 83 83 0 641 56 476 809 317 219 338 729 577 
238 94 923 935 237 0 0 0 122 0 9 0 989 0 906 195 0 420 0 854 7 0 238 656 0 886 429 970 346 628 0 0 918 83 126 0 0 28 991 71 160 990 962 0 546 413 5 466 101 987 73 406 695 0 0 268 0 764 0 21 825 678 644 937 170 0 945 302 29 0 84 954 573 0 0 0 442 796 0 556 0 612 919 68 0 323 116 240 0 968 507 619 618 0 837 354 0 229 999 0 929 199 0 846 338 0 742 207 602 16 279 26 0 433 363 933 474 64 0 826 276 420 264 0 0 397 0 415 561 0 121 312 371 781 436 718 0 161 990 668 5 0 0 48 905 22 0 202 276 162 0 882 457 165 250 47 651 0 422 662 719 125 863 0 549 834 569 169 69 485 0 123 454 0 656 851 0 0 446 0 19 814 0 0 369 0 17 0 0 0 129 408 525 491 872 624 404 0 0 0 25 984 665 0 56 603 0 529 989 257 403 263 0 450 763 0 834 877 497 715 352 340 725 613 744 0 0 269 197 74 749 413 69 106 0 7 477 0 0 406 992 263 790 864 676 479 437 926 333 0 221 366 294 400 534 0 735 752 55 
894 405 651 0 757 703 414 38 239 66 910 31 0 214 521 0 131 210 182 31 830 354 205 544 207 830 181 0 730 236 963 0 510 736 0 286 28 0 378 575 207 315 0 778 717 281 226 0 0 0 0 776 335 375 552 989 45 189 746 0 561 346 512 752 49 411 665 0 183 912 753 896 314 575 0 0 0 41 0 252 328 0 314 354 0 122 0 0 517 345 0 0 986 722 550 0 708 439 940 179 0 941 234 862 333 658 116 996 659 732 165 195 302 0 624 168 738 974 0 610 936 0 619 613 558 956 391 0 559 14 801 285 614 631 954 29 733 999 403 403 392 731 959 7 358 726 0 940 247 960 404 669 0 5 942 576 201 937 470 752 923 0 659 0 845 0 174 0 75 0 0 0 668 664 758 990 374 429 591 0 204 703 0 0 428 0 933 454 573 564 19 883 0 0 755 261 0 0 132 574 805 422 982 0 48 885 321 116 0 425 0 707 622 671 0 298 0 577 549 281 0 254 184 0 363 352 75 557 428 643 126 888 211 403 980 732 536 622 260 296 431 957 847 0 367 210 936 0 519 35 745 0 14 710 833 990 0 742 0 
0 288 640 0 0 450 0 0 0 249 933 191 530 411 0 0 0 835 393 0 0 0 616 0 529 834 360 0 164 0 587 472 0 0 761 293 991 378 0 0 568 0 0 405 346 0 216 0 498 947 456 0 27 336 838 589 278 538 58 983 995 256 499 414 96 509 7 0 65 0 961 915 0 730 116 471 977 289 0 197 67 433 594 818 587 0 346 109 375 62 858 0 684 637 700 0 603 858 0 211 978 352 664 660 402 615 638 0 748 0 891 921 720 202 646 335 445 303 32 876 0 384 708 319 273 0 0 0 891 53 178 959 667 0 0 37 95 929 0 190 50 46 0 360 543 785 0 82 456 0 933 0 776 0 0 441 0 0 676 0 766 67 506 113 724 975 229 338 880 661 911 0 789 249 401 393 0 931 448 0 0 368 0 775 0 915 0 0 738 230 64 622 446 400 180 0 197 709 55 0 291 821 703 0 0 0 323 694 8 0 671 352 945 738 0 965 347 797 581 994 0 0 0 310 588 734 340 444 0 305 750 695 592 295 0 91 71 612 185 717 743 45 675 0 0 587 0 186 22 835 773 559 171 74 807 666 478 651 392 
0 0 730 721 583 988 564 900 22 941 171 0 949 708 458 935 469 0 750 265 98 454 447 159 676 0 473 363 0 0 417 333 0 663 493 0 71 575 0 0 581 709 556 864 769 130 217 383 817 342 79 0 455 426 89 559 0 0 646 475 278 0 659 872 778 465 349 75 977 677 0 536 402 855 41 908 922 857 583 108 0 391 419 830 65 34 881 801 0 682 976 594 0 692 941 0 689 789 592 0 334 864 125 0 212 887 0 0 0 56 535 695 361 216 568 78 944 176 746 0 502 48 0 967 984 592 0 715 178 196 697 547 0 249 632 0 0 0 403 957 24 0 56 424 464 180 1 0 0 481 0 0 644 403 0 47 0 532 198 0 0 0 595 241 678 890 0 675 847 143 810 0 958 288 335 0 846 519 754 799 582 439 900 0 728 512 84 618 0 924 704 428 85 981 233 0 908 0 824 186 539 619 544 770 0 477 658 513 598 0 232 367 0 942 617 993 0 807 324 546 0 883 24 275 928 839 535 305 973 186 0 143 113 304 57 754 686 372 202 0 884 783 727 689 762 0 458 991 335 150 0 46 810 0 816 338 372 513 142 
386 0 185 263 93 0 0 373 891 221 0 522 0 0 0 926 84 724 0 903 0 983 890 424 454 495 415 947 812 540 0 536 0 846 799 0 160 207 568 581 0 829 487 728 0 0 518 0 0 945 0 17 12 0 847 961 0 971 917 490 754 721 0 577 26 902 631 751 215 0 828 915 0 763 336 94 341 806 802 345 0 981 0 475 237 0 386 487 591 0 894 0 937 669 0 0 37 489 575 390 456 621 0 0 131 691 0 88 0 0 678 754 0 611 249 0 744 242 462 316 968 223 274 252 0 533 865 786 475 0 325 0 627 69 151 0 0 402 205 793 860 545 696 147 122 792 3 0 868 162 0 0 0 685 794 0 790 0 0 0 456 719 0 0 0 347 948 413 0 673 924 786 154 588 0 985 601 52 863 0 0 623 227 731 50 0 99 0 19 0 690 0 110 525 681 98 6 850 654 888 33 0 190 0 412 475 554 0 0 754 0 910 0 0 261 395 754 0 888 0 306 513 982 0 761 659 0 874 906 953 0 253 978 889 0 585 0 0 616 163 0 0 925 511 759 249 5 141 574 530 40 603 0 565 436 708 0 623 278 
905 829 900 548 0 20 0 623 302 864 445 188 0 268 173 700 257 0 0 874 804 627 369 3 581 376 0 144 514 839 679 809 809 139 93 0 990 315 0 709 829 0 743 340 0 0 0 179 0 852 950 317 522 705 327 358 641 0 826 0 0 724 0 225 618 116 988 331 107 0 573 0 283 0 0 717 0 753 104 558 0 146 970 133 903 764 355 271 0 0 229 927 0 403 318 816 131 0 789 523 839 750 755 0 699 764 679 0 190 470 0 996 603 0 303 144 406 82 552 944 678 761 443 689 315 299 500 161 421 740 0 0 916 0 349 0 228 244 834 241 202 0 360 719 184 711 161 0 415 980 469 158 320 0 745 978 0 667 0 493 843 507 0 277 107 484 45 906 633 686 213 0 148 803 727 185 241 812 0 206 364 0 916 696 174 295 766 472 0 338 0 917 23 414 538 844 167 225 190 830 786 732 0 728 0 953 0 486 794 0 0 744 0 912 444 0 0 655 927 0 843 205 22 560 0 978 410 629 542 161 704 105 0 649 187 885 877 821 902 759 0 708 139 941 0 140 341 0 928 239 332 792 722 948 788 841 211 110 105 
0 464 0 8 512 457 0 903 744 59 1 102 71 0 877 990 518 971 0 58 0 287 46 553 0 756 304 521 0 869 576 360 553 704 0 68 962 0 0 556 487 743 0 871 352 0 15 63 0 832 468 116 94 0 204 0 0 743 953 323 666 518 728 0 818 725 854 0 151 53 906 0 28 0 552 961 0 590 154 347 545 0 0 837 232 0 839 766 836 234 250 0 0 0 562 267 214 574 846 856 656 170 458 0 453 894 500 0 0 205 190 0 0 312 386 441 251 0 0 76 0 0 211 0 0 431 0 628 0 30 840 0 700 599 723 0 567 527 881 909 230 210 533 749 523 0 0 0 659 766 0 0 735 861 45 341 47 813 0 0 0 740 342 331 815 691 533 0 835 50 126 351 391 0 0 979 672 229 0 8 416 0 742 354 0 206 0 0 359 233 606 348 0 0 0 491 514 411 799 633 727 0 0 85 883 0 0 793 653 894 0 873 44 0 766 533 432 667 0 362 0 142 471 184 236 0 540 285 205 815 2 54 0 202 0 0 266 382 0 107 121 995 543 410 0 336 0 0 827 314 377 695 0 0 695 0 0 515 915 
0 175 109 477 0 0 527 0 469 581 416 132 0 373 0 969 0 0 0 67 598 28 819 775 0 708 0 0 84 0 75 337 908 498 0 0 0 778 405 864 728 340 871 0 0 556 772 212 0 112 784 100 210 791 240 0 273 951 453 906 714 955 368 212 170 0 0 0 773 48 0 176 53 576 464 10 0 591 160 968 793 200 421 0 744 211 277 769 0 573 390 139 327 502 0 0 806 720 0 455 565 337 0 686 184 633 511 358 0 999 489 0 449 399 56 296 814 734 0 781 997 311 0 185 983 0 88 991 261 788 73 347 884 44 327 0 0 803 0 0 0 14 314 551 559 389 883 566 0 0 0 356 581 861 228 606 0 592 447 276 941 597 0 0 659 95 834 483 0 240 0 0 575 991 0 0 809 862 0 932 838 463 0 379 955 786 865 552 0 0 554 367 0 89 941 829 0 815 764 158 673 332 302 762 190 464 0 380 0 718 59 967 699 206 0 498 426 152 922 677 246 0 459 923 239 860 0 0 0 0 393 47 876 773 0 864 0 0 822 0 203 659 88 813 882 0 624 316 0 817 864 343 451 0 0 281 0 0 561 
885 266 826 823 194 768 639 688 915 0 0 32 468 906 445 546 337 633 108 0 98 0 655 7 886 988 0 736 797 0 463 713 804 303 443 749 546 717 346 769 0 0 352 0 0 384 0 0 142 580 222 95 730 432 722 0 363 349 0 347 300 0 641 0 100 0 305 0 95 0 0 0 0 724 562 193 0 441 131 37 0 599 409 94 597 816 523 694 863 593 767 927 0 0 830 922 753 232 0 277 763 562 0 369 0 468 344 0 596 56 0 516 908 361 377 563 0 882 319 0 811 271 0 909 60 99 974 386 0 167 309 47 419 219 0 0 0 990 283 925 0 0 0 0 462 798 881 464 896 920 794 109 20 0 328 444 0 517 56 0 0 0 694 846 742 641 0 260 778 119 0 242 64 558 531 0 470 636 114 972 791 129 768 122 878 671 97 0 918 642 145 710 680 0 0 0 543 666 363 226 0 0 0 380 0 0 233 453 671 31 0 0 563 967 68 169 508 528 612 881 408 262 512 0 518 0 450 722 910 0 619 184 531 319 902 0 329 783 52 755 646 0 321 507 577 273 571 965 166 0 776 0 302 220 0 13 854 401 383 
