0 253 28 779 408 0 292 9 562 0 0 896 15 127 0 0 811 0 0 614 0 64 453 582 34 762 0 336 136 184 647 456 840 22 0 414 0 768 284 190 0 0 54 0 715 0 0 538 366 503 556 808 95 740 215 491 357 925 816 953 174 775 0 20 0 0 0 546 658 40 195 0 549 591 209 525 569 0 267 0 549 759 0 245 967 0 0 864 523 806 335 255 0 572 939 140 602 568 0 524 779 0 681 225 672 336 0 364 0 868 918 387 700 393 924 606 0 146 201 763 949 149 994 385 517 218 676 998 458 251 580 348 365 910 905 47 174 945 910 0 0 0 855 0 0 411 23 0 0 880 722 0 18 910 38 257 0 0 0 0 646 404 0 0 743 306 872 887 486 5 793 336 808 934 865 513 291 0 0 475 381 376 769 586 203 0 327 0 233 896 0 452 558 226 0 355 647 0 362 855 0 0 690 0 453 813 753 0 529 568 558 476 346 551 305 248 0 288 304 648 506 809 0 293 980 151 832 687 172 348 174 168 659 133 657 0 307 850 871 915 0 986 37 197 0 0 911 691 0 802 746 0 416 892 235 108 705 0 0 0 842 0 0 320 477 662 0 0 0 0 0 264 787 0 0 252 116 948 0 0 0 891 0 186 840 0 770 973 0 537 151 662 0 0 
253 0 59 172 534 0 465 332 494 0 113 428 877 401 26 0 975 34 0 0 953 184 823 862 756 871 7 666 0 121 760 835 581 0 710 114 69 311 912 0 0 0 406 0 46 430 0 150 597 751 0 285 137 766 646 765 916 938 201 10 0 459 143 416 656 614 395 53 0 82 97 292 514 0 689 115 682 527 673 437 253 594 0 896 789 0 647 0 51 760 0 76 440 578 626 236 662 554 547 0 671 0 582 200 66 303 0 602 165 484 923 0 818 834 929 196 219 997 184 435 764 649 693 377 0 455 168 174 0 246 272 875 259 0 0 0 391 889 307 160 0 357 895 858 0 244 690 602 444 0 834 0 0 557 0 0 480 766 0 0 0 0 0 197 480 693 98 815 41 0 664 897 617 956 51 0 252 820 0 19 788 855 0 451 279 615 68 0 0 0 934 662 743 51 194 0 215 699 933 275 735 165 187 666 0 789 169 0 645 247 374 503 227 743 911 888 436 0 398 483 155 340 554 434 0 372 223 0 0 203 942 0 235 754 307 714 481 0 810 217 816 251 580 0 459 0 0 403 0 292 868 507 603 730 479 0 267 0 701 247 461 0 98 910 302 0 996 0 221 370 228 0 0 440 96 0 672 0 261 751 306 119 952 908 35 0 280 811 3 997 0 365 400 116 
28 59 0 589 627 0 408 114 657 864 927 516 586 0 105 222 0 997 945 762 0 137 98 762 777 56 178 612 786 119 0 185 0 250 0 520 844 319 0 0 0 759 0 496 860 87 612 0 0 933 672 336 664 680 412 717 140 33 0 633 655 917 718 19 144 203 612 282 326 0 260 0 580 716 0 0 0 185 884 519 336 970 651 412 712 661 834 161 809 737 273 228 464 164 0 269 756 58 545 951 0 949 672 0 31 378 0 216 686 896 720 875 138 516 642 785 0 0 20 227 0 374 714 631 882 0 259 907 830 45 496 56 429 687 0 983 0 353 66 514 844 0 814 135 181 909 0 0 13 985 0 953 840 0 608 242 597 0 246 601 0 139 240 0 605 606 964 0 414 867 800 962 470 786 0 191 701 45 960 923 0 0 0 0 0 0 946 0 853 0 782 665 970 0 131 157 133 832 174 373 0 145 239 267 41 301 463 0 943 516 391 778 417 583 40 234 717 0 412 674 173 985 0 0 230 9 43 626 1 42 160 619 619 596 0 933 0 850 722 942 119 560 0 0 294 42 983 674 701 0 633 386 0 459 163 133 342 0 0 922 96 81 57 562 315 716 746 0 0 984 682 0 0 138 3 887 756 0 910 817 986 55 0 635 156 869 346 838 180 728 244 683 0 931 
779 172 589 0 917 0 658 301 964 779 310 847 0 669 61 553 69 765 464 0 0 595 0 295 881 66 459 666 544 13 424 0 867 301 982 786 54 431 0 0 384 797 842 0 552 511 986 502 0 0 0 624 0 646 378 982 824 614 415 425 116 511 682 999 366 913 477 285 936 474 120 0 639 0 621 304 0 0 123 489 795 788 0 841 0 553 0 490 239 11 339 166 624 754 0 536 843 548 618 857 680 982 778 0 638 0 938 0 874 450 0 282 241 183 790 70 734 488 0 0 304 40 0 621 737 19 1 939 850 829 988 135 773 832 499 496 0 837 259 115 608 0 701 0 80 82 717 847 258 0 0 857 835 406 82 826 0 0 981 449 864 718 999 0 0 762 0 921 242 347 0 453 587 551 0 828 501 318 0 520 0 998 0 282 333 828 0 291 0 911 753 0 580 918 901 0 0 174 0 985 909 451 0 592 236 403 0 793 375 0 384 0 74 675 159 129 0 777 158 765 251 593 313 0 217 0 674 0 975 569 735 242 528 38 0 611 966 536 972 613 909 633 8 956 346 446 0 466 963 788 396 872 787 52 453 0 0 948 891 0 525 0 823 0 627 743 356 485 835 943 0 652 168 0 0 331 936 0 637 931 484 0 571 893 252 840 731 180 0 35 392 470 204 743 
408 534 627 917 0 0 0 937 87 0 619 0 841 215 561 456 128 0 204 16 0 0 0 0 0 691 76 0 854 438 0 667 204 0 136 0 682 235 519 319 518 963 0 734 841 620 0 0 438 360 391 754 715 724 0 0 0 0 629 0 310 0 161 288 261 0 609 330 0 82 23 0 0 0 0 0 364 480 6 0 965 349 797 0 0 471 0 0 76 0 162 0 632 952 571 806 894 380 736 49 0 593 0 640 142 317 422 357 75 511 0 315 631 661 998 304 233 353 949 0 299 797 0 47 0 0 34 607 0 0 299 493 909 991 816 373 422 797 248 0 0 229 960 130 377 0 883 0 690 238 496 0 0 151 339 750 128 313 0 87 0 782 0 699 569 56 381 50 374 0 0 361 731 0 97 436 955 209 574 295 0 30 968 0 0 544 0 777 0 96 806 451 0 789 438 140 506 335 903 666 0 858 435 0 0 967 0 623 0 87 0 825 40 106 203 134 765 208 812 0 830 688 393 0 424 249 317 496 776 430 0 0 791 0 787 627 528 0 93 298 841 439 1 5 896 0 188 300 753 18 935 661 701 0 0 0 122 990 936 222 796 0 0 0 746 455 674 885 0 0 0 116 592 132 770 901 236 509 972 42 0 48 0 305 0 615 918 678 832 677 613 900 498 0 
0 0 0 0 0 0 188 842 842 0 644 576 466 0 0 998 0 513 548 0 606 230 67 205 253 858 955 881 971 57 884 328 851 0 48 0 0 195 891 0 0 153 768 682 323 706 346 622 0 237 0 711 838 816 887 0 848 896 172 129 985 966 58 757 546 0 580 452 0 856 943 810 955 170 0 257 305 433 512 74 907 801 0 30 111 0 446 348 0 83 824 730 144 457 809 812 334 629 144 720 160 0 0 689 88 634 0 970 0 0 203 761 184 896 226 545 79 573 825 679 0 677 0 357 0 0 452 0 32 90 760 140 563 862 420 272 983 0 0 92 870 648 231 829 0 616 0 0 455 156 54 647 349 979 614 437 0 0 650 740 490 249 0 0 881 0 0 0 378 0 524 960 47 0 251 39 0 310 416 0 163 567 616 96 386 107 850 0 796 0 0 225 721 316 487 0 516 0 387 851 314 193 738 0 794 330 68 0 0 523 425 0 0 741 216 583 151 463 178 94 0 558 913 452 44 0 670 0 121 0 878 0 600 0 340 0 994 167 0 183 0 725 0 0 383 955 39 538 90 807 9 264 241 792 457 398 997 0 676 845 736 572 809 194 0 401 882 725 29 0 0 898 369 466 58 0 180 663 603 312 0 157 57 0 4 945 745 599 797 301 0 462 0 53 
292 465 408 658 0 188 0 813 544 0 414 914 305 146 0 597 603 400 270 0 512 705 134 407 400 652 827 0 543 976 882 0 321 0 513 269 977 701 0 51 0 186 493 796 433 781 415 482 542 211 241 929 161 686 308 310 159 724 431 583 567 996 589 722 868 201 0 0 898 861 386 751 709 233 209 248 193 0 715 969 761 164 647 68 624 296 497 328 561 253 15 923 180 590 273 364 0 850 367 793 317 0 195 343 610 781 855 546 596 455 934 336 626 0 0 0 853 815 996 807 0 28 2 859 631 987 527 555 83 483 171 0 296 0 813 115 921 522 694 537 0 858 0 30 0 20 949 0 659 686 500 319 0 985 728 0 714 0 534 520 0 0 421 0 0 0 432 189 15 22 677 736 24 0 738 133 0 460 18 469 718 336 295 842 869 0 920 0 694 753 936 923 100 479 0 734 888 939 327 760 201 509 0 682 5 747 993 0 921 399 415 0 540 0 411 262 490 33 471 646 826 660 997 0 0 626 808 551 665 116 536 0 0 918 991 0 354 648 0 101 890 138 0 304 354 956 0 201 0 0 195 510 22 0 345 410 32 22 562 392 167 547 425 74 630 829 689 975 566 830 0 47 772 38 201 956 248 110 163 0 208 427 154 775 324 884 341 9 91 0 431 173 848 504 
9 332 114 301 937 842 813 0 681 728 319 937 696 325 840 436 0 992 862 798 185 926 0 994 0 146 828 622 752 108 986 457 601 402 312 0 275 3 41 0 468 138 24 0 682 0 0 804 507 262 885 456 223 0 690 700 0 377 899 886 91 327 876 18 115 138 795 0 0 552 746 527 928 936 556 263 805 361 534 0 901 0 343 795 0 652 0 969 201 845 356 0 792 54 961 0 0 349 592 883 7 329 0 0 0 506 708 304 607 900 0 108 742 876 0 278 0 989 32 10 997 717 575 638 62 650 369 225 848 240 0 896 0 606 0 464 963 324 351 324 696 0 0 475 0 0 58 948 126 194 965 633 905 0 479 0 199 0 417 964 140 4 77 468 922 265 368 207 635 902 317 893 377 0 54 445 279 647 143 0 531 616 994 567 860 910 482 336 0 102 345 714 0 0 25 0 788 0 859 413 247 355 527 734 0 277 0 821 762 0 751 29 0 756 115 316 0 18 578 204 448 549 0 0 622 564 707 0 297 0 504 818 841 0 674 837 0 989 740 971 393 255 5 979 0 114 124 0 924 720 595 5 905 0 994 394 0 634 583 640 0 156 350 153 388 532 892 0 22 418 255 0 105 0 0 0 589 407 165 0 969 109 877 622 924 741 802 782 711 0 612 870 113 673 
562 494 657 964 87 842 544 681 0 531 663 595 0 815 430 537 562 301 827 0 475 21 0 849 0 0 267 888 0 843 784 0 0 552 0 247 579 84 372 863 682 442 0 800 588 367 926 525 364 0 188 0 0 0 158 807 370 643 0 275 645 461 638 364 0 152 897 0 170 210 254 198 873 89 504 431 0 550 483 362 623 255 409 604 359 202 0 0 285 142 124 697 192 204 861 121 0 183 545 813 869 471 971 0 30 515 0 350 562 733 793 470 969 115 50 0 972 0 791 876 0 0 0 57 0 807 287 202 0 0 495 0 0 0 212 634 867 0 380 738 650 966 817 700 308 922 461 0 671 0 321 131 0 0 825 668 41 0 277 206 326 836 0 777 735 946 0 123 178 143 948 0 888 854 0 0 270 814 634 772 750 564 192 6 0 952 697 167 135 553 37 0 66 0 833 272 857 271 0 752 509 311 0 421 0 771 314 739 229 148 860 733 160 122 0 356 722 493 54 317 672 100 0 0 552 0 0 52 0 112 297 963 150 256 25 0 191 0 935 472 0 0 0 790 0 790 342 36 957 802 0 296 621 0 0 416 507 702 452 905 573 432 366 570 0 0 412 0 935 700 269 656 135 687 89 214 261 270 0 393 146 476 57 0 295 710 254 0 0 938 331 995 0 718 
0 0 864 779 0 0 0 728 531 0 437 900 0 771 0 274 617 624 845 314 0 573 3 914 0 260 413 736 764 815 0 43 562 0 0 83 50 369 880 46 957 601 982 0 0 679 527 85 428 0 379 0 0 0 790 17 340 568 536 160 97 0 560 323 151 0 0 976 259 619 415 512 88 161 136 634 398 820 685 645 0 0 570 253 0 590 632 279 328 19 886 39 0 848 990 0 187 766 430 0 910 0 798 0 759 265 963 223 266 0 641 29 442 336 239 0 0 956 963 771 260 453 0 0 617 524 914 5 683 560 283 585 471 216 808 823 989 150 628 483 135 149 390 639 853 420 0 140 0 577 903 692 720 96 711 0 734 535 866 0 823 727 0 446 560 34 750 861 523 715 0 672 0 989 646 750 333 813 37 0 242 527 841 711 112 564 721 975 0 148 853 0 958 701 318 81 937 0 460 712 0 857 321 65 0 17 350 873 0 246 538 671 603 292 197 237 234 769 263 243 660 440 0 866 315 527 0 0 956 919 971 43 954 584 535 681 0 0 329 859 790 788 624 307 0 838 235 304 96 966 0 210 594 434 890 617 494 34 432 457 0 85 0 86 219 575 843 269 0 658 813 0 0 0 663 0 693 0 894 910 12 2 759 0 0 116 722 236 535 476 442 960 0 697 
0 113 927 310 619 644 414 319 663 437 0 939 329 937 309 0 649 0 362 0 101 432 876 0 825 284 184 313 0 681 0 311 541 383 0 581 813 110 0 346 757 290 889 503 0 0 368 659 0 921 736 681 917 624 88 90 69 0 535 0 0 837 0 786 737 955 0 387 0 130 80 585 89 795 552 875 359 561 531 205 179 373 626 727 835 0 483 770 39 476 385 185 845 398 8 310 0 0 0 0 962 772 979 465 49 0 216 46 762 387 326 0 979 0 808 459 674 64 586 0 0 704 746 977 485 805 599 909 433 0 0 440 0 0 498 987 842 119 717 402 0 331 668 0 0 437 936 0 334 807 779 172 425 353 0 8 244 0 0 0 650 21 0 84 0 520 705 0 426 734 181 66 435 0 187 581 80 348 934 7 900 26 903 841 0 8 0 664 454 485 174 0 266 886 0 0 791 0 644 709 339 189 273 487 724 414 0 752 842 682 0 967 132 333 496 118 404 677 356 443 576 116 157 553 63 443 0 0 19 0 763 0 0 817 374 279 13 788 188 923 233 163 169 354 317 80 253 571 319 206 941 272 944 672 0 999 489 532 0 636 740 856 66 145 105 120 904 171 895 56 206 0 621 265 338 766 152 0 726 0 253 0 909 0 591 0 945 0 705 742 991 294 487 981 
896 428 516 847 0 576 914 937 595 900 939 0 77 226 12 210 234 0 0 0 0 388 6 95 353 247 831 0 229 0 0 683 617 0 0 611 0 225 950 0 0 0 672 299 716 0 0 886 0 143 300 21 996 917 0 686 741 935 425 214 613 528 441 0 714 299 919 179 603 327 0 978 787 570 0 879 646 0 160 40 0 430 900 0 294 751 663 508 619 690 0 321 0 857 383 0 130 218 692 0 430 897 0 964 772 328 854 340 0 0 602 0 986 185 0 795 618 897 0 87 53 380 129 166 671 0 171 426 94 264 147 611 133 563 715 974 0 773 180 20 802 71 453 906 649 716 849 45 788 0 0 213 111 965 319 568 0 0 474 865 31 0 374 160 685 512 875 272 979 648 516 58 987 527 184 747 68 934 60 802 682 418 0 625 914 782 0 0 200 104 761 0 494 792 602 418 143 0 547 452 228 948 805 870 0 618 10 0 481 273 0 457 558 175 0 330 584 0 445 411 301 736 938 259 30 758 0 0 0 351 271 456 379 17 0 104 485 265 352 0 431 464 558 29 862 790 511 0 0 405 790 0 471 0 721 106 300 931 252 876 388 445 0 672 154 0 691 339 189 0 70 166 391 0 0 835 762 0 593 285 332 850 578 0 0 0 696 427 272 731 324 0 614 0 
15 877 586 0 841 466 305 696 0 0 329 77 0 0 173 0 718 29 456 0 427 524 0 606 413 733 0 955 29 225 0 69 320 0 0 0 617 701 280 0 123 0 890 458 0 525 454 603 803 35 903 175 614 245 559 779 270 982 529 419 410 100 249 0 189 848 575 590 905 247 824 435 0 0 20 461 243 0 0 487 986 208 352 364 807 0 895 0 598 0 809 0 388 591 352 62 924 0 901 505 950 632 0 935 0 363 0 870 0 334 330 290 700 719 0 193 352 579 695 0 65 474 19 0 0 351 156 863 0 802 685 0 0 555 487 0 980 317 906 122 638 0 0 0 636 908 122 0 860 263 664 377 259 0 636 69 0 130 927 508 0 356 0 0 586 0 732 489 63 383 916 632 743 194 342 135 518 0 672 780 0 0 774 0 0 769 0 836 11 0 0 871 0 0 161 939 692 682 981 822 989 428 562 506 336 0 894 288 975 375 674 0 776 206 0 0 511 41 384 102 645 0 443 584 0 0 504 464 0 297 472 139 308 245 0 58 0 0 587 571 866 0 801 374 256 356 713 678 450 0 656 0 37 768 613 843 19 143 0 0 888 858 823 88 13 288 0 881 812 493 236 0 0 549 371 94 768 487 845 404 0 0 871 0 614 546 169 0 21 592 192 0 455 514 
127 401 0 669 215 0 146 325 815 771 937 226 0 0 0 701 0 473 329 181 992 0 200 339 0 0 415 921 965 274 0 606 415 0 0 22 594 446 0 654 883 752 373 57 19 202 794 260 0 158 4 67 381 279 63 283 293 0 812 0 379 0 455 796 71 88 451 418 0 0 452 326 0 536 0 719 953 683 723 0 544 21 820 0 954 937 727 684 620 551 368 587 863 539 0 0 484 0 0 0 160 809 496 435 797 736 947 73 0 447 277 301 554 281 0 0 616 662 369 401 47 194 103 81 27 246 0 381 790 775 784 999 740 189 391 0 101 0 757 511 0 879 504 556 879 0 161 538 97 84 742 0 831 36 0 0 855 675 0 894 297 0 0 0 387 76 576 976 360 445 200 0 790 0 733 293 188 289 292 204 39 734 0 98 49 0 129 366 627 975 440 238 661 0 696 0 772 304 0 0 0 0 535 0 621 25 535 541 0 618 638 25 979 316 766 8 0 83 708 922 775 970 0 10 915 26 959 0 0 815 417 704 257 29 572 416 0 470 495 34 842 578 305 775 285 718 412 913 401 0 581 575 45 0 885 41 560 157 264 559 0 708 401 366 80 457 57 920 582 840 392 951 663 925 529 587 468 642 50 313 739 0 0 838 602 946 984 560 386 0 513 206 770 0 
0 26 105 61 561 0 0 840 430 0 309 12 173 0 0 0 0 544 439 355 797 162 288 796 0 741 0 310 815 529 534 0 0 521 162 7 281 225 201 716 559 303 0 366 0 663 0 95 804 446 25 0 0 971 641 836 644 279 720 270 283 438 574 0 284 536 436 0 236 0 384 309 841 276 375 295 32 219 950 300 835 0 796 909 0 836 167 28 700 176 827 0 657 0 174 370 996 712 435 39 0 352 484 0 0 475 820 164 0 806 0 132 359 16 843 143 491 311 189 633 158 844 521 823 0 4 136 518 225 571 917 0 709 466 983 609 273 334 0 0 620 948 713 0 376 432 752 790 21 238 329 0 239 765 34 0 0 0 539 415 0 181 647 0 878 691 980 854 0 78 0 759 502 413 34 998 971 0 568 0 71 735 976 258 582 490 837 0 918 0 276 212 573 294 374 584 544 789 601 124 612 17 0 272 94 0 990 997 230 928 351 572 411 199 267 499 416 740 916 159 465 0 664 10 0 482 177 341 649 528 742 586 766 0 0 430 370 88 851 713 0 428 0 0 975 207 385 3 313 340 87 469 284 762 826 479 858 441 37 0 269 18 651 850 0 716 890 649 0 106 247 324 0 315 40 932 281 130 595 0 0 319 933 0 0 0 310 0 0 0 213 271 852 0 
0 0 222 553 456 998 597 436 537 274 0 210 0 701 0 0 0 483 0 585 0 0 906 724 784 814 34 488 0 0 864 427 368 372 942 172 634 809 687 988 557 0 0 707 365 826 25 554 399 428 0 767 161 487 158 0 951 949 803 206 0 0 602 858 176 183 568 649 628 820 939 349 752 46 572 330 0 632 280 166 410 918 417 193 553 480 923 548 951 771 572 933 0 883 249 744 0 0 357 274 626 0 205 0 952 364 0 848 479 0 0 323 687 383 80 0 634 457 119 981 431 320 931 964 0 990 694 876 0 108 975 599 27 929 73 303 271 993 0 532 0 226 440 51 359 227 953 943 976 967 423 78 280 773 787 0 0 150 891 289 535 609 95 793 99 412 0 179 0 0 761 190 670 0 36 558 662 89 483 0 477 0 0 308 967 136 729 0 284 784 6 0 0 583 139 960 102 0 404 489 0 437 128 0 424 718 0 672 194 946 406 272 130 524 677 622 41 748 380 223 0 97 859 107 659 118 533 455 740 345 183 802 0 369 673 0 246 677 638 390 47 331 387 686 829 903 722 46 800 0 434 288 526 195 0 0 998 92 215 908 38 278 453 0 299 17 0 381 9 589 187 281 234 882 0 22 231 741 908 38 133 769 901 0 489 277 0 0 168 648 323 0 0 0 
811 975 0 69 128 0 603 0 562 617 649 234 718 0 0 0 0 857 0 0 0 554 283 0 336 219 978 569 123 763 108 996 698 904 771 400 673 566 728 380 0 0 744 273 605 0 995 0 342 278 354 552 0 321 0 547 929 118 0 675 748 858 0 209 707 0 881 245 0 0 756 712 0 861 718 750 204 97 0 575 899 0 352 946 733 274 663 977 785 117 390 733 501 588 849 0 0 0 0 549 942 0 4 853 476 784 893 728 183 0 381 328 0 599 475 573 207 278 790 717 421 411 0 55 216 858 281 29 231 32 549 464 353 126 0 38 0 672 0 205 355 560 0 314 0 0 802 362 0 0 178 911 619 170 62 796 192 222 236 680 150 478 0 36 0 933 437 804 0 0 37 0 554 0 62 0 844 0 233 32 785 210 697 907 608 674 554 730 197 141 467 734 0 149 944 406 0 822 0 595 345 633 582 0 639 844 444 0 578 0 35 0 0 0 254 360 839 837 0 777 248 554 875 0 671 401 779 0 13 305 79 918 0 944 664 311 735 0 185 285 835 423 636 207 403 751 671 954 12 0 0 585 39 70 0 0 725 0 356 387 0 956 795 263 246 21 445 828 0 0 433 643 953 0 659 757 573 0 328 237 0 871 943 0 120 389 468 0 0 0 368 451 932 543 
0 34 997 765 0 513 400 992 301 624 0 0 29 473 544 483 857 0 502 0 861 272 0 238 0 61 182 806 671 738 292 454 0 0 387 322 547 450 980 403 197 20 757 384 740 0 718 0 126 991 646 764 997 539 896 620 382 96 606 391 363 3 857 872 604 338 27 251 163 0 0 0 0 688 752 278 957 584 143 163 0 140 0 0 0 0 902 0 0 118 550 171 659 0 750 363 680 469 367 264 858 83 0 0 0 926 0 0 686 939 955 0 64 696 65 556 115 0 67 0 327 425 182 986 0 0 946 946 65 0 562 855 156 338 0 411 36 0 233 932 765 0 0 427 193 238 333 0 794 317 329 17 118 423 843 962 478 0 199 869 140 239 258 137 533 593 848 0 781 370 597 148 775 951 164 414 1 145 362 209 387 539 751 324 485 528 99 944 209 715 488 911 411 851 226 283 0 150 298 799 457 0 885 796 598 0 0 2 64 204 370 487 272 828 300 0 327 549 794 2 36 32 437 677 0 676 334 364 236 32 0 779 590 300 426 126 501 0 0 526 97 60 447 376 915 594 720 0 391 71 898 0 637 0 835 771 0 773 679 0 80 817 902 846 695 0 0 475 363 370 325 219 148 762 293 36 419 0 0 580 481 386 656 440 905 725 0 398 0 747 365 24 0 639 
0 0 945 464 204 548 270 862 827 845 362 0 456 329 439 0 0 502 0 134 57 691 0 756 544 755 923 463 745 308 0 754 0 0 0 474 780 0 686 224 0 0 254 298 0 316 97 0 0 33 202 125 0 115 121 0 67 0 0 377 53 735 868 775 756 372 772 0 871 567 675 296 0 0 0 677 17 513 21 839 15 0 476 473 0 727 0 0 524 225 315 100 232 130 702 633 632 416 198 833 267 0 550 699 886 0 666 745 181 0 784 952 281 141 269 0 263 812 421 644 707 823 886 302 0 57 533 519 82 154 65 0 261 0 232 891 253 975 134 688 0 0 0 19 399 343 252 901 0 835 338 129 994 249 8 94 818 962 640 583 584 985 20 0 417 205 154 0 0 0 630 614 402 536 220 707 414 0 943 564 23 769 75 0 209 161 984 0 601 48 951 512 0 0 148 264 602 0 28 882 0 0 0 78 866 0 0 343 679 0 874 643 574 0 0 807 0 15 0 607 396 755 30 0 806 423 21 368 790 516 0 737 759 389 221 450 866 181 567 667 398 920 0 341 398 844 0 401 951 955 135 0 815 0 0 0 0 959 322 162 752 716 829 503 271 388 855 967 799 160 954 154 661 0 0 301 0 147 879 0 342 0 513 37 969 0 214 0 619 741 586 388 0 0 
614 0 762 0 16 0 0 798 0 314 0 0 0 181 355 585 0 0 134 0 670 882 920 874 837 354 752 996 615 603 928 482 0 0 0 0 0 961 207 282 713 185 411 775 12 412 342 645 871 242 0 0 0 807 0 169 606 969 159 546 261 0 432 744 0 0 960 974 994 774 147 941 335 954 650 40 0 373 88 581 290 607 238 0 869 569 0 831 359 968 829 566 362 836 311 926 647 338 191 0 0 434 237 0 560 0 208 0 0 189 938 369 18 0 0 979 29 880 292 66 996 10 58 532 0 211 612 126 577 0 395 0 0 295 0 956 996 462 733 78 905 0 0 793 0 99 416 266 447 179 0 0 0 194 940 979 778 340 860 505 358 33 145 477 462 757 0 0 844 267 0 8 369 605 734 718 889 42 195 0 501 0 0 885 0 316 308 29 201 863 307 932 96 0 937 292 288 476 0 753 124 870 917 604 771 985 159 0 283 165 517 126 950 813 206 169 0 13 0 0 50 0 93 989 0 0 991 511 414 621 130 591 660 395 592 164 830 756 850 389 342 581 116 493 222 247 0 258 862 5 477 616 757 391 413 0 105 241 5 829 504 195 388 980 0 255 59 222 0 97 0 536 161 0 34 158 305 0 0 232 173 181 418 204 0 582 286 148 0 538 473 612 27 0 
0 953 0 0 0 606 512 185 475 0 101 0 427 992 797 0 0 861 57 670 0 0 200 126 0 0 983 567 0 0 356 172 171 0 0 949 0 0 282 586 0 0 0 618 738 587 151 799 289 164 130 981 405 977 547 148 461 891 756 0 0 42 0 469 318 881 812 751 0 410 915 743 0 0 453 595 358 0 710 0 396 0 294 277 250 944 0 404 872 760 0 339 178 690 801 731 899 392 478 742 70 200 0 0 842 807 0 0 648 228 0 130 243 978 329 0 204 870 0 355 494 508 770 0 0 0 494 302 342 0 0 0 354 363 991 0 134 666 274 0 913 0 0 323 408 6 848 23 518 0 0 697 647 641 992 341 755 0 0 737 738 525 0 49 117 320 0 0 378 641 506 19 669 560 885 0 746 534 661 187 587 852 390 0 675 652 870 366 771 623 832 257 419 987 328 71 330 17 61 0 930 651 0 197 30 663 0 90 0 959 0 637 0 584 0 140 73 96 394 383 0 706 434 253 0 642 666 0 710 324 0 0 0 711 875 49 647 0 0 0 0 0 34 520 949 769 718 755 0 738 795 586 582 0 295 0 0 106 524 251 466 215 914 430 66 0 287 530 93 855 259 0 348 892 0 0 727 128 430 997 400 811 642 107 929 74 0 805 97 298 313 102 331 97 
64 184 137 595 0 230 705 926 21 573 432 388 524 0 162 0 554 272 691 882 0 0 445 938 0 262 67 0 830 0 707 495 0 424 668 982 0 0 214 314 684 136 473 467 627 0 0 19 643 173 0 42 821 0 406 558 766 0 520 395 313 441 333 0 0 643 771 294 0 33 934 836 634 728 135 0 104 0 292 0 181 69 0 356 176 652 563 0 862 541 518 0 773 760 0 0 0 0 61 702 136 123 958 23 945 286 0 148 820 76 740 203 661 876 0 0 0 0 0 889 297 968 879 0 242 0 815 647 519 362 895 0 457 848 921 909 509 459 0 53 493 674 329 221 310 689 967 46 918 0 684 691 297 0 566 166 757 517 891 0 168 590 824 873 593 768 40 0 209 737 0 894 691 787 178 0 909 71 990 478 0 88 207 758 0 816 985 22 543 397 622 74 852 0 272 736 387 128 75 0 837 844 392 865 720 738 0 788 341 680 146 726 0 142 578 790 965 855 0 0 226 315 754 927 83 948 657 464 772 154 750 86 0 559 163 128 662 130 684 707 447 822 376 400 0 0 900 0 983 350 392 454 0 215 967 625 23 423 0 0 948 934 0 459 8 124 0 16 304 216 116 0 309 436 8 0 490 577 19 370 473 0 119 908 950 75 29 109 544 185 0 554 206 0 
453 823 98 0 0 67 134 0 0 3 876 6 0 200 288 906 283 0 0 920 200 445 0 810 0 426 0 0 880 0 24 383 345 701 101 394 0 861 0 429 18 134 358 0 371 607 157 16 123 217 767 572 0 614 110 558 82 861 253 108 467 923 0 234 16 624 0 0 0 811 0 484 488 250 602 126 0 0 467 474 0 0 392 966 360 0 49 973 0 666 582 289 933 749 439 200 839 332 810 893 57 695 334 533 0 0 0 966 0 624 0 431 685 555 349 322 153 499 441 895 507 817 755 925 295 0 917 668 334 313 659 0 981 96 62 0 926 0 441 441 895 0 0 0 0 468 848 959 716 965 10 0 0 0 0 342 822 435 0 107 685 0 0 846 0 745 892 264 320 99 309 481 348 843 732 326 911 904 881 154 78 547 0 0 995 59 0 0 0 640 0 0 933 726 0 717 54 214 529 280 0 231 304 747 265 646 0 0 518 625 0 696 0 763 769 371 213 860 905 732 18 624 0 374 588 53 582 592 842 0 292 193 678 0 4 0 0 154 0 505 27 635 190 0 830 219 399 793 0 637 734 0 130 53 399 347 17 573 569 0 0 0 0 871 803 0 605 396 0 261 411 38 887 999 0 349 707 0 560 108 0 790 438 543 715 41 0 358 258 0 746 0 119 725 
582 862 762 295 0 205 407 994 849 914 0 95 606 339 796 724 0 238 756 874 126 938 810 0 0 181 822 859 814 0 528 0 316 185 865 444 512 688 0 641 631 871 89 577 0 865 0 0 253 696 0 301 858 0 912 437 13 760 922 0 278 479 0 302 0 353 0 744 0 651 330 0 0 921 116 833 746 0 127 0 840 0 0 0 909 667 0 143 251 288 626 575 59 274 668 0 967 735 734 857 445 677 346 691 531 419 272 774 733 711 817 520 872 686 0 0 975 401 763 0 613 397 43 482 151 366 0 751 0 313 0 449 887 811 0 0 197 717 472 0 2 0 173 0 0 0 904 226 934 634 928 0 0 727 894 328 899 209 0 0 0 0 361 0 214 527 203 108 439 0 822 7 667 0 790 835 132 0 465 0 536 0 843 505 515 421 174 789 125 246 797 174 401 39 721 0 612 959 323 0 0 547 155 226 909 906 0 230 16 0 856 96 0 584 404 562 723 799 0 885 681 275 911 0 0 38 800 0 553 314 112 533 0 583 575 0 655 0 601 0 115 10 806 487 882 0 305 869 9 0 592 333 679 0 37 0 322 107 0 0 0 0 839 75 355 0 0 927 381 0 0 728 94 612 0 913 0 91 936 585 82 240 0 0 507 893 237 913 114 482 958 773 615 0 
34 756 777 881 0 253 400 0 0 0 825 353 413 0 0 784 336 0 544 837 0 0 0 0 0 0 240 537 234 442 0 392 672 729 85 886 688 453 0 276 492 0 598 361 129 478 0 885 904 953 645 0 708 0 743 443 500 696 745 278 328 609 991 131 737 440 511 0 320 859 964 0 985 0 219 517 298 546 240 0 987 195 693 449 527 381 84 0 466 132 196 875 312 510 208 696 0 196 222 188 955 0 947 75 807 0 0 98 145 0 175 854 0 598 0 258 315 179 0 722 482 191 0 957 418 0 0 311 148 101 389 827 0 947 0 0 308 778 814 292 0 327 213 0 823 506 964 334 901 749 120 457 59 962 1 325 214 0 486 533 881 408 47 287 336 601 109 272 951 0 245 0 177 541 0 0 579 345 640 663 547 366 892 0 222 834 93 704 341 307 235 354 0 131 420 818 127 0 0 0 105 644 429 490 0 892 0 194 190 0 276 526 952 495 690 0 907 493 241 345 0 592 147 0 0 0 830 225 0 959 0 628 307 206 0 0 374 332 405 423 706 135 624 226 560 986 0 536 23 918 552 620 201 127 263 580 18 293 803 937 814 801 0 187 349 435 224 0 360 980 0 143 768 418 452 0 478 0 773 52 986 806 847 0 564 629 435 17 565 0 403 0 0 0 
762 871 56 66 691 858 652 146 0 260 284 247 733 0 741 814 219 61 755 354 0 262 426 181 0 0 0 896 0 0 0 338 0 441 35 579 162 947 851 0 0 242 629 0 296 161 760 0 0 260 892 0 344 336 757 0 0 233 28 213 932 542 415 571 76 0 56 0 75 250 128 521 0 187 319 366 0 98 647 13 160 297 821 612 240 473 659 0 0 640 468 751 0 0 848 613 0 929 128 234 166 563 46 0 398 210 961 749 136 640 744 617 0 0 923 843 0 423 663 277 403 477 497 21 24 21 0 108 0 0 0 0 246 337 0 942 677 467 237 0 505 613 168 647 480 147 260 0 417 353 215 346 639 231 0 350 0 0 234 350 0 0 761 630 866 488 370 81 891 116 965 112 0 642 88 291 85 0 0 763 269 970 0 0 882 0 0 0 891 889 273 683 174 0 623 565 216 528 0 540 679 269 66 889 562 433 0 89 0 57 479 212 607 430 0 0 0 0 212 0 591 30 0 0 439 194 357 0 978 308 0 619 562 698 703 0 206 639 0 442 118 769 14 719 283 495 349 108 905 206 0 407 304 132 0 0 399 851 0 452 0 0 669 697 0 650 565 637 0 0 0 707 66 593 301 407 550 462 379 41 83 250 580 519 808 0 954 132 919 553 925 871 0 758 
0 7 178 459 76 955 827 828 267 413 184 831 0 415 0 34 978 182 923 752 983 67 0 822 240 0 0 383 146 194 0 476 340 825 691 637 502 0 0 39 0 16 286 0 248 0 0 75 810 0 384 0 0 724 0 279 0 0 372 770 867 659 77 138 861 0 755 915 920 238 178 592 716 0 979 919 965 567 721 468 58 844 942 94 122 184 0 0 863 384 988 607 0 816 371 500 751 555 0 224 606 0 0 710 0 810 110 157 712 0 0 0 156 51 533 0 872 0 469 274 452 0 3 513 0 611 0 380 546 572 0 0 668 946 0 434 296 334 540 150 393 172 524 115 135 804 650 0 0 0 753 811 619 322 433 681 68 478 583 879 915 0 706 24 536 297 0 732 112 234 374 710 0 494 685 480 0 0 652 993 208 127 870 435 0 452 866 0 75 539 232 553 487 877 718 252 965 0 0 109 679 715 914 125 0 149 479 431 176 325 574 856 33 0 398 336 0 122 0 577 76 0 390 0 966 189 418 656 932 0 466 792 969 594 0 650 255 444 0 0 396 0 12 0 816 128 748 669 968 703 0 474 930 828 909 0 939 279 351 0 0 0 271 27 32 63 182 989 259 612 653 422 934 0 733 0 0 157 0 486 84 177 200 291 78 399 856 764 251 93 0 531 694 763 
336 666 612 666 0 881 0 622 888 736 313 0 955 921 310 488 569 806 463 996 567 0 0 859 537 896 383 0 671 726 0 0 661 258 233 423 518 615 295 215 976 507 59 0 617 0 0 281 828 0 0 544 695 635 0 0 0 0 634 0 0 0 348 610 514 449 808 361 138 0 714 0 353 335 552 0 659 442 658 0 433 204 312 172 0 0 514 187 693 21 502 762 645 604 259 0 999 201 337 0 960 821 337 186 140 0 208 343 500 562 64 589 302 0 583 0 640 673 124 111 490 0 716 630 216 0 923 831 388 32 536 206 400 381 148 184 917 631 0 166 645 308 95 571 325 148 303 858 313 47 79 767 71 847 320 949 643 331 663 213 0 565 471 699 155 537 0 723 974 413 982 0 0 472 415 0 441 292 856 107 718 0 346 687 0 385 445 364 0 0 585 328 676 0 151 542 692 354 377 129 886 0 260 688 687 0 0 971 0 971 199 90 0 4 639 832 124 673 990 572 299 629 380 510 514 0 196 809 0 500 22 0 0 371 0 604 452 0 290 150 515 0 466 0 0 655 0 165 272 0 0 329 772 703 572 533 0 997 0 0 778 654 656 718 906 398 771 390 673 278 438 0 151 646 916 687 0 312 356 673 0 875 528 615 0 75 0 953 489 178 329 27 916 858 
136 0 786 544 854 971 543 752 0 764 0 229 29 965 815 0 123 671 745 615 0 830 880 814 234 0 146 671 0 0 176 0 965 0 0 0 226 0 0 51 517 0 302 989 69 523 0 323 0 0 265 498 0 627 481 169 161 644 0 508 506 726 811 213 652 528 109 208 68 0 62 435 808 822 0 902 475 699 164 540 0 847 35 649 857 220 671 842 825 982 293 871 0 3 138 0 0 136 0 57 0 204 417 964 873 736 783 0 972 21 0 450 656 783 843 0 0 482 870 221 498 0 286 203 743 87 441 362 340 92 480 0 0 0 507 0 871 496 3 0 987 0 203 900 415 214 986 0 816 927 267 560 897 446 459 960 0 0 794 659 583 0 0 0 858 817 494 529 600 611 0 625 682 55 76 871 531 0 0 105 608 0 214 790 244 630 247 795 528 0 0 0 0 337 276 659 651 0 628 511 113 116 175 572 581 0 378 946 594 716 709 0 872 669 0 0 0 0 364 501 563 0 761 329 617 961 408 405 303 300 613 98 0 0 542 0 435 664 590 0 73 88 0 646 0 405 0 0 697 416 786 0 852 0 0 940 349 222 942 307 308 713 123 859 688 835 926 0 0 0 617 0 424 282 8 364 795 918 132 351 298 284 979 124 573 0 516 0 6 318 701 0 0 853 
184 121 119 13 438 57 976 108 843 815 681 0 225 274 529 0 763 738 308 603 0 0 0 0 442 0 194 726 0 0 996 906 923 898 911 366 0 138 0 0 742 421 0 0 303 840 497 852 292 0 966 111 92 758 462 0 0 278 0 777 0 0 637 301 18 381 306 106 573 0 852 0 219 611 272 912 390 0 515 805 558 583 647 148 896 584 834 0 394 338 681 232 0 524 626 611 0 754 117 531 420 677 243 91 533 635 313 679 661 594 272 172 0 0 849 615 0 268 0 153 137 716 891 224 0 313 142 570 0 0 554 509 0 666 0 915 0 717 30 119 31 894 0 156 515 744 677 70 57 0 670 0 864 399 0 0 518 286 0 581 125 125 706 388 882 150 288 757 369 0 491 0 939 0 252 0 72 315 833 448 393 317 931 800 227 717 19 0 347 0 353 575 715 384 919 986 168 119 338 35 51 723 186 856 710 704 484 271 823 761 86 870 798 278 218 460 301 191 0 0 0 965 0 346 19 131 712 785 624 722 504 762 690 138 16 0 312 0 654 0 943 344 217 274 426 641 900 318 306 0 0 528 321 925 818 125 413 914 431 288 482 282 316 0 63 0 0 0 366 550 981 905 0 334 446 0 331 592 872 834 407 0 56 474 233 221 605 538 0 96 489 0 0 544 
647 760 0 424 0 884 882 986 784 0 0 0 0 0 534 864 108 292 0 928 356 707 24 528 0 0 0 0 176 996 0 0 366 213 986 131 0 81 74 0 304 0 485 104 975 853 0 99 803 0 723 541 0 0 115 301 262 0 0 0 436 198 915 563 64 145 833 337 360 30 25 888 408 563 611 376 799 22 466 0 771 472 558 0 287 182 0 855 960 941 542 465 811 712 537 899 589 540 0 297 409 689 853 664 931 424 160 918 0 897 0 918 737 833 885 223 8 0 883 738 144 978 501 756 696 0 0 791 835 476 538 785 677 912 884 314 0 761 0 901 974 301 0 671 747 273 0 993 0 452 0 606 0 588 460 0 781 419 502 169 543 238 226 557 830 611 293 338 675 0 3 540 432 360 877 724 597 194 0 477 0 808 22 0 470 47 913 0 808 0 820 0 481 245 0 684 0 30 0 0 0 0 999 0 667 535 885 0 0 634 580 480 538 0 394 249 180 406 722 373 115 67 876 842 0 710 806 675 707 0 30 0 0 275 0 49 542 183 495 340 447 992 987 655 0 49 870 104 0 0 726 0 0 686 0 572 0 836 0 868 492 494 0 514 0 927 394 132 752 563 982 706 367 97 343 52 680 0 582 0 707 879 0 827 455 612 988 706 806 0 0 0 0 985 
456 835 185 0 667 328 0 457 0 43 311 683 69 606 0 427 996 454 754 482 172 495 383 0 392 338 476 0 0 906 0 0 0 200 0 583 369 597 0 476 0 725 312 680 154 571 142 649 953 792 776 188 445 999 630 193 620 0 0 16 0 158 0 227 0 605 294 806 666 350 368 925 151 744 468 0 0 0 0 0 551 0 829 892 916 68 444 100 0 457 185 265 390 85 0 666 0 72 610 0 106 0 220 678 0 0 198 703 0 0 173 370 32 70 0 973 0 549 0 478 175 734 597 813 659 939 0 400 361 0 60 259 579 550 650 0 0 634 0 124 507 705 777 907 636 304 354 166 700 0 0 577 0 0 757 0 0 801 0 0 542 727 38 30 505 117 897 775 441 354 794 470 420 558 909 812 0 511 0 17 772 907 98 0 0 957 350 629 0 454 278 175 785 705 0 75 825 103 0 638 221 905 872 183 910 837 688 105 799 0 395 547 449 0 3 80 594 0 0 186 247 792 327 645 150 96 0 844 0 41 0 360 0 203 0 178 95 525 989 525 765 0 61 731 513 0 0 194 292 787 472 384 273 0 0 202 0 137 842 0 0 416 447 724 0 277 0 290 0 0 0 364 501 829 832 694 0 713 824 601 234 624 922 267 0 0 356 270 784 518 537 636 686 519 
840 581 0 867 204 851 321 601 0 562 541 617 320 415 0 368 698 0 0 0 171 0 345 316 672 0 340 661 965 923 366 0 0 768 632 47 733 0 518 245 447 0 304 0 0 423 410 0 0 0 69 0 101 0 393 713 0 773 997 436 487 212 0 481 668 172 202 575 381 284 722 458 745 702 0 0 845 320 455 0 462 878 932 115 391 0 0 48 868 356 542 135 960 573 743 925 363 167 989 0 0 856 678 108 0 131 0 0 588 755 215 0 765 92 699 994 99 0 730 683 606 989 248 0 0 840 378 356 97 115 359 423 688 581 0 567 797 440 344 765 953 854 218 478 758 100 374 0 407 0 147 141 101 0 0 0 675 65 936 0 507 923 0 0 265 617 0 125 460 569 306 156 0 988 275 735 0 112 0 255 802 466 0 0 0 562 0 469 392 0 0 0 456 804 819 0 266 805 500 697 44 0 0 0 0 255 590 0 434 787 0 0 609 0 143 843 0 94 34 447 199 364 267 520 308 399 0 594 991 0 0 483 0 0 668 214 549 0 223 908 430 0 0 691 0 0 30 509 935 940 5 198 338 0 477 746 929 0 0 0 935 696 792 0 580 388 0 781 0 0 631 836 172 0 0 40 851 0 153 913 0 891 0 18 0 167 0 0 767 894 0 0 696 211 
22 0 250 301 0 0 0 402 552 0 383 0 0 0 521 372 904 0 0 0 0 424 701 185 729 441 825 258 0 898 213 200 768 0 691 647 0 496 292 30 948 0 0 106 18 150 0 150 516 0 98 0 396 858 0 513 905 364 131 323 240 0 702 738 198 584 452 0 0 808 185 810 735 674 0 235 714 722 0 365 668 615 70 894 0 862 530 189 0 0 905 590 503 465 794 489 232 635 40 0 553 965 0 957 0 862 760 471 224 361 654 448 814 533 343 540 603 75 455 153 213 609 75 137 369 0 0 939 966 107 881 814 416 803 0 153 0 822 712 201 220 797 267 86 345 0 0 499 443 0 859 642 290 0 530 49 473 0 447 0 878 846 220 0 505 0 615 668 237 741 0 0 0 900 967 497 582 0 793 430 854 17 161 984 0 626 285 79 805 311 0 101 666 675 31 905 230 357 42 417 335 877 0 294 4 0 200 436 845 945 539 395 945 603 291 645 287 0 329 984 84 599 393 429 346 0 0 564 683 154 862 836 234 447 628 361 394 547 0 417 13 787 0 45 511 787 206 0 79 0 59 902 234 369 0 999 305 542 432 0 600 0 455 0 214 180 15 905 892 55 587 0 0 951 634 590 0 0 0 905 280 381 691 0 0 61 178 96 671 0 0 0 967 464 
0 710 0 982 136 48 513 312 0 0 0 0 0 0 162 942 771 387 0 0 0 668 101 865 85 35 691 233 0 911 986 0 632 691 0 894 765 0 449 13 798 190 240 443 436 0 926 0 0 0 260 0 0 808 2 972 0 0 707 402 308 0 0 955 0 14 632 849 854 457 114 571 481 460 161 778 618 707 0 317 358 752 0 6 0 768 651 461 0 977 213 37 0 0 786 562 431 921 785 0 948 7 0 441 651 211 0 124 940 0 78 723 696 589 917 601 0 0 449 0 0 567 0 508 699 0 0 0 0 238 0 756 44 228 0 0 0 924 0 0 884 694 536 589 247 537 0 0 234 545 562 0 0 0 516 613 554 83 0 55 626 863 858 732 557 694 0 0 997 65 630 0 754 869 497 0 163 190 0 924 432 554 889 66 806 0 980 373 909 0 81 265 0 362 788 0 678 0 700 336 704 0 769 934 605 180 63 203 805 139 415 0 0 173 0 518 0 0 78 234 332 0 800 81 974 0 306 0 793 433 241 0 184 551 0 0 296 717 0 0 750 924 490 883 513 418 542 455 820 716 829 447 0 294 575 237 759 785 0 957 0 0 0 313 901 676 0 0 672 10 597 553 849 0 377 379 761 642 605 660 575 76 162 320 454 840 0 728 318 7 263 81 649 0 
414 114 520 786 0 0 269 0 247 83 581 611 0 22 7 172 400 322 474 0 949 982 394 444 886 579 637 423 0 366 131 583 47 647 894 0 205 0 688 0 570 85 116 657 865 408 844 534 0 126 245 0 151 376 879 0 410 371 398 968 927 154 868 173 318 227 0 0 578 0 712 0 559 617 0 569 167 593 677 546 715 997 605 408 0 242 160 610 137 0 0 0 0 37 0 891 753 573 726 0 0 453 900 0 648 0 593 0 30 788 362 704 257 514 968 558 686 0 217 178 0 226 536 0 0 528 702 338 0 962 44 542 244 478 0 997 0 0 124 0 255 0 0 633 0 636 488 0 0 132 780 768 0 766 672 45 0 533 0 0 712 4 443 0 839 0 852 415 0 0 327 324 972 627 920 958 0 0 674 960 456 744 24 847 35 284 0 834 0 0 554 0 469 569 539 963 131 0 802 526 147 985 9 179 611 210 872 0 355 0 0 0 487 0 209 0 756 405 887 940 157 248 539 924 779 0 21 652 521 48 0 847 549 3 396 0 245 622 402 0 699 663 0 528 445 354 8 0 919 0 0 173 0 816 705 639 0 808 643 66 953 0 0 886 547 862 712 156 329 177 62 679 0 596 788 667 584 0 0 968 0 56 320 0 0 868 347 594 0 526 833 310 525 0 
0 69 844 54 682 0 977 275 579 50 813 0 617 594 281 634 673 547 780 0 0 0 0 512 688 162 502 518 226 0 0 369 733 0 765 205 0 0 0 0 851 508 922 389 763 156 896 0 899 112 715 266 614 0 963 0 424 630 605 255 0 724 493 524 682 287 504 585 858 307 0 370 722 568 0 590 881 738 679 126 436 825 0 0 163 451 827 855 0 0 0 425 259 53 807 179 868 493 0 888 504 588 880 0 896 0 2 989 0 435 900 0 784 770 796 43 957 0 0 268 0 0 689 0 0 725 261 632 923 0 297 0 0 987 590 152 0 661 882 429 88 671 479 694 0 820 0 592 168 0 116 0 748 0 169 529 897 360 674 191 297 389 0 60 941 108 971 0 221 449 806 282 144 0 33 370 581 268 262 0 522 0 0 0 0 362 0 8 936 452 632 105 367 0 242 524 708 0 426 0 855 0 563 625 288 230 805 873 772 581 51 46 901 882 169 537 0 447 727 519 270 0 381 465 793 995 542 0 688 650 157 489 96 0 947 167 0 0 561 843 0 729 0 890 170 794 997 874 313 0 654 0 893 189 0 26 201 0 0 0 0 436 809 477 804 0 651 123 7 991 658 166 0 0 765 606 0 401 0 78 728 0 701 582 226 520 867 0 0 847 0 0 826 737 
768 311 319 431 235 195 701 3 84 369 110 225 701 446 225 809 566 450 0 961 0 0 861 688 453 947 0 615 0 138 81 597 0 496 0 0 0 0 987 137 245 0 146 346 999 196 0 723 255 647 445 0 131 0 962 0 450 415 678 740 0 965 0 65 392 304 836 77 654 0 871 665 352 61 229 309 705 544 272 234 485 292 0 309 982 0 468 795 338 197 0 721 0 35 309 858 0 110 740 862 88 87 756 0 517 701 603 8 717 260 631 0 0 390 235 434 0 0 319 389 0 632 89 558 75 0 0 109 748 848 517 488 786 407 68 793 381 798 0 719 537 0 0 0 0 0 153 82 469 0 0 0 400 0 949 268 0 87 993 583 699 669 0 1 859 745 592 0 0 151 542 802 0 936 261 0 728 815 465 812 288 566 649 823 563 0 392 75 534 788 0 136 767 857 741 45 426 648 732 0 653 640 0 716 577 923 690 196 394 0 826 785 90 52 577 0 872 221 527 0 74 780 676 59 639 231 0 245 258 175 0 860 788 531 974 929 0 936 0 791 557 395 279 0 427 0 514 0 915 283 194 807 763 0 229 417 0 0 886 789 369 602 112 0 0 894 0 816 0 334 0 709 859 779 545 293 542 459 0 0 544 874 862 608 0 247 0 0 121 0 965 303 833 695 
284 912 0 0 519 891 0 41 372 880 0 950 280 0 201 687 728 980 686 207 282 214 0 0 0 851 0 295 0 0 74 0 518 292 449 688 0 987 0 889 0 430 0 729 775 357 0 63 852 456 999 190 16 668 642 835 0 0 0 330 375 495 892 63 0 947 0 0 847 0 37 938 254 0 0 814 265 631 0 894 690 739 271 502 311 0 0 933 299 0 741 242 0 870 540 188 507 774 102 0 157 0 498 560 0 835 201 791 0 0 0 465 748 561 170 872 649 401 795 0 633 630 158 625 886 955 508 608 952 554 66 746 0 254 0 0 545 0 503 485 933 77 210 231 417 356 776 823 901 516 0 1 0 19 446 525 0 0 246 0 60 646 687 0 0 967 282 854 540 102 571 0 128 843 740 689 336 159 723 373 871 885 536 89 136 0 707 0 443 0 884 426 85 520 758 873 212 139 582 0 200 711 393 0 533 846 568 0 20 0 0 550 0 196 72 982 608 18 585 0 849 0 447 887 574 0 0 0 180 96 0 582 582 0 646 27 824 366 400 0 0 690 0 0 92 633 818 179 0 338 618 0 41 741 547 502 170 127 0 764 19 578 590 766 0 752 952 863 98 475 0 0 106 0 888 112 382 414 544 0 813 0 908 241 670 689 161 0 83 21 455 508 0 976 
