0 15 352 0 127 0 847 702 947 190 748 482 0 73 262 185 563 969 861 763 373 163 991 125 538 204 274 262 408 453 839 472 522 45 271 0 0 0 162 70 495 0 677 0 0 0 893 0 0 415 921 711 0 250 931 0 480 647 249 939 404 0 0 0 434 162 367 477 477 44 929 596 743 43 0 294 0 191 58 890 0 704 0 410 
15 0 875 93 957 0 0 509 281 0 260 163 519 0 891 270 0 770 0 237 564 280 903 670 659 803 277 118 216 735 0 785 53 0 0 0 613 518 0 473 612 215 60 191 402 0 0 338 992 750 794 989 0 201 0 971 375 947 222 939 172 0 841 392 363 941 823 900 28 748 308 316 856 300 945 553 0 396 909 323 425 168 410 669 
352 875 0 409 999 343 733 0 599 538 0 657 0 644 41 888 875 9 0 641 192 356 515 0 999 311 359 589 950 0 0 415 0 962 650 345 555 897 533 227 569 951 169 502 886 981 481 0 0 805 0 270 693 946 565 0 656 963 468 0 0 0 492 631 0 38 204 0 149 91 507 182 915 0 0 778 901 0 584 793 110 0 0 139 
0 93 409 0 100 244 541 0 309 475 684 265 115 0 956 459 90 214 221 172 158 643 0 885 429 119 738 234 909 168 957 400 0 780 750 254 669 0 940 0 535 627 431 124 669 591 838 331 186 519 0 814 908 0 168 434 707 948 0 10 0 64 442 0 301 257 112 639 671 955 197 77 332 0 306 0 84 0 0 99 488 261 460 226 
127 957 999 100 0 643 994 876 771 0 700 909 0 0 136 0 0 0 763 0 911 482 78 591 697 0 596 0 876 0 0 0 0 0 756 0 694 0 0 0 0 834 551 0 0 962 573 804 650 0 379 795 625 324 539 3 0 13 875 840 0 642 0 928 143 255 750 910 309 0 941 719 480 810 572 0 634 28 439 0 47 583 0 238 
0 0 343 244 643 0 253 845 591 0 143 739 0 620 318 76 569 521 0 950 0 511 265 345 0 944 798 0 880 0 0 360 0 136 532 615 721 412 595 103 0 0 288 579 863 0 794 996 128 0 0 988 548 951 948 0 227 505 651 573 836 0 0 194 724 662 0 0 0 0 153 79 525 0 841 0 127 0 266 0 21 118 0 364 
847 0 733 541 994 253 0 931 930 703 974 175 0 857 434 0 0 837 378 660 196 0 0 733 601 756 0 889 40 0 828 506 544 0 14 999 575 580 747 231 0 194 475 310 887 103 192 0 478 637 414 705 0 405 0 622 0 759 840 123 264 484 0 0 495 191 463 521 612 0 699 0 971 530 689 0 780 486 918 298 338 209 850 217 
702 509 0 0 876 845 931 0 732 637 272 744 926 36 91 637 712 636 0 0 662 701 309 221 223 0 484 0 195 613 705 479 0 50 0 339 0 690 237 132 14 912 523 172 40 0 454 350 660 767 371 980 234 489 0 55 270 0 0 510 821 0 560 0 517 0 316 0 0 474 62 886 967 107 0 215 0 0 3 523 729 0 93 0 
947 281 599 309 771 591 930 732 0 0 611 605 172 95 386 198 893 662 0 619 639 974 88 173 909 0 234 564 362 930 748 164 0 719 912 268 641 610 359 0 97 0 0 707 0 191 214 691 0 147 131 752 0 695 603 364 0 340 465 895 68 983 640 88 0 0 0 623 239 986 0 129 97 225 768 922 0 990 411 489 886 505 339 277 
190 0 538 475 0 0 703 637 0 0 0 286 0 880 0 511 239 224 525 891 717 709 613 914 0 976 759 697 0 612 395 415 489 719 554 812 265 191 374 226 333 646 174 45 850 177 269 832 166 149 220 0 558 0 961 770 493 170 132 757 549 873 0 0 422 782 826 937 911 986 0 0 635 244 100 578 565 468 0 627 113 0 47 120 
748 260 0 684 700 143 974 272 611 0 0 324 516 0 894 575 216 988 0 91 868 590 118 634 906 0 978 331 517 96 0 261 793 916 434 181 786 489 429 437 841 16 68 906 0 869 303 365 0 179 446 82 500 279 708 864 780 784 835 953 726 21 41 446 0 491 0 619 0 528 0 62 650 883 221 0 82 0 0 875 0 537 0 288 
482 163 657 265 909 739 175 744 605 286 324 0 760 291 381 864 559 86 106 244 0 791 587 738 392 0 186 0 0 984 987 0 392 259 575 914 656 817 611 713 559 717 533 0 123 961 0 0 893 142 267 986 373 188 490 0 0 771 268 803 935 903 923 82 948 0 182 611 63 929 0 537 0 698 733 352 0 0 347 0 552 0 917 883 
0 519 0 115 0 0 0 926 172 0 516 760 0 0 229 0 17 380 432 981 936 0 0 0 231 434 541 0 580 321 699 794 912 127 150 348 87 203 745 737 2 0 676 0 364 169 361 419 505 649 318 0 27 635 636 0 250 513 169 458 0 133 341 490 569 0 812 0 205 571 626 282 361 152 385 0 641 791 0 538 263 858 0 856 
73 0 644 0 0 620 857 36 95 880 0 291 0 0 921 380 227 999 349 0 682 0 0 0 956 16 144 989 0 701 271 517 0 155 311 0 743 157 0 663 632 47 806 6 33 0 386 564 799 929 0 0 756 662 899 0 938 749 0 772 729 0 0 0 199 161 0 0 960 0 0 0 503 324 241 843 421 151 157 0 153 828 425 63 
262 891 41 956 136 318 434 91 386 0 894 381 229 921 0 476 13 556 817 0 657 134 150 121 419 252 725 807 683 636 0 0 830 729 35 239 557 754 893 243 0 655 0 358 0 845 969 61 42 454 645 0 0 0 0 54 14 343 406 744 616 0 293 891 0 354 487 595 800 657 0 174 0 634 200 57 0 0 678 0 0 695 451 207 
185 270 888 459 0 76 0 637 198 511 575 864 0 380 476 0 191 0 46 0 440 0 470 0 547 910 439 0 247 844 0 116 0 303 579 988 5 275 0 0 915 0 0 0 281 169 619 136 391 951 624 884 471 0 896 821 704 0 295 979 435 0 885 194 491 275 223 943 68 173 0 302 8 525 0 0 504 507 587 169 80 761 0 205 
563 0 875 90 0 569 0 712 893 239 216 559 17 227 13 191 0 837 0 0 0 0 226 0 515 350 0 620 334 0 816 803 883 589 0 258 351 0 788 0 1 691 56 342 543 0 0 0 487 852 382 0 256 661 232 723 249 328 0 0 352 81 256 668 0 353 951 209 0 0 244 543 348 106 231 486 307 420 0 0 0 204 445 0 
969 770 9 214 0 521 837 636 662 224 988 86 380 999 556 0 837 0 534 0 234 356 911 628 62 237 978 0 0 196 511 423 0 626 408 50 0 642 456 121 381 0 315 0 735 235 927 434 836 0 0 38 170 470 0 873 0 0 377 520 0 0 0 0 848 674 0 0 0 180 386 857 561 819 145 57 0 892 531 200 134 35 0 302 
861 0 0 221 763 0 378 0 0 525 0 106 432 349 817 46 0 534 0 253 0 0 546 473 0 294 112 726 210 68 315 0 611 362 0 53 0 326 624 0 0 0 721 234 96 676 661 74 0 535 14 874 73 9 785 0 982 53 0 739 50 675 269 359 893 206 532 38 130 115 93 268 744 547 127 0 524 510 685 545 270 43 93 533 
763 237 641 172 0 950 660 0 619 891 91 244 981 0 0 0 0 0 253 0 0 822 250 0 0 0 178 380 430 11 717 608 944 0 984 0 0 947 58 829 957 448 697 0 0 0 924 706 0 0 848 304 61 542 542 282 117 257 0 0 212 0 467 511 874 838 343 922 446 172 0 601 634 293 0 0 0 270 0 355 43 24 0 215 
373 564 192 158 911 0 196 662 639 717 868 0 936 682 657 440 0 234 0 0 0 907 0 135 787 581 353 699 0 178 369 0 893 833 612 997 92 648 0 615 0 593 159 766 442 267 837 32 23 555 0 687 0 0 662 0 434 709 532 857 20 59 0 895 910 211 47 78 39 182 668 376 579 305 0 0 562 0 0 546 236 590 8 112 
163 280 356 643 482 511 0 701 974 709 590 791 0 0 134 0 0 356 0 822 907 0 626 278 714 792 988 701 262 645 658 863 568 765 120 704 496 61 0 621 172 0 813 134 161 383 156 607 365 647 406 834 395 0 226 957 900 659 639 663 464 241 409 0 779 290 977 324 0 353 540 0 524 0 190 183 0 0 0 0 0 76 0 875 
991 903 515 0 78 265 0 309 88 613 118 587 0 0 150 470 226 911 546 250 0 626 0 105 950 380 0 17 463 644 583 48 0 633 0 812 536 938 588 39 232 622 951 0 0 13 857 397 0 0 0 895 719 385 451 768 0 589 0 135 699 430 405 0 601 720 163 123 794 364 0 768 343 65 0 283 104 959 0 0 338 350 886 235 
125 670 0 885 591 345 733 221 173 914 634 738 0 0 121 0 0 628 473 0 135 278 105 0 457 255 703 317 994 0 190 195 930 797 759 0 0 0 103 56 718 799 0 109 148 178 0 738 736 657 0 0 116 324 312 804 285 342 25 975 0 248 0 327 76 0 406 985 874 283 0 781 643 202 980 56 571 335 412 0 860 84 0 442 
538 659 999 429 697 0 601 223 909 0 906 392 231 956 419 547 515 62 0 0 787 714 950 457 0 198 611 516 0 0 31 777 0 0 710 309 0 0 596 434 0 630 731 553 90 832 87 778 873 312 134 380 437 0 466 407 264 898 700 657 118 765 0 521 0 67 0 666 0 151 389 433 0 0 0 174 567 857 853 765 228 758 597 419 
204 803 311 119 0 944 756 0 0 976 0 0 434 16 252 910 350 237 294 0 581 792 380 255 198 0 513 0 427 740 847 177 403 0 0 0 961 110 212 219 865 565 753 314 451 857 947 776 68 672 303 96 522 791 810 413 302 959 238 168 769 648 633 311 580 555 0 14 696 0 828 889 800 201 271 305 239 0 50 381 972 0 856 633 
274 277 359 738 596 798 0 484 234 759 978 186 541 144 725 439 0 978 112 178 353 988 0 703 611 513 0 920 0 974 0 664 0 276 204 0 0 0 376 279 580 130 733 0 296 449 0 0 219 456 8 556 273 266 706 807 941 952 0 375 577 922 0 0 0 824 47 926 253 371 0 0 305 839 0 0 590 0 465 747 0 0 516 464 
262 118 589 234 0 0 889 0 564 697 331 0 0 989 807 0 620 0 726 380 699 701 17 317 516 0 920 0 67 0 601 75 194 0 0 392 0 464 113 13 0 229 0 785 254 0 687 848 0 975 275 0 800 173 740 0 420 820 872 325 788 314 866 799 970 292 452 0 0 317 283 0 0 0 273 886 0 98 0 14 774 286 0 332 
408 216 950 909 876 880 40 195 362 0 517 0 580 0 683 247 334 0 210 430 0 262 463 994 0 427 0 67 0 12 340 797 146 0 452 160 829 508 395 0 797 0 0 597 0 503 881 665 56 328 0 395 484 660 515 0 65 0 678 796 0 406 560 48 804 739 399 0 726 0 0 19 139 0 103 826 343 0 123 86 0 760 671 0 
453 735 0 168 0 0 0 613 930 612 96 984 321 701 636 844 0 196 68 11 178 645 644 0 0 740 974 0 12 0 425 482 831 900 52 518 978 244 998 643 0 694 0 186 212 0 0 986 317 727 0 234 0 809 484 0 792 934 819 383 578 247 802 56 254 579 35 401 687 491 0 450 592 763 577 0 386 917 307 95 511 271 0 84 
839 0 0 957 0 0 828 705 748 395 0 987 699 271 0 0 816 511 315 717 369 658 583 190 31 847 0 601 340 425 0 698 0 972 425 0 587 103 696 337 17 299 0 365 242 227 418 524 842 16 25 135 456 711 0 96 641 826 368 478 744 0 527 0 498 0 265 626 268 117 354 0 0 737 620 0 168 724 779 933 986 378 819 890 
472 785 415 400 0 360 506 479 164 415 261 0 794 517 0 116 803 423 0 608 0 863 48 195 777 177 664 75 797 482 698 0 100 0 931 449 982 371 0 482 880 753 0 297 0 53 796 0 705 770 782 0 186 113 969 333 452 88 682 0 767 683 0 830 0 341 0 444 291 925 134 9 484 283 0 901 0 806 302 968 27 634 0 251 
522 53 0 0 0 0 544 0 0 489 793 392 912 0 830 0 883 0 611 944 893 568 0 930 0 403 0 194 146 831 0 100 0 0 0 429 427 481 425 0 150 0 545 863 0 201 0 7 0 240 273 678 778 0 73 0 515 524 439 412 0 674 0 11 252 0 0 514 718 440 694 164 0 0 610 373 789 382 0 0 96 0 819 0 
45 0 962 780 0 136 0 50 719 719 916 259 127 155 729 303 589 626 362 0 833 765 633 797 0 0 276 0 0 900 972 0 0 0 595 0 0 500 0 992 0 364 347 10 745 364 511 0 578 755 304 0 780 0 975 678 0 329 416 637 277 709 600 218 0 427 0 630 359 268 257 785 489 554 0 0 0 714 919 0 918 0 97 234 
271 0 650 750 756 532 14 0 912 554 434 575 150 311 35 579 0 408 0 984 612 120 0 759 710 0 204 0 452 52 425 931 0 595 0 57 0 0 0 0 400 891 799 234 228 615 34 0 388 567 0 0 882 420 0 886 0 933 804 385 838 908 366 929 0 434 408 644 387 713 818 506 0 0 525 131 0 0 0 487 0 300 981 932 
0 0 345 254 0 615 999 339 268 812 181 914 348 0 239 988 258 50 53 0 997 704 812 0 309 0 0 392 160 518 0 449 429 0 57 0 0 448 926 750 522 0 159 665 296 797 799 0 0 234 0 886 0 819 771 642 294 604 214 829 619 806 537 0 133 763 745 298 0 671 138 882 337 691 0 0 0 111 499 0 129 0 337 195 
0 613 555 669 694 721 575 0 641 265 786 656 87 743 557 5 351 0 0 0 92 496 536 0 0 961 0 0 829 978 587 982 427 0 0 0 0 696 101 458 0 220 422 891 302 943 794 870 134 0 149 570 607 271 0 768 737 269 796 261 922 847 764 580 961 298 618 75 651 476 0 0 746 271 617 728 0 500 421 6 0 445 678 788 
0 518 897 0 0 412 580 690 610 191 489 817 203 157 754 275 0 642 326 947 648 61 938 0 0 110 0 464 508 244 103 371 481 500 0 448 696 0 157 0 208 865 383 380 352 16 673 56 587 804 344 537 739 219 231 834 935 0 584 993 904 0 539 0 550 0 779 0 423 0 304 575 4 0 0 793 513 349 323 863 680 354 771 622 
162 0 533 940 0 595 747 237 359 374 429 611 745 0 893 0 788 456 624 58 0 0 588 103 596 212 376 113 395 998 696 0 425 0 0 926 101 157 0 239 468 0 68 293 64 0 229 0 561 0 414 659 967 986 268 419 16 578 232 87 887 660 405 0 903 0 495 193 186 721 501 331 800 290 0 0 517 314 951 939 468 749 949 91 
70 473 227 0 0 103 231 132 0 226 437 713 737 663 243 0 0 121 0 829 615 621 39 56 434 219 279 13 0 643 337 482 0 992 0 750 458 0 239 0 24 0 250 0 0 977 622 813 711 313 827 0 712 0 135 23 245 774 187 902 113 0 849 752 192 81 584 0 43 679 920 538 412 155 239 588 828 367 25 0 364 779 987 23 
495 612 569 535 0 0 0 14 97 333 841 559 2 632 0 915 1 381 0 957 0 172 232 718 0 865 580 0 797 0 17 880 150 0 400 522 0 208 468 24 0 841 0 0 891 557 49 569 0 88 396 95 517 0 0 945 977 497 841 781 0 88 872 116 422 115 779 831 558 893 0 743 675 93 65 989 732 961 0 0 117 252 496 0 
0 215 951 627 834 0 194 912 0 646 16 717 0 47 655 0 691 0 0 448 593 0 622 799 630 565 130 229 0 694 299 753 0 364 891 0 220 865 0 0 841 0 0 610 807 130 0 942 586 261 0 640 51 507 479 0 0 0 0 484 0 511 362 397 833 922 127 669 753 753 634 863 511 708 0 548 354 0 803 688 49 309 918 580 
677 60 169 431 551 288 475 523 0 174 68 533 676 806 0 0 56 315 721 697 159 813 951 0 731 753 733 0 0 0 0 0 545 347 799 159 422 383 68 250 0 0 0 940 965 0 541 774 93 305 181 0 378 790 859 78 862 686 274 592 184 360 30 699 0 636 812 86 611 788 320 491 712 433 0 0 684 660 34 0 0 958 553 595 
0 191 502 124 0 579 310 172 707 45 906 0 0 6 358 0 342 0 234 0 766 134 0 109 553 314 0 785 597 186 365 297 863 10 234 665 891 380 293 0 0 610 940 0 931 745 963 554 0 892 461 0 0 162 454 0 0 910 0 0 474 704 0 540 398 894 759 2 0 0 399 99 58 68 0 0 545 570 74 15 648 317 351 937 
0 402 886 669 0 863 887 40 0 850 0 123 364 33 0 281 543 735 96 0 442 161 0 148 90 451 296 254 0 212 242 0 0 745 228 296 302 352 64 0 891 807 965 931 0 278 0 0 881 847 829 412 144 722 973 361 909 321 196 86 247 0 43 693 0 810 978 476 0 589 0 690 941 0 629 548 379 468 430 818 994 0 537 396 
0 0 981 591 962 0 103 0 191 177 869 961 169 0 845 169 0 235 676 0 267 383 13 178 832 857 449 0 503 0 227 53 201 364 615 797 943 16 0 977 557 130 0 745 278 0 703 13 859 23 0 138 121 0 444 920 357 630 175 155 125 694 613 0 338 0 0 299 0 456 0 260 590 428 765 0 0 627 470 908 846 112 423 0 
893 0 481 838 573 794 192 454 214 269 303 0 361 386 969 619 0 927 661 924 837 156 857 0 87 947 0 687 881 0 418 796 0 511 34 799 794 673 229 622 49 0 541 963 0 703 0 224 0 538 156 812 232 810 685 7 884 824 762 0 161 0 442 440 585 77 739 229 0 871 225 387 253 0 474 383 85 502 359 2 550 804 319 279 
0 338 0 331 804 996 0 350 691 832 365 0 419 564 61 136 0 434 74 706 32 607 397 738 778 776 0 848 665 986 524 0 7 0 0 0 870 56 0 813 569 942 774 554 0 13 224 0 556 836 0 224 198 7 446 107 583 0 305 0 980 371 0 647 459 153 398 326 0 0 924 706 0 330 338 0 0 283 380 0 146 537 862 0 
0 992 0 186 650 128 478 660 0 166 0 893 505 799 42 391 487 836 0 0 23 365 0 736 873 68 219 0 56 317 842 705 0 578 388 0 134 587 561 711 0 586 93 0 881 859 0 556 0 652 218 0 0 579 421 428 335 292 771 429 197 458 999 425 935 21 864 0 0 584 0 947 283 0 0 0 644 764 402 0 760 65 239 0 
415 750 805 519 0 0 637 767 147 149 179 142 649 929 454 951 852 0 535 0 555 647 0 657 312 672 456 975 328 727 16 770 240 755 567 234 0 804 0 313 88 261 305 892 847 23 538 836 652 0 77 0 996 0 803 636 0 89 319 0 412 975 0 653 845 112 0 0 126 69 393 81 753 0 0 140 432 884 85 0 578 323 586 237 
921 794 0 0 379 0 414 371 131 220 446 267 318 0 645 624 382 0 14 848 0 406 0 0 134 303 8 275 0 0 25 782 273 304 0 0 149 344 414 827 396 0 181 461 829 0 156 0 218 77 0 279 0 297 396 324 0 615 702 24 569 0 0 936 124 812 0 0 719 967 548 16 149 385 36 0 161 535 0 510 932 495 329 0 
711 989 270 814 795 988 705 980 752 0 82 986 0 0 0 884 0 38 874 304 687 834 895 0 380 96 556 0 395 234 135 0 678 0 0 886 570 537 659 0 95 640 0 0 412 138 812 224 0 0 279 0 302 277 406 522 325 0 603 534 618 100 951 0 0 0 842 11 565 0 147 211 699 605 415 861 564 517 761 229 0 777 0 0 
0 0 693 908 625 548 0 234 0 558 500 373 27 756 0 471 256 170 73 61 0 395 719 116 437 522 273 800 484 0 456 186 778 780 882 0 607 739 967 712 517 51 378 0 144 121 232 198 0 996 0 302 0 0 0 777 183 823 667 164 0 608 0 0 488 173 0 627 0 296 657 741 0 0 0 643 0 134 592 259 0 366 63 0 
250 201 946 0 324 951 405 489 695 0 279 188 635 662 0 0 661 470 9 542 0 0 385 324 0 791 266 173 660 809 711 113 0 0 420 819 271 219 986 0 0 507 790 162 722 0 810 7 579 0 297 277 0 0 665 865 88 585 0 364 60 118 0 297 461 0 959 641 124 0 459 693 514 0 8 432 268 194 0 246 0 74 307 852 
931 0 565 168 539 948 0 0 603 961 708 490 636 899 0 896 232 0 785 542 662 226 451 312 466 810 706 740 515 484 0 969 73 975 0 771 0 231 268 135 0 479 859 454 973 444 685 446 421 803 396 406 0 665 0 579 255 143 684 0 0 144 0 655 0 0 225 0 777 0 589 500 0 751 721 605 498 677 567 0 0 84 754 0 
0 971 0 434 3 0 622 55 364 770 864 0 0 0 54 821 723 873 0 282 0 957 768 804 407 413 807 0 0 0 96 333 0 678 886 642 768 834 419 23 945 0 78 0 361 920 7 107 428 636 324 522 777 865 579 0 216 399 685 0 222 231 996 595 882 305 486 530 711 439 383 279 402 185 386 0 115 473 245 0 61 854 535 940 
480 375 656 707 0 227 0 270 0 493 780 0 250 938 14 704 249 0 982 117 434 900 0 285 264 302 941 420 65 792 641 452 515 0 0 294 737 935 16 245 977 0 862 0 909 357 884 583 335 0 0 325 183 88 255 216 0 0 832 0 205 0 856 357 0 338 0 442 0 146 814 355 872 143 785 831 37 563 555 0 892 901 946 645 
647 947 963 948 13 505 759 0 340 170 784 771 513 749 343 0 328 0 53 257 709 659 589 342 898 959 952 820 0 934 826 88 524 329 933 604 269 0 578 774 497 0 686 910 321 630 824 0 292 89 615 0 823 585 143 399 0 0 0 862 333 71 797 536 0 691 479 356 0 214 0 0 675 394 370 438 679 700 281 324 360 0 116 977 
249 222 468 0 875 651 840 0 465 132 835 268 169 0 406 295 0 377 0 0 532 639 0 25 700 238 0 872 678 819 368 682 439 416 804 214 796 584 232 187 841 0 274 0 196 175 762 305 771 319 702 603 667 0 684 685 832 0 0 898 875 22 867 944 889 861 960 425 0 0 728 958 592 366 0 528 165 0 659 982 752 0 653 0 
939 939 0 10 840 573 123 510 895 757 953 803 458 772 744 979 0 520 739 0 857 663 135 975 657 168 375 325 796 383 478 0 412 637 385 829 261 993 87 902 781 484 592 0 86 155 0 0 429 0 24 534 164 364 0 0 0 862 898 0 0 622 0 656 676 553 0 725 156 207 0 0 396 0 503 93 360 0 7 6 461 629 0 0 
404 172 0 0 0 836 264 821 68 549 726 935 0 729 616 435 352 0 50 212 20 464 699 0 118 769 577 788 0 578 744 767 0 277 838 619 922 904 887 113 0 0 184 474 247 125 161 980 197 412 569 618 0 60 0 222 205 333 875 0 0 260 708 265 902 537 823 932 0 920 81 329 568 470 0 0 559 943 309 370 723 658 296 14 
0 0 0 64 642 0 484 0 983 873 21 903 133 0 0 0 81 0 675 0 59 241 430 248 765 648 922 314 406 247 0 683 674 709 908 806 847 0 660 0 88 511 360 704 0 694 0 371 458 975 0 100 608 118 144 231 0 71 22 622 260 0 545 971 481 620 0 12 809 406 707 777 558 70 918 396 351 32 0 847 0 534 163 118 
0 841 492 442 0 0 0 560 640 0 41 923 341 0 293 885 256 0 269 467 0 409 405 0 0 633 0 866 560 802 527 0 0 600 366 537 764 539 405 849 872 362 30 0 43 613 442 0 999 0 0 951 0 0 0 996 856 797 867 0 708 545 0 469 477 0 785 717 0 658 805 697 0 49 445 168 0 472 662 0 961 823 929 67 
0 392 631 0 928 194 0 0 88 0 446 82 490 0 891 194 668 0 359 511 895 0 0 327 521 311 0 799 48 56 0 830 11 218 929 0 580 0 0 752 116 397 699 540 693 0 440 647 425 653 936 0 0 297 655 595 357 536 944 656 265 971 469 0 271 474 0 132 568 951 985 38 422 728 320 956 865 0 356 56 919 485 0 0 
434 363 0 301 143 724 495 517 0 422 0 948 569 199 0 491 0 848 893 874 910 779 601 76 0 580 0 970 804 254 498 0 252 0 0 133 961 550 903 192 422 833 0 398 0 338 585 459 935 845 124 0 488 461 0 882 0 0 889 676 902 481 477 271 0 0 610 415 367 0 463 662 0 175 563 276 956 915 680 353 0 742 0 0 
162 941 38 257 255 662 191 0 0 782 491 0 0 161 354 275 353 674 206 838 211 290 720 0 67 555 824 292 739 579 0 341 0 427 434 763 298 0 0 81 115 922 636 894 810 0 77 153 21 112 812 0 173 0 0 305 338 691 861 553 537 620 0 474 0 0 498 992 0 590 0 849 0 796 573 0 835 0 431 593 765 0 480 967 
367 823 204 112 750 0 463 316 0 826 0 182 812 0 487 223 951 0 532 343 47 977 163 406 0 0 47 452 399 35 265 0 0 0 408 745 618 779 495 584 779 127 812 759 978 0 739 398 864 0 0 842 0 959 225 486 0 479 960 0 823 0 785 0 610 498 0 15 495 370 61 578 119 823 960 442 0 557 892 122 0 0 0 537 
477 900 0 639 910 0 521 0 623 937 619 611 0 0 595 943 209 0 38 922 78 324 123 985 666 14 926 0 0 401 626 444 514 630 644 298 75 0 193 0 831 669 86 2 476 299 229 326 0 0 0 11 627 641 0 530 442 356 425 725 932 12 717 132 415 992 15 0 43 273 882 588 0 877 0 0 0 822 784 191 448 718 583 152 
477 28 149 671 309 0 612 0 239 911 0 63 205 960 800 68 0 0 130 446 39 0 794 874 0 696 253 0 726 687 268 291 718 359 387 0 651 423 186 43 558 753 611 0 0 0 0 0 0 126 719 565 0 124 777 711 0 0 0 156 0 809 0 568 367 0 495 43 0 686 635 435 0 0 883 0 37 623 681 261 0 666 182 791 
44 748 91 955 0 0 0 474 986 986 528 929 571 0 657 173 0 180 115 172 182 353 364 283 151 0 371 317 0 491 117 925 440 268 713 671 476 0 721 679 893 753 788 0 589 456 871 0 584 69 967 0 296 0 0 439 146 214 0 207 920 406 658 951 0 590 370 273 686 0 801 0 622 372 380 145 749 885 126 470 371 209 0 858 
929 308 507 197 941 153 699 62 0 0 0 0 626 0 0 0 244 386 93 0 668 540 0 0 389 828 0 283 0 0 354 134 694 257 818 138 0 304 501 920 0 634 320 399 0 0 225 924 0 393 548 147 657 459 589 383 814 0 728 0 81 707 805 985 463 0 61 882 635 801 0 866 882 0 0 818 805 55 471 162 554 83 52 434 
596 316 182 77 719 79 0 886 129 0 62 537 282 0 174 302 543 857 268 601 376 0 768 781 433 889 0 0 19 450 0 9 164 785 506 882 0 575 331 538 743 863 491 99 690 260 387 706 947 81 16 211 741 693 500 279 355 0 958 0 329 777 697 38 662 849 578 588 435 0 866 0 330 962 0 32 0 595 492 713 371 65 156 929 
743 856 915 332 480 525 971 967 97 635 650 0 361 503 0 8 348 561 744 634 579 524 343 643 0 800 305 0 139 592 0 484 0 489 0 337 746 4 800 412 675 511 712 58 941 590 253 0 283 753 149 699 0 514 0 402 872 675 592 396 568 558 0 422 0 0 119 0 0 622 882 330 0 512 996 0 0 931 0 354 102 126 777 653 
43 300 0 0 810 0 530 107 225 244 883 698 152 324 634 525 106 819 547 293 305 0 65 202 0 201 839 0 0 763 737 283 0 554 0 691 271 0 290 155 93 708 433 68 0 428 0 330 0 0 385 605 0 0 751 185 143 394 366 0 470 70 49 728 175 796 823 877 0 372 0 962 512 0 0 120 0 515 0 60 586 508 861 891 
0 945 0 306 572 841 689 0 768 100 221 733 385 241 200 0 231 145 127 0 0 190 0 980 0 271 0 273 103 577 620 0 610 0 525 0 617 0 0 239 65 0 0 0 629 765 474 338 0 0 36 415 0 8 721 386 785 370 0 503 0 918 445 320 563 573 960 0 883 380 0 0 996 0 0 729 278 277 986 697 132 0 0 373 
294 553 778 0 0 0 0 215 922 578 0 352 0 843 57 0 486 57 0 0 0 183 283 56 174 305 0 886 826 0 0 901 373 0 131 0 728 793 0 588 989 548 0 0 548 0 383 0 0 140 0 861 643 432 605 0 831 438 528 93 0 396 168 956 276 0 442 0 0 145 818 32 0 120 729 0 4 62 288 111 710 0 0 115 
0 0 901 84 634 127 780 0 0 565 82 0 641 421 0 504 307 0 524 0 562 0 104 571 567 239 590 0 343 386 168 0 789 0 0 0 0 513 517 828 732 354 684 545 379 0 85 0 644 432 161 564 0 268 498 115 37 679 165 360 559 351 0 865 956 835 0 0 37 749 805 0 0 0 278 4 0 465 0 0 21 737 0 245 
191 396 0 0 28 0 486 0 990 468 0 0 791 151 0 507 420 892 510 270 0 0 959 335 857 0 0 98 0 917 724 806 382 714 0 111 500 349 314 367 961 0 660 570 468 627 502 283 764 884 535 517 134 194 677 473 563 700 0 0 943 32 472 0 915 0 557 822 623 885 55 595 931 515 277 62 465 0 394 734 0 463 0 865 
58 909 584 0 439 266 918 3 411 0 0 347 0 157 678 587 0 531 685 0 0 0 0 412 853 50 465 0 123 307 779 302 0 919 0 499 421 323 951 25 0 803 34 74 430 470 359 380 402 85 0 761 592 0 567 245 555 281 659 7 309 0 662 356 680 431 892 784 681 126 471 492 0 0 986 288 0 394 0 0 0 629 9 0 
890 323 793 99 0 0 298 523 489 627 875 0 538 0 0 169 0 200 545 355 546 0 0 0 765 381 747 14 86 95 933 968 0 0 487 0 6 863 939 0 0 688 0 15 818 908 2 0 0 0 510 229 259 246 0 0 0 324 982 6 370 847 0 56 353 593 122 191 261 470 162 713 354 60 697 111 0 734 0 0 935 309 482 651 
0 425 110 488 47 21 338 729 886 113 0 552 263 153 0 80 0 134 270 43 236 0 338 860 228 972 0 774 0 511 986 27 96 918 0 129 0 680 468 364 117 49 0 648 994 846 550 146 760 578 932 0 0 0 0 61 892 360 752 461 723 0 961 919 0 765 0 448 0 371 554 371 102 586 132 710 21 0 0 935 0 0 700 0 
704 168 0 261 583 118 209 0 505 0 537 0 858 828 695 761 204 35 43 24 590 76 350 84 758 0 0 286 760 271 378 634 0 0 300 0 445 354 749 779 252 309 958 317 0 112 804 537 65 323 495 777 366 74 84 854 901 0 0 629 658 534 823 485 742 0 0 718 666 209 83 65 126 508 0 0 737 463 629 309 0 0 406 107 
0 410 0 460 0 0 850 93 339 47 0 917 0 425 451 0 445 0 93 0 8 0 886 0 597 856 516 0 671 0 819 0 819 97 981 337 678 771 949 987 496 918 553 351 537 423 319 862 239 586 329 0 63 307 754 535 946 116 653 0 296 163 929 0 0 480 0 583 182 0 52 156 777 861 0 0 0 0 9 482 700 406 0 0 
410 669 139 226 238 364 217 0 277 120 288 883 856 63 207 205 0 302 533 215 112 875 235 442 419 633 464 332 0 84 890 251 0 234 932 195 788 622 91 23 0 580 595 937 396 0 279 0 0 237 0 0 0 852 0 940 645 977 0 0 14 118 67 0 0 967 537 152 791 858 434 929 653 891 373 115 245 865 0 651 0 107 0 0 
