0 0 547 388 925 442 308 826 232 227 943 432 0 0 372 0 182 222 743 689 133 0 980 0 551 473 79 172 917 22 875 196 835 954 0 0 516 563 292 0 0 74 622 852 0 0 699 0 125 176 624 334 0 635 227 0 414 885 932 376 0 0 319 230 384 0 202 108 0 669 978 82 56 402 215 269 15 
0 0 281 743 194 73 723 365 590 385 0 0 0 488 0 998 493 0 66 294 345 178 575 0 320 907 715 0 69 218 528 0 148 795 889 324 0 33 697 158 108 0 179 1 0 12 0 736 827 649 649 737 430 0 0 832 0 595 39 202 0 431 814 0 0 831 427 585 0 624 428 664 0 0 341 73 0 
547 281 0 802 959 726 0 916 177 496 204 441 136 0 800 280 434 388 441 491 378 880 0 403 448 0 676 210 889 148 855 978 568 610 0 868 0 358 506 830 624 0 896 256 0 652 406 923 920 0 0 384 415 0 211 383 846 258 43 269 0 0 781 150 410 536 582 0 0 0 104 502 587 278 984 873 115 
388 743 802 0 876 686 908 107 615 155 929 424 735 642 218 563 569 432 706 823 571 0 310 492 0 700 612 0 618 21 0 528 235 643 81 0 478 382 458 0 766 0 744 0 543 916 0 0 303 821 357 703 225 998 278 0 980 768 302 0 877 269 93 502 703 620 554 49 414 368 627 0 300 699 0 945 0 
925 194 959 876 0 0 490 0 342 0 31 0 0 76 23 354 962 434 676 53 229 339 182 155 0 343 488 266 137 552 780 759 854 585 196 0 987 229 942 474 34 825 800 119 0 732 0 997 207 611 694 864 780 440 0 901 423 0 468 873 772 226 583 304 197 0 642 510 475 295 847 0 0 0 0 750 0 
442 73 726 686 0 0 655 881 562 518 0 834 216 231 34 0 0 451 7 316 59 813 943 0 36 208 819 254 442 0 70 998 263 425 0 874 596 0 852 0 274 246 551 355 701 496 0 698 525 434 935 600 415 863 494 0 400 891 303 5 0 542 869 0 0 0 0 595 726 288 588 396 554 644 241 933 498 
308 723 0 908 490 655 0 222 4 553 565 0 470 0 623 943 552 287 446 690 981 614 882 49 426 0 643 404 688 306 230 981 0 178 432 249 0 601 793 0 266 352 0 896 0 831 142 571 0 929 0 0 730 0 232 161 585 550 752 867 97 819 911 677 758 656 0 2 848 752 0 672 0 185 855 686 0 
826 365 916 107 0 881 222 0 55 0 363 900 640 628 0 58 973 882 219 415 320 0 293 50 811 105 0 0 141 697 780 0 0 61 0 192 502 177 829 0 219 0 550 500 443 180 50 0 311 0 526 0 858 0 408 951 327 146 0 0 722 0 42 0 743 46 261 0 0 464 0 80 664 0 68 529 388 
232 590 177 615 342 562 4 55 0 406 54 894 0 850 675 750 0 0 556 956 798 680 0 551 0 514 318 389 0 549 0 670 110 0 0 0 777 0 536 418 643 816 401 694 393 457 5 0 0 43 645 258 0 807 303 0 688 863 792 894 260 62 680 953 0 837 931 25 569 496 0 738 852 993 0 332 718 
227 385 496 155 0 518 553 0 406 0 662 326 113 0 968 956 155 0 130 0 711 949 0 398 22 396 404 36 793 706 148 814 828 0 887 913 0 144 14 150 0 593 580 295 457 0 0 623 672 762 376 88 218 0 0 0 0 235 570 299 64 0 207 0 204 109 320 742 79 415 779 733 215 483 120 162 242 
943 0 204 929 31 0 565 363 54 662 0 897 839 399 922 0 72 781 89 583 209 421 841 870 10 0 328 277 595 10 537 80 821 0 574 304 707 378 383 0 0 0 0 173 426 528 113 526 225 825 50 0 873 197 239 64 455 677 118 0 681 33 0 252 437 769 812 407 11 0 526 968 352 775 579 0 682 
432 0 441 424 0 834 0 900 894 326 897 0 0 954 756 0 0 0 161 763 232 489 816 0 0 0 709 854 249 981 937 0 598 0 988 266 570 172 198 733 825 0 409 400 0 444 78 584 21 456 0 622 0 294 302 141 410 992 175 898 516 814 0 624 595 88 0 219 352 863 457 742 0 666 579 718 656 
0 0 136 735 0 216 470 640 0 113 839 0 0 0 0 905 317 0 0 750 366 721 271 152 0 572 992 0 30 0 394 959 60 109 159 435 0 759 135 750 213 805 0 383 663 27 0 0 409 901 0 386 592 372 0 0 0 948 0 327 460 843 65 930 906 91 0 643 188 421 0 0 0 574 816 539 223 
0 488 0 642 76 231 0 628 850 0 399 954 0 0 0 788 742 0 105 3 652 0 0 912 485 0 0 5 254 783 0 890 24 25 202 184 678 0 654 221 0 745 843 620 490 0 429 86 17 826 209 799 881 710 667 916 570 354 793 114 73 0 730 72 0 274 8 534 68 575 682 863 0 757 505 892 978 
372 0 800 218 23 34 623 0 675 968 922 756 0 0 0 0 0 0 731 780 663 394 391 0 0 322 2 0 946 0 291 665 161 0 530 0 0 168 146 931 640 845 534 810 0 0 755 869 910 765 0 0 124 819 223 647 0 480 988 896 472 937 934 170 560 13 314 83 591 703 0 286 0 0 77 0 161 
0 998 280 563 354 0 943 58 750 956 0 0 905 788 0 0 346 913 733 159 859 0 811 178 519 521 141 0 807 871 773 0 345 527 735 45 35 138 572 282 239 254 0 28 0 0 585 586 801 171 387 0 724 553 0 99 48 691 466 183 93 420 0 0 0 0 442 114 84 638 0 0 42 403 813 0 953 
182 493 434 569 962 0 552 973 0 155 72 0 317 742 0 346 0 888 543 628 0 998 901 988 944 692 37 915 0 0 0 0 745 0 632 897 497 333 0 660 0 399 0 289 14 22 971 0 248 705 44 210 320 676 152 0 333 718 210 135 0 0 392 258 273 189 0 388 760 0 115 0 153 715 807 130 0 
222 0 388 432 434 451 287 882 0 0 781 0 0 0 0 913 888 0 722 700 47 225 857 223 488 217 686 383 551 520 371 445 956 36 0 791 0 188 134 607 0 0 0 802 182 0 556 0 542 0 0 684 557 300 827 569 218 0 304 0 949 756 904 84 213 0 821 868 0 875 736 500 879 0 797 16 783 
743 66 441 706 676 7 446 219 556 130 89 161 0 105 731 733 543 722 0 0 384 358 31 109 250 778 82 0 0 709 568 971 533 108 291 100 207 181 354 302 685 265 0 671 106 313 224 797 398 0 239 793 372 320 0 492 0 169 24 318 426 605 864 0 924 0 902 0 780 148 733 369 30 240 0 995 649 
689 294 491 823 53 316 690 415 956 0 583 763 750 3 780 159 628 700 0 0 970 135 0 308 0 206 112 0 867 0 0 351 530 0 0 366 651 0 0 936 142 588 0 0 0 630 74 795 881 74 60 0 725 437 510 659 266 781 651 0 0 832 0 449 0 586 657 951 781 425 324 428 386 758 786 0 694 
133 345 378 571 229 59 981 320 798 711 209 232 366 652 663 859 0 47 384 970 0 83 46 0 0 433 510 715 0 114 335 17 330 385 337 0 38 517 0 397 977 0 880 851 954 387 444 0 0 0 112 359 0 677 514 553 0 739 312 0 0 0 37 0 673 105 534 158 0 617 155 154 573 0 0 0 723 
0 178 880 0 339 813 614 0 680 949 421 489 721 0 394 0 998 225 358 135 83 0 0 924 376 581 297 410 0 0 912 738 786 127 682 0 842 430 0 381 743 0 243 377 0 80 0 9 913 206 213 340 0 616 400 739 402 721 656 676 529 867 710 0 481 719 161 563 874 98 752 273 305 264 536 411 818 
980 575 0 310 182 943 882 293 0 0 841 816 271 0 391 811 901 857 31 0 46 0 0 527 269 604 0 933 0 324 786 0 0 0 949 933 615 0 0 0 767 806 64 333 573 819 0 218 137 30 929 702 516 861 0 613 320 298 0 75 743 491 629 0 0 687 0 232 624 0 944 75 439 114 32 0 543 
0 0 403 492 155 0 49 50 551 398 870 0 152 912 0 178 988 223 109 308 0 924 527 0 0 410 125 0 727 352 739 0 0 0 0 108 564 0 0 710 843 504 0 902 907 27 239 378 638 366 956 840 52 761 345 681 0 0 0 424 447 124 0 900 902 956 0 0 0 0 0 400 514 999 18 197 0 
551 320 448 0 0 36 426 811 0 22 10 0 0 485 0 519 944 488 250 0 0 376 269 0 0 602 387 646 0 150 324 157 157 325 826 830 0 573 290 0 448 63 438 620 0 48 451 541 868 850 196 702 0 0 439 857 0 750 663 831 680 174 230 553 926 957 0 224 10 0 302 0 532 935 366 743 669 
473 907 0 700 343 208 0 105 514 396 0 0 572 0 322 521 692 217 778 206 433 581 604 410 602 0 798 621 0 560 232 189 941 0 0 396 327 961 0 209 986 551 0 0 0 856 677 284 196 916 119 690 545 580 363 574 660 0 300 721 0 572 0 966 0 336 844 424 982 929 21 0 35 993 748 993 0 
79 715 676 612 488 819 643 0 318 404 328 709 992 0 2 141 37 686 82 112 510 297 0 125 387 798 0 0 181 233 0 908 859 615 652 916 0 995 0 0 531 908 144 844 829 454 320 0 576 0 45 869 648 0 0 127 407 424 605 933 696 403 782 885 821 0 188 546 722 761 527 455 411 432 215 631 311 
172 0 210 0 266 254 404 0 389 36 277 854 0 5 0 0 915 383 0 0 715 410 933 0 646 621 0 0 150 0 661 0 443 576 678 0 706 755 609 405 533 0 758 739 204 16 643 659 99 431 972 967 714 499 439 0 709 993 0 262 345 241 0 704 968 704 391 72 119 637 873 156 954 363 0 955 0 
917 69 889 618 137 442 688 141 0 793 595 249 30 254 946 807 0 551 0 867 0 0 0 727 0 0 181 150 0 254 241 895 398 175 173 716 22 0 0 0 280 312 418 944 240 941 0 303 979 260 413 15 0 0 209 0 0 969 104 474 0 212 800 909 13 909 605 145 514 990 876 831 743 695 652 758 0 
22 218 148 21 552 0 306 697 549 706 10 981 0 783 0 871 0 520 709 0 114 0 324 352 150 560 233 0 254 0 670 0 441 631 726 0 187 901 281 829 0 0 485 721 736 224 0 889 129 0 422 0 351 864 0 741 693 478 165 0 324 0 667 0 600 0 508 0 274 454 551 0 849 0 0 193 0 
875 528 855 0 780 70 230 780 0 148 537 937 394 0 291 773 0 371 568 0 335 912 786 739 324 232 0 661 241 670 0 0 186 875 15 602 0 914 21 0 545 104 10 0 851 0 215 808 0 740 882 0 97 30 0 109 19 511 593 808 0 681 640 164 0 0 283 999 497 511 490 0 742 608 877 648 734 
196 0 978 528 759 998 981 0 670 814 80 0 959 890 665 0 0 445 971 351 17 738 0 0 157 189 908 0 895 0 0 0 909 0 0 541 649 89 0 40 925 689 790 0 603 0 483 355 125 0 519 976 877 0 0 0 0 754 849 533 0 450 273 735 0 476 701 0 0 0 793 215 88 23 502 131 334 
835 148 568 235 854 263 0 0 110 828 821 598 60 24 161 345 745 956 533 530 330 786 0 0 157 941 859 443 398 441 186 909 0 577 984 351 0 0 385 0 950 222 853 861 0 388 0 652 301 606 408 0 0 775 0 3 461 479 0 408 0 700 0 0 806 0 934 0 475 373 944 588 964 190 811 0 181 
954 795 610 643 585 425 178 61 0 0 0 0 109 25 0 527 0 36 108 0 385 127 0 0 325 0 615 576 175 631 875 0 577 0 849 350 913 0 327 0 180 403 662 690 0 729 127 451 783 0 705 93 0 756 972 502 345 0 475 694 874 0 528 231 953 106 681 433 842 670 297 621 991 151 349 0 508 
0 889 0 81 196 0 432 0 0 887 574 988 159 202 530 735 632 0 291 0 337 682 949 0 826 0 652 678 173 726 15 0 984 849 0 905 129 654 701 50 84 335 821 570 818 665 361 274 0 0 765 658 619 0 224 0 978 0 0 0 166 304 0 250 672 0 836 0 456 693 604 967 853 0 0 663 0 
0 324 868 0 0 874 249 192 0 913 304 266 435 184 0 45 897 791 100 366 0 0 933 108 830 396 916 0 716 0 602 541 351 350 905 0 646 6 754 0 0 434 75 899 266 927 627 663 590 957 78 452 322 695 94 0 409 377 781 957 111 303 143 402 0 39 644 276 368 176 32 857 0 456 303 0 526 
516 0 0 478 987 596 0 502 777 0 707 570 0 678 0 35 497 0 207 651 38 842 615 564 0 327 0 706 22 187 0 649 0 913 129 646 0 629 1 236 148 205 253 724 404 939 0 827 858 10 882 0 760 736 719 0 783 88 955 415 0 893 0 0 0 471 0 0 0 374 82 53 938 429 0 361 45 
563 33 358 382 229 0 601 177 0 144 378 172 759 0 168 138 333 188 181 0 517 430 0 0 573 961 995 755 0 901 914 89 0 0 654 6 629 0 0 302 121 809 803 512 743 276 303 46 230 441 381 0 966 0 0 664 173 524 506 211 0 163 736 0 6 634 800 369 568 27 656 601 568 971 493 586 339 
292 697 506 458 942 852 793 829 536 14 383 198 135 654 146 572 0 134 354 0 0 0 0 0 290 0 0 609 0 281 21 0 385 327 701 754 1 0 0 831 739 0 0 931 44 791 269 929 415 519 629 0 896 382 399 55 884 745 620 0 682 842 0 281 0 642 895 744 410 81 136 891 0 337 380 190 860 
0 158 830 0 474 0 0 0 418 150 0 733 750 221 931 282 660 607 302 936 397 381 0 710 0 209 0 405 0 829 0 40 0 0 50 0 236 302 831 0 350 371 722 552 0 0 961 362 112 510 830 0 938 748 28 0 252 77 713 381 896 0 17 8 0 868 842 136 0 755 931 31 767 20 0 366 0 
0 108 624 766 34 274 266 219 643 0 0 825 213 0 640 239 0 0 685 142 977 743 767 843 448 986 531 533 280 0 545 925 950 180 84 0 148 121 739 350 0 266 454 0 658 0 696 155 613 578 380 755 0 366 410 0 949 504 0 0 200 0 0 492 0 398 923 521 0 0 575 0 151 565 239 0 576 
74 0 0 0 825 246 352 0 816 593 0 0 805 745 845 254 399 0 265 588 0 0 806 504 63 551 908 0 312 0 104 689 222 403 335 434 205 809 0 371 266 0 553 410 617 32 973 101 795 728 765 889 101 87 0 230 832 79 528 0 343 309 186 310 0 512 59 92 912 540 619 0 0 536 808 0 873 
622 179 896 744 800 551 0 550 401 580 0 409 0 843 534 0 0 0 0 0 880 243 64 0 438 0 144 758 418 485 10 790 853 662 821 75 253 803 0 722 454 553 0 870 905 430 922 483 541 768 61 369 0 808 571 699 367 165 488 180 110 688 220 0 0 255 371 856 0 0 718 278 337 0 822 521 978 
852 1 256 0 119 355 896 500 694 295 173 400 383 620 810 28 289 802 671 0 851 377 333 902 620 0 844 739 944 721 0 0 861 690 570 899 724 512 931 552 0 410 870 0 978 216 0 40 0 436 153 307 564 176 0 0 0 0 873 215 0 0 660 0 178 832 527 397 0 757 679 0 385 830 766 0 882 
0 0 0 543 0 701 0 443 393 457 426 0 663 490 0 0 14 182 106 0 954 0 573 907 0 0 829 204 240 736 851 603 0 0 818 266 404 743 44 0 658 617 905 978 0 464 408 833 813 866 642 0 845 671 0 165 765 0 401 984 805 602 796 0 875 316 750 378 455 422 728 642 731 0 610 690 0 
0 12 652 916 732 496 831 180 457 0 528 444 27 0 0 0 22 0 313 630 387 80 819 27 48 856 454 16 941 224 0 0 388 729 665 927 939 276 791 0 0 32 430 216 464 0 981 734 395 728 998 878 568 745 555 171 798 115 0 0 222 0 774 888 0 172 3 498 890 65 784 0 0 903 813 281 0 
699 0 406 0 0 0 142 50 5 0 113 78 0 429 755 585 971 556 224 74 444 0 0 239 451 677 320 643 0 0 215 483 0 127 361 627 0 303 269 961 696 973 922 0 408 981 0 117 189 9 0 123 950 165 999 0 385 0 773 0 937 0 696 459 310 0 0 10 350 669 319 755 731 618 15 694 210 
0 736 923 0 997 698 571 0 0 623 526 584 0 86 869 586 0 0 797 795 0 9 218 378 541 284 0 659 303 889 808 355 652 451 274 663 827 46 929 362 155 101 483 40 833 734 117 0 295 995 0 40 132 315 0 513 33 585 723 895 473 0 980 799 261 325 0 483 634 0 491 645 0 51 415 228 943 
125 827 920 303 207 525 0 311 0 672 225 21 409 17 910 801 248 542 398 881 0 913 137 638 868 196 576 99 979 129 0 125 301 783 0 590 858 230 415 112 613 795 541 0 813 395 189 295 0 0 365 0 962 0 871 730 735 0 962 481 720 84 569 0 27 473 307 0 0 919 394 312 936 822 961 646 169 
176 649 0 821 611 434 929 0 43 762 825 456 901 826 765 171 705 0 0 74 0 206 30 366 850 916 0 431 260 0 740 0 606 0 0 957 10 441 519 510 578 728 768 436 866 728 9 995 0 0 292 182 934 465 668 776 752 44 520 342 554 922 492 347 0 0 462 805 941 527 0 101 0 0 533 257 348 
624 649 0 357 694 935 0 526 645 376 50 0 0 209 0 387 44 0 239 60 112 213 929 956 196 119 45 972 413 422 882 519 408 705 765 78 882 381 629 830 380 765 61 153 642 998 0 0 365 292 0 586 999 437 0 0 607 335 197 0 887 58 0 800 767 987 990 367 0 812 389 616 0 0 0 0 925 
334 737 384 703 864 600 0 0 258 88 0 622 386 799 0 0 210 684 793 0 359 340 702 840 702 690 869 967 15 0 0 976 0 93 658 452 0 0 0 0 755 889 369 307 0 878 123 40 0 182 586 0 892 552 277 780 729 0 0 0 117 96 948 0 874 897 805 173 721 923 489 0 926 820 377 656 191 
0 430 415 225 780 415 730 858 0 218 873 0 592 881 124 724 320 557 372 725 0 0 516 52 0 545 648 714 0 351 97 877 0 0 619 322 760 966 896 938 0 101 0 564 845 568 950 132 962 934 999 892 0 809 952 0 886 513 446 60 0 85 595 110 609 260 634 14 225 350 18 0 194 478 146 424 926 
635 0 0 998 440 863 0 0 807 0 197 294 372 710 819 553 676 300 320 437 677 616 861 761 0 580 0 499 0 864 30 0 775 756 0 695 736 0 382 748 366 87 808 176 671 745 165 315 0 465 437 552 809 0 380 0 150 433 853 245 0 0 228 557 613 573 0 242 416 0 0 555 817 0 692 38 871 
227 0 211 278 0 494 232 408 303 0 239 302 0 667 223 0 152 827 0 510 514 400 0 345 439 363 0 439 209 0 0 0 0 972 224 94 719 0 399 28 410 0 571 0 0 555 999 0 871 668 0 277 952 380 0 357 936 0 0 0 818 334 409 916 821 446 247 0 381 174 147 0 0 308 0 940 0 
0 832 383 0 901 0 161 951 0 0 64 141 0 916 647 99 0 569 492 659 553 739 613 681 857 574 127 0 0 741 109 0 3 502 0 0 0 664 55 0 0 230 699 0 165 171 0 513 730 776 0 780 0 0 357 0 0 900 736 157 797 574 0 393 264 206 84 571 335 608 572 98 0 41 419 592 125 
414 0 846 980 423 400 585 327 688 0 455 410 0 570 0 48 333 218 0 266 0 402 320 0 0 660 407 709 0 693 19 0 461 345 978 409 783 173 884 252 949 832 367 0 765 798 385 33 735 752 607 729 886 150 936 0 0 572 565 991 0 48 0 394 0 665 631 0 480 15 0 264 637 0 651 343 738 
885 595 258 768 0 891 550 146 863 235 677 992 948 354 480 691 718 0 169 781 739 721 298 0 750 0 424 993 969 478 511 754 479 0 0 377 88 524 745 77 504 79 165 0 0 115 0 585 0 44 335 0 513 433 0 900 572 0 694 676 537 675 346 253 164 682 199 0 213 0 213 818 0 126 111 0 0 
932 39 43 302 468 303 752 0 792 570 118 175 0 793 988 466 210 304 24 651 312 656 0 0 663 300 605 0 104 165 593 849 0 475 0 781 955 506 620 713 0 528 488 873 401 0 773 723 962 520 197 0 446 853 0 736 565 694 0 284 491 148 0 867 789 985 24 75 926 329 685 486 667 751 887 738 0 
376 202 269 0 873 5 867 0 894 299 0 898 327 114 896 183 135 0 318 0 0 676 75 424 831 721 933 262 474 0 808 533 408 694 0 957 415 211 0 381 0 0 180 215 984 0 0 895 481 342 0 0 60 245 0 157 991 676 284 0 17 342 661 47 570 0 124 0 165 326 533 375 366 826 264 481 0 
0 0 0 877 772 0 97 722 260 64 681 516 460 73 472 93 0 949 426 0 0 529 743 447 680 0 696 345 0 324 0 0 0 874 166 111 0 0 682 896 200 343 110 0 805 222 937 473 720 554 887 117 0 0 818 797 0 537 491 17 0 727 360 496 368 0 2 37 0 380 0 981 0 802 776 713 0 
0 431 0 269 226 542 819 0 62 0 33 814 843 0 937 420 0 756 605 832 0 867 491 124 174 572 403 241 212 0 681 450 700 0 304 303 893 163 842 0 0 309 688 0 602 0 0 0 84 922 58 96 85 0 334 574 48 675 148 342 727 0 635 0 0 344 680 682 0 0 550 45 790 477 0 737 929 
319 814 781 93 583 869 911 42 680 207 0 0 65 730 934 0 392 904 864 0 37 710 629 0 230 0 782 0 800 667 640 273 0 528 0 143 0 736 0 17 0 186 220 660 796 774 696 980 569 492 0 948 595 228 409 0 0 346 0 661 360 635 0 496 0 220 0 960 135 441 0 900 235 0 736 557 90 
230 0 150 502 304 0 677 0 953 0 252 624 930 72 170 0 258 84 0 449 0 0 0 900 553 966 885 704 909 0 164 735 0 231 250 402 0 0 281 8 492 310 0 0 0 888 459 799 0 347 800 0 110 557 916 393 394 253 867 47 496 0 496 0 703 225 186 873 919 0 856 0 228 785 0 613 449 
384 0 410 703 197 0 758 743 0 204 437 595 906 0 560 0 273 213 924 0 673 481 0 902 926 0 821 968 13 600 0 0 806 953 672 0 0 6 0 0 0 0 0 178 875 0 310 261 27 0 767 874 609 613 821 264 0 164 789 570 368 0 0 703 0 379 646 0 967 269 0 379 430 448 735 516 834 
0 831 536 620 0 0 656 46 837 109 769 88 91 274 13 0 189 0 0 586 105 719 687 956 957 336 0 704 909 0 0 476 0 106 0 39 471 634 642 868 398 512 255 832 316 172 0 325 473 0 987 897 260 573 446 206 665 682 985 0 0 344 220 225 379 0 350 429 55 0 773 99 744 470 0 587 223 
202 427 582 554 642 0 0 261 931 320 812 0 0 8 314 442 0 821 902 657 534 161 0 0 0 844 188 391 605 508 283 701 934 681 836 644 0 800 895 842 923 59 371 527 750 3 0 0 307 462 990 805 634 0 247 84 631 199 24 124 2 680 0 186 646 350 0 187 480 222 886 315 657 394 21 847 629 
108 585 0 49 510 595 2 0 25 742 407 219 643 534 83 114 388 868 0 951 158 563 232 0 224 424 546 72 145 0 999 0 0 433 0 276 0 369 744 136 521 92 856 397 378 498 10 483 0 805 367 173 14 242 0 571 0 0 75 0 37 682 960 873 0 429 187 0 329 409 316 758 889 0 226 349 968 
0 0 0 414 475 726 848 0 569 79 11 352 188 68 591 84 760 0 780 781 0 874 624 0 10 982 722 119 514 274 497 0 475 842 456 368 0 568 410 0 0 912 0 0 455 890 350 634 0 941 0 721 225 416 381 335 480 213 926 165 0 0 135 919 967 55 480 329 0 832 835 5 0 554 731 202 0 
669 624 0 368 295 288 752 464 496 415 0 863 421 575 703 638 0 875 148 425 617 98 0 0 0 929 761 637 990 454 511 0 373 670 693 176 374 27 81 755 0 540 0 757 422 65 669 0 919 527 812 923 350 0 174 608 15 0 329 326 380 0 441 0 269 0 222 409 832 0 479 204 483 0 0 922 0 
978 428 104 627 847 588 0 0 0 779 526 457 0 682 0 0 115 736 733 324 155 752 944 0 302 21 527 873 876 551 490 793 944 297 604 32 82 656 136 931 575 619 718 679 728 784 319 491 394 0 389 489 18 0 147 572 0 213 685 533 0 550 0 856 0 773 886 316 835 479 0 76 66 128 446 889 0 
82 664 502 0 0 396 672 80 738 733 968 742 0 863 286 0 0 500 369 428 154 273 75 400 0 0 455 156 831 0 0 215 588 621 967 857 53 601 891 31 0 0 278 0 642 0 755 645 312 101 616 0 0 555 0 98 264 818 486 375 981 45 900 0 379 99 315 758 5 204 76 0 264 532 920 426 806 
56 0 587 300 0 554 0 664 852 215 352 0 0 0 0 42 153 879 30 386 573 305 439 514 532 35 411 954 743 849 742 88 964 991 853 0 938 568 0 767 151 0 337 385 731 0 731 0 936 0 0 926 194 817 0 0 637 0 667 366 0 790 235 228 430 744 657 889 0 483 66 264 0 113 965 0 346 
402 0 278 699 0 644 185 0 993 483 775 666 574 757 0 403 715 0 240 758 0 264 114 999 935 993 432 363 695 0 608 23 190 151 0 456 429 971 337 20 565 536 0 830 0 903 618 51 822 0 0 820 478 0 308 41 0 126 751 826 802 477 0 785 448 470 394 0 554 0 128 532 113 0 9 824 459 
215 341 984 0 0 241 855 68 0 120 579 579 816 505 77 813 807 797 0 786 0 536 32 18 366 748 215 0 652 0 877 502 811 349 0 303 0 493 380 0 239 808 822 766 610 813 15 415 961 533 0 377 146 692 0 419 651 111 887 264 776 0 736 0 735 0 21 226 731 0 446 920 965 9 0 0 168 
269 73 873 945 750 933 686 529 332 162 0 718 539 892 0 0 130 16 995 0 0 411 0 197 743 993 631 955 758 193 648 131 0 0 663 0 361 586 190 366 0 0 521 0 690 281 694 228 646 257 0 656 424 38 940 592 343 0 738 481 713 737 557 613 516 587 847 349 202 922 889 426 0 824 0 0 416 
15 0 115 0 0 498 0 388 718 242 682 656 223 978 161 953 0 783 649 694 723 818 543 0 669 0 311 0 0 0 734 334 181 508 0 526 45 339 860 0 576 873 978 882 0 0 210 943 169 348 925 191 926 871 0 125 738 0 0 0 0 929 90 449 834 223 629 968 0 0 0 806 346 459 168 416 0 
