0 865 324 896 304 0 0 382 529 652 55 144 933 0 781 983 303 572 0 715 534 710 983 900 210 0 692 0 625 930 690 355 621 338 940 240 948 718 69 986 999 498 162 400 780 672 0 393 0 568 0 504 151 160 127 0 473 864 378 225 562 465 0 781 0 0 0 965 974 141 373 174 0 768 0 216 95 0 0 736 937 840 0 85 0 797 997 0 364 142 713 296 883 640 607 607 646 337 816 593 221 834 0 927 385 861 318 271 319 0 74 366 622 371 0 211 0 952 609 0 325 96 350 811 0 316 905 662 888 0 113 175 795 299 371 971 410 0 348 282 135 576 901 132 500 818 964 645 727 0 736 0 138 29 0 13 820 83 283 833 0 0 888 546 898 906 0 871 
865 0 804 421 880 680 864 864 766 320 746 87 0 556 886 4 697 882 381 547 781 388 951 65 917 0 665 356 917 781 0 858 565 58 971 0 0 199 532 181 598 345 0 617 510 0 81 0 160 0 0 0 0 254 0 816 489 228 395 0 984 688 910 87 0 422 0 554 85 0 964 739 655 341 0 0 135 900 421 626 0 856 552 322 0 0 821 817 329 0 413 0 469 23 107 157 454 937 883 830 633 523 930 696 0 0 0 830 171 700 857 17 0 0 61 0 0 921 448 817 0 266 669 150 0 0 620 574 341 73 740 0 492 0 762 0 0 958 355 0 326 456 0 782 0 0 622 395 645 300 581 0 592 993 0 59 781 0 677 416 981 514 0 859 515 435 0 268 
324 804 0 686 0 996 0 0 965 377 902 845 558 736 0 241 669 0 238 627 37 0 845 0 595 7 0 551 11 0 512 782 877 0 0 362 15 0 210 297 447 756 351 955 982 954 0 0 473 451 846 760 0 528 839 977 0 0 808 538 281 583 0 269 672 398 0 415 579 0 0 0 0 501 330 701 0 844 74 212 722 0 726 0 0 317 284 0 0 653 188 343 448 981 243 384 970 0 19 0 0 611 0 816 0 785 917 348 430 217 430 661 229 951 61 819 793 0 23 370 356 374 834 671 40 381 931 501 128 620 335 0 242 457 910 311 0 537 0 910 40 0 83 347 0 964 500 146 109 0 164 331 697 802 802 162 670 321 0 214 302 342 782 283 741 936 0 702 
896 421 686 0 349 234 582 96 538 466 536 656 0 930 783 510 874 281 232 786 119 199 833 597 828 834 780 206 280 112 23 38 0 358 685 737 99 902 598 514 714 498 961 315 194 702 892 242 447 847 446 28 630 42 550 570 515 582 732 454 0 911 0 843 900 0 198 14 52 0 889 772 342 725 710 463 822 506 665 209 0 0 190 552 0 0 799 0 0 673 0 0 0 546 542 345 16 139 64 549 74 468 534 832 636 451 998 148 701 703 0 497 273 0 0 470 1 0 783 659 349 491 617 0 0 0 11 0 0 120 106 385 22 0 428 797 0 364 376 0 496 513 943 743 123 0 0 426 0 581 529 0 0 0 138 758 744 656 956 767 0 285 0 0 290 203 888 843 
304 880 0 349 0 169 742 4 560 402 715 788 0 326 476 205 422 938 0 11 42 0 652 722 289 710 14 536 0 0 852 972 421 106 383 362 832 591 158 767 392 703 114 0 0 32 0 828 72 0 0 417 0 680 827 503 0 0 335 0 372 837 259 846 404 765 698 168 444 363 90 0 845 855 214 394 225 0 66 813 180 989 676 748 893 267 0 0 155 58 292 54 565 664 505 0 948 0 280 448 0 16 376 225 763 998 991 347 568 766 629 616 319 188 0 0 302 670 106 0 667 14 0 0 793 216 596 0 0 0 686 330 685 719 449 519 711 0 57 213 405 745 0 971 247 0 754 298 57 354 955 0 805 0 0 0 539 0 720 826 180 612 111 739 0 501 541 620 
0 680 996 234 169 0 37 0 789 345 245 0 150 613 0 0 880 29 853 0 0 19 754 997 0 0 257 424 975 0 529 833 208 0 125 226 107 438 887 0 799 249 43 490 325 946 0 848 439 257 147 440 838 294 964 743 0 364 992 66 104 0 960 425 750 657 758 848 0 980 721 20 542 276 949 60 159 540 614 0 68 860 965 0 744 257 0 248 493 0 0 665 412 367 211 0 100 583 0 264 549 161 242 318 0 428 385 740 464 367 771 80 0 814 133 620 986 0 777 816 298 971 590 376 603 385 170 85 0 376 120 619 842 820 57 921 19 364 32 413 0 9 905 49 309 0 0 592 392 0 184 170 557 454 0 380 53 0 0 839 912 12 771 281 737 0 619 0 
0 864 0 582 742 37 0 474 777 795 773 0 927 554 168 10 0 707 424 890 0 0 868 978 429 722 685 675 637 283 0 801 377 255 331 0 0 223 0 799 429 517 597 250 933 0 0 834 928 147 496 223 773 576 846 847 25 0 376 0 0 0 810 203 786 929 0 0 521 696 253 0 479 0 0 360 7 42 251 970 968 0 579 988 651 0 553 51 194 743 658 261 856 647 0 730 901 556 891 885 295 136 0 0 0 811 290 204 0 396 241 0 890 88 0 0 313 128 882 930 166 106 0 221 0 393 285 0 276 597 749 469 95 477 0 0 0 326 61 282 0 0 0 156 527 260 768 353 52 0 142 931 47 42 855 48 488 987 0 21 260 663 241 0 0 0 508 750 
382 864 0 96 4 0 474 0 0 158 775 722 842 934 369 325 682 963 771 500 612 804 775 915 91 696 0 970 0 0 680 921 996 816 734 0 274 744 0 655 487 141 0 0 316 901 959 0 336 752 0 268 468 258 824 550 0 234 726 152 402 0 423 784 577 725 387 161 658 393 852 701 161 537 905 825 865 594 629 131 0 62 554 841 23 728 581 711 0 541 425 767 3 891 905 57 0 871 686 0 361 237 522 0 759 0 989 590 361 488 229 185 205 589 757 0 372 0 657 0 454 0 0 822 658 672 856 18 219 679 0 324 0 108 706 953 618 564 815 728 0 89 632 0 749 861 636 412 0 191 678 0 3 832 188 0 389 437 507 50 108 659 812 978 815 107 0 381 
529 766 965 538 560 789 777 0 0 6 0 979 801 633 338 917 772 786 779 333 194 585 0 997 0 578 0 0 603 0 0 579 915 0 319 240 333 881 59 0 0 402 90 487 0 620 828 0 764 173 661 0 476 0 877 584 810 125 148 579 0 353 909 89 249 151 752 0 712 685 404 889 55 460 352 0 328 703 459 0 858 0 158 954 0 0 616 96 156 698 607 0 0 568 309 835 706 638 894 0 521 635 556 14 853 258 87 517 755 160 753 795 928 189 0 205 97 84 0 440 0 723 0 0 0 776 0 208 97 865 0 937 92 946 75 496 483 685 56 28 0 48 744 0 347 949 663 711 297 957 0 533 640 0 0 283 0 0 507 456 714 697 0 604 0 152 278 882 
652 320 377 466 402 345 795 158 6 0 929 0 338 752 0 724 70 501 69 0 719 929 455 925 834 0 944 887 554 492 931 799 127 44 270 19 798 234 779 614 0 726 842 862 470 0 0 0 126 0 0 640 195 0 444 165 136 0 151 0 397 286 123 0 0 0 0 317 553 0 474 690 442 0 957 375 0 417 419 546 564 403 15 20 0 0 63 375 750 669 870 687 0 0 776 230 10 0 228 815 58 0 251 0 0 656 877 414 656 0 0 717 579 911 274 343 0 0 502 580 295 162 920 32 0 37 790 0 879 526 924 888 0 547 300 360 0 808 529 183 0 0 997 408 138 580 595 786 0 0 0 473 0 0 391 901 734 521 537 429 784 748 0 773 715 274 381 13 
55 746 902 536 715 245 773 775 0 929 0 395 281 921 608 0 0 0 362 958 523 442 0 0 608 0 194 412 913 968 911 696 0 220 408 0 98 61 785 121 0 0 250 215 963 958 864 785 727 0 71 59 542 401 0 481 0 704 94 543 617 865 450 403 0 0 763 739 453 10 573 717 914 0 466 0 0 191 0 0 0 756 70 451 934 0 379 626 352 140 139 117 761 506 0 588 180 561 0 939 125 0 895 0 916 145 462 0 0 35 567 305 559 627 762 421 779 927 918 388 284 988 942 416 290 0 263 828 571 500 917 983 632 746 332 0 548 0 0 0 0 0 0 620 473 599 0 666 722 315 666 882 404 353 854 209 692 858 142 0 55 642 618 850 955 845 827 0 
144 87 845 656 788 0 0 722 979 0 395 0 0 971 343 0 746 211 0 571 618 628 641 0 965 80 278 726 45 0 319 0 667 520 0 967 0 579 488 541 727 0 433 0 660 0 0 0 0 605 72 510 82 646 0 747 889 785 107 634 930 645 500 0 0 51 962 878 469 0 383 0 0 195 685 0 0 928 491 644 169 0 0 0 436 0 182 787 0 820 246 237 127 914 289 384 258 145 55 0 614 522 78 0 314 863 155 0 439 0 0 0 920 472 624 257 0 0 586 864 0 838 599 217 263 864 897 628 0 73 819 0 75 127 289 0 734 823 191 960 42 547 863 1 372 906 345 180 74 202 883 171 0 717 760 0 488 0 445 963 325 0 49 0 330 728 94 945 
933 0 558 0 0 150 927 842 801 338 281 0 0 452 308 544 480 605 115 948 368 0 858 541 25 851 130 749 0 0 613 264 653 490 647 0 171 10 0 150 717 399 385 878 362 490 905 431 0 37 384 754 810 827 744 0 0 254 0 827 783 113 136 626 0 508 634 818 0 792 676 0 881 570 8 813 940 480 0 522 184 507 233 651 318 284 838 454 0 949 319 868 0 838 251 469 443 0 666 564 857 326 0 802 605 991 910 865 0 0 408 0 0 806 90 500 463 4 961 367 0 736 604 50 82 0 291 272 735 424 561 661 867 886 107 323 622 729 70 603 318 0 168 400 527 788 500 761 689 616 0 251 0 231 128 469 0 864 935 272 0 397 289 919 400 255 262 694 
0 556 736 930 326 613 554 934 633 752 921 971 452 0 71 128 66 828 0 186 544 951 833 678 0 608 0 556 0 260 179 636 484 982 60 663 141 588 968 922 0 657 48 803 0 0 54 122 340 128 0 514 0 242 0 0 0 0 0 0 567 915 766 0 0 621 870 554 0 0 921 566 950 795 0 0 0 938 0 866 0 517 507 225 164 832 904 0 0 886 330 500 81 730 905 0 366 283 266 808 226 243 84 488 632 645 63 26 338 85 3 786 215 0 342 921 596 152 43 0 0 0 618 342 35 0 432 0 259 176 989 27 0 0 0 0 175 328 0 271 684 438 0 353 386 25 0 870 998 24 494 704 72 883 77 78 586 207 579 925 569 0 0 823 0 424 398 336 
781 886 0 783 476 0 168 369 338 0 608 343 308 71 0 154 0 409 0 59 23 0 333 0 153 0 254 281 251 422 5 793 208 533 710 0 399 673 0 362 218 31 567 500 197 435 331 326 643 0 544 759 571 540 830 0 455 62 457 14 227 26 68 805 43 59 0 258 0 887 0 562 0 216 0 724 0 158 0 0 972 355 0 0 901 947 181 775 973 0 336 464 50 858 822 407 36 113 489 771 736 0 0 446 0 0 876 934 416 0 0 290 929 163 728 387 769 367 0 915 266 91 132 0 764 453 0 519 152 269 0 0 132 0 415 96 106 181 0 291 0 365 0 240 0 786 484 580 0 1 189 0 182 127 435 0 312 0 0 580 470 0 0 45 536 218 529 414 
983 4 241 510 205 0 10 325 917 724 0 0 544 128 154 0 223 0 495 938 0 237 593 944 119 469 0 341 0 121 514 0 173 437 745 255 0 0 0 0 0 850 370 440 594 212 829 0 0 875 0 229 667 158 216 498 864 321 926 237 827 64 728 141 0 542 60 0 869 426 0 0 13 0 595 0 546 0 428 721 147 0 77 92 487 0 975 214 42 274 0 857 687 0 0 942 724 0 620 591 427 76 160 921 183 607 430 352 0 400 524 755 312 735 841 406 362 581 0 551 0 515 986 0 976 379 16 791 53 0 0 0 369 230 0 436 801 721 852 0 615 372 810 977 712 0 0 0 0 321 135 269 0 763 495 872 284 427 727 684 104 100 689 0 484 70 0 0 
303 697 669 874 422 880 0 682 772 70 0 746 480 66 0 223 0 433 492 887 76 462 0 950 633 915 891 893 0 131 436 0 0 0 159 118 985 125 334 211 720 445 873 507 664 335 895 790 370 541 0 355 437 184 971 0 982 479 369 817 0 266 757 317 424 354 687 107 684 0 621 331 0 970 518 656 602 0 753 932 547 93 0 0 77 83 903 0 957 400 601 0 0 532 746 0 824 911 476 790 197 199 631 976 820 617 139 605 849 774 0 803 0 0 887 0 229 550 0 0 224 0 544 413 0 353 860 0 450 878 0 242 0 0 613 374 243 496 0 11 967 0 452 421 656 703 373 0 449 741 216 364 575 194 0 713 844 0 990 0 0 0 248 36 0 104 0 260 
572 882 0 281 938 29 707 963 786 501 0 211 605 828 409 0 433 0 0 0 661 194 0 480 720 201 63 0 464 150 0 471 422 0 0 0 891 511 635 0 668 119 0 440 451 48 920 0 0 83 0 551 576 346 0 735 0 438 98 541 275 521 370 179 322 0 401 0 910 981 928 963 655 105 0 787 0 172 0 710 0 920 940 789 891 0 976 307 177 354 117 238 540 42 878 0 2 0 417 502 519 80 207 157 505 194 628 445 0 609 907 0 0 561 0 196 0 784 89 416 0 323 680 0 751 565 149 687 0 805 983 0 0 647 83 0 434 926 748 960 927 0 587 44 868 0 35 358 161 229 927 158 0 792 939 605 501 887 0 108 566 413 0 680 343 433 996 596 
0 381 238 232 0 853 424 771 779 69 362 0 115 0 0 495 492 0 0 222 667 177 188 95 978 314 0 366 750 883 0 947 31 894 260 456 758 129 512 172 0 909 197 506 0 727 943 905 790 0 834 0 87 617 883 0 440 207 0 533 597 0 100 324 848 792 451 0 447 284 0 638 663 648 152 740 831 0 64 931 405 563 0 0 805 563 999 423 0 0 321 207 127 0 126 0 363 0 0 0 554 0 736 203 909 131 128 612 0 456 523 973 960 452 0 598 0 423 169 0 354 716 0 767 986 872 802 0 657 609 415 195 557 542 0 0 72 0 617 617 159 100 226 0 307 621 0 0 626 458 68 363 288 886 248 0 548 862 597 603 975 0 879 461 48 580 701 372 
715 547 627 786 11 0 890 500 333 0 958 571 948 186 59 938 887 0 222 0 0 0 0 32 824 121 291 792 944 677 807 403 0 0 778 350 381 0 251 467 476 310 156 67 791 612 557 475 0 194 341 360 975 832 763 722 0 951 936 0 52 313 310 793 39 859 81 0 0 988 376 512 0 185 124 787 0 360 0 760 951 229 291 289 418 635 303 472 0 116 392 239 0 211 0 331 921 362 0 0 48 243 0 431 0 0 0 951 588 520 200 21 550 133 0 0 570 0 0 0 778 631 360 24 0 865 0 0 0 87 159 895 678 158 0 87 57 151 37 486 611 768 218 207 390 0 789 328 530 135 42 376 0 0 979 0 0 0 981 930 123 967 93 616 0 384 15 0 
534 781 37 119 42 0 0 612 194 719 523 618 368 544 23 0 76 661 667 0 0 870 307 847 495 809 575 568 0 976 878 0 509 648 880 562 201 522 563 194 602 523 634 0 483 800 977 492 896 0 0 0 949 691 691 0 605 849 518 64 554 267 453 249 183 189 761 139 104 764 0 599 194 796 686 0 0 227 11 405 569 542 695 0 809 627 801 864 308 384 0 0 10 0 50 760 387 682 265 0 9 670 636 0 428 658 488 168 0 0 619 506 599 71 452 464 246 442 0 945 0 723 0 489 215 0 0 0 52 714 220 181 411 0 0 651 0 0 273 0 0 332 934 920 155 958 317 515 714 0 747 627 442 981 0 0 304 0 365 644 430 803 480 413 297 0 0 0 
710 388 0 199 0 19 0 804 585 929 442 628 0 951 0 237 462 194 177 0 870 0 0 264 0 0 922 22 608 306 655 0 0 740 523 633 0 0 0 0 835 237 347 885 673 0 247 0 458 0 902 0 432 608 0 0 415 0 759 619 867 0 79 21 0 292 176 847 923 693 90 693 112 667 487 823 480 516 0 281 0 449 0 971 591 101 493 0 267 773 878 991 452 135 958 577 836 894 605 898 186 0 0 736 487 174 222 0 199 160 0 989 819 425 0 633 78 808 29 331 0 262 0 427 441 168 178 0 678 238 900 545 285 0 0 0 397 419 74 191 653 737 994 0 882 0 623 348 80 563 18 481 0 925 1 243 0 415 0 577 702 896 128 0 953 745 694 0 
983 951 845 833 652 754 868 775 0 455 0 641 858 833 333 593 0 0 188 0 307 0 0 537 495 0 790 127 363 423 938 0 0 780 714 273 709 149 650 0 940 0 340 749 939 314 454 925 602 56 0 0 350 722 0 288 188 488 639 0 0 0 848 30 260 871 796 821 672 40 105 0 0 145 994 0 267 803 0 399 805 0 378 0 694 185 197 445 0 552 696 143 481 993 0 0 929 565 360 0 522 887 395 304 772 395 77 656 670 0 0 907 627 853 269 451 221 883 0 566 339 674 0 951 0 62 970 963 29 263 288 548 740 887 146 922 735 104 351 481 665 113 0 560 0 461 0 157 471 473 326 219 26 583 106 255 51 227 82 99 47 0 0 0 755 792 597 380 
900 65 0 597 722 997 978 915 997 925 0 0 541 678 0 944 950 480 95 32 847 264 537 0 24 856 217 134 262 0 202 79 945 0 334 607 0 957 41 0 17 226 0 334 705 823 0 759 0 940 758 806 0 139 67 0 250 0 468 493 153 0 0 0 12 0 0 0 579 882 0 970 436 932 0 207 170 486 0 228 608 889 1 54 541 275 244 856 0 0 278 69 30 369 523 904 517 95 991 652 163 843 0 394 966 521 559 0 414 183 407 377 757 855 173 495 257 327 223 535 111 0 43 391 349 0 0 569 127 346 348 453 439 516 860 77 965 415 831 618 448 843 285 795 909 621 557 771 962 673 0 0 175 0 244 322 0 994 0 0 0 0 836 770 882 0 0 424 
210 917 595 828 289 0 429 91 0 834 608 965 25 0 153 119 633 720 978 824 495 0 495 24 0 0 0 0 472 442 0 887 187 0 579 322 473 111 134 419 870 0 356 948 209 0 125 177 639 40 858 793 0 0 0 0 0 0 318 261 0 704 953 0 780 933 22 549 293 815 0 387 297 0 441 893 100 803 516 22 0 0 0 534 530 0 41 0 0 0 961 181 795 0 611 915 455 671 0 776 338 874 451 826 860 595 156 109 0 317 0 612 160 277 0 276 948 633 173 647 0 669 710 0 206 0 506 0 680 0 435 0 914 244 0 216 784 146 924 516 0 981 0 0 914 314 202 35 447 100 0 26 2 0 457 731 165 390 568 0 976 890 377 0 901 0 741 540 
0 0 7 834 710 0 722 696 578 0 0 80 851 608 0 469 915 201 314 121 809 0 0 856 0 0 0 0 103 0 274 0 0 115 694 969 692 65 6 641 0 602 0 682 0 0 954 10 391 234 312 922 83 0 0 0 0 661 207 0 618 92 955 389 0 534 300 892 0 782 255 0 0 408 833 93 0 877 371 513 0 49 233 153 0 104 0 539 0 0 833 377 442 705 500 0 124 996 785 0 862 177 134 0 0 0 361 45 0 527 599 304 627 0 160 910 0 101 0 136 454 0 0 848 779 414 381 332 79 866 509 17 869 767 947 197 304 284 527 0 0 168 427 528 287 936 127 0 39 347 130 188 263 400 861 247 404 0 0 719 265 929 24 589 0 207 646 810 
692 665 0 780 14 257 685 0 0 944 194 278 130 0 254 0 891 63 0 291 575 922 790 217 0 0 0 0 33 874 329 114 863 76 112 0 77 0 144 411 951 250 122 127 0 633 288 914 0 130 0 972 455 0 486 622 852 207 0 18 0 114 0 0 839 807 0 426 129 551 0 303 265 493 985 333 106 0 198 578 822 0 557 252 891 746 258 442 0 340 693 38 10 589 0 0 3 969 478 381 844 0 883 634 0 447 0 0 0 59 382 0 0 251 987 0 0 74 0 0 686 426 825 236 641 423 821 470 934 613 269 182 426 535 719 0 262 0 828 0 0 0 144 988 0 792 984 638 911 0 70 321 753 794 0 0 407 789 334 0 614 876 0 0 0 959 0 613 
0 356 551 206 536 424 675 970 0 887 412 726 749 556 281 341 893 0 366 792 568 22 127 134 0 0 0 0 0 0 333 863 969 0 0 0 993 0 901 0 849 446 648 50 248 210 0 855 140 362 385 929 893 130 574 916 515 152 713 777 0 50 486 408 889 0 496 699 800 247 0 869 274 0 822 358 0 500 286 655 520 0 790 604 614 160 0 0 398 0 166 343 524 227 68 302 417 865 75 844 97 958 370 553 771 544 393 644 234 184 714 132 587 626 624 521 0 821 148 538 117 720 306 0 998 0 0 418 0 924 312 941 352 977 92 516 441 0 730 0 502 0 763 265 717 365 897 514 572 0 934 361 194 741 530 764 118 509 812 0 916 742 596 0 632 0 234 29 
625 917 11 280 0 975 637 0 603 554 913 45 0 0 251 0 0 464 750 944 0 608 363 262 472 103 33 0 0 528 729 0 561 581 45 504 915 964 0 0 513 339 986 544 0 870 746 0 6 0 636 0 0 883 0 292 0 0 0 0 557 16 0 621 735 279 0 500 0 143 0 0 918 611 429 484 0 685 0 113 56 0 745 0 0 107 0 0 812 0 0 0 179 509 0 829 722 0 132 1 790 0 598 475 297 178 640 890 0 76 369 0 431 297 62 910 854 731 212 815 987 706 967 707 0 419 619 870 0 0 242 0 647 548 951 474 32 561 447 0 781 539 365 0 219 746 920 506 528 59 725 762 933 436 398 330 682 551 362 0 225 664 382 954 8 419 416 281 
930 781 0 112 0 0 283 0 0 492 968 0 0 260 422 121 131 150 883 677 976 306 423 0 442 0 874 0 528 0 540 0 47 0 720 0 146 385 886 0 0 581 293 47 581 724 303 806 297 0 11 979 75 102 892 33 159 278 0 790 0 185 359 26 208 645 954 0 956 108 344 541 0 304 526 361 0 484 122 0 849 843 224 374 79 0 65 0 847 338 276 578 541 0 558 952 144 142 5 76 0 0 617 808 36 904 651 614 518 590 236 405 969 250 0 0 0 256 74 832 291 836 482 349 61 0 0 0 0 207 560 358 946 86 623 440 75 277 249 188 39 0 0 741 941 0 196 278 159 450 916 596 487 0 967 760 113 314 115 972 0 67 0 254 268 658 0 993 
690 0 512 23 852 529 0 680 0 931 911 319 613 179 5 514 436 0 0 807 878 655 938 202 0 274 329 333 729 540 0 541 0 454 0 0 813 0 999 0 426 163 0 689 819 874 463 293 857 432 0 864 958 507 962 528 363 192 465 547 250 0 788 30 751 958 334 151 192 646 883 360 17 265 754 624 0 88 332 897 244 123 910 7 0 976 551 272 420 402 0 545 72 62 457 0 6 0 0 278 0 928 0 466 0 226 0 843 0 161 459 717 149 0 688 860 727 469 518 409 393 0 469 0 847 923 0 0 39 337 319 665 0 0 350 362 750 52 260 900 0 438 738 0 343 574 280 0 729 152 848 926 0 416 715 132 454 948 393 0 0 74 509 226 285 457 0 917 
355 858 782 38 972 833 801 921 579 799 696 0 264 636 793 0 0 471 947 403 0 0 0 79 887 0 114 863 0 0 541 0 0 647 945 293 0 24 81 216 942 0 841 306 815 46 269 132 926 176 595 80 140 431 155 636 743 900 350 874 818 577 539 678 0 341 0 0 814 136 535 0 435 0 0 197 448 0 149 51 0 713 494 639 571 710 781 0 523 397 347 833 0 407 447 0 0 384 745 712 383 773 0 0 689 561 0 684 989 648 413 161 647 187 992 258 646 308 787 849 553 10 43 544 715 0 843 0 57 0 564 670 0 688 53 0 537 0 0 549 956 563 517 368 503 275 0 59 272 12 191 0 782 30 0 0 0 820 631 910 790 0 0 0 67 581 0 1 
621 565 877 0 421 208 377 996 915 127 0 667 653 484 208 173 0 422 31 0 509 0 0 945 187 0 863 969 561 47 0 0 0 0 0 181 0 54 917 0 8 856 707 875 0 425 75 72 184 826 832 6 531 822 570 0 202 663 912 299 490 978 682 888 537 847 0 549 336 694 381 60 705 796 0 954 365 337 240 137 495 122 223 983 666 350 277 0 295 0 435 898 502 0 0 0 245 873 269 0 346 753 0 981 840 0 88 938 0 219 497 461 293 31 0 445 482 39 0 793 342 360 816 638 702 0 285 664 315 0 384 530 0 0 25 0 228 716 499 679 308 0 186 431 22 871 337 0 900 184 214 0 512 549 325 0 845 621 0 139 929 198 711 0 699 395 988 168 
338 58 0 358 106 0 255 816 0 44 220 520 490 982 533 437 0 0 894 0 648 740 780 0 0 115 76 0 581 0 454 647 0 0 0 426 0 685 402 779 0 17 974 936 431 675 567 281 326 0 594 470 93 931 499 807 32 883 0 579 258 197 892 0 363 0 647 583 977 0 0 452 0 315 0 544 825 693 0 121 0 0 0 457 0 938 70 851 748 0 433 0 902 24 500 0 0 668 674 499 98 406 881 754 133 284 503 323 693 581 919 0 788 883 0 407 123 666 0 0 0 0 576 0 0 591 0 505 0 222 0 0 982 115 0 626 0 131 0 905 887 456 715 773 0 426 774 691 0 0 0 430 30 458 206 972 677 403 423 334 0 0 0 0 797 8 917 124 
940 971 0 685 383 125 331 734 319 270 408 0 647 60 710 745 159 0 260 778 880 523 714 334 579 694 112 0 45 720 0 945 0 0 0 460 504 926 989 351 580 880 463 152 188 728 366 887 589 78 0 906 164 525 128 150 0 0 629 65 699 375 0 0 539 336 56 0 0 813 293 665 222 419 264 0 540 249 0 0 525 753 0 292 879 662 0 962 981 0 0 679 831 831 573 312 0 27 679 211 350 973 86 0 109 528 908 263 311 73 0 636 263 492 423 215 430 188 49 187 0 689 4 30 493 79 758 497 622 935 891 97 749 873 367 676 259 853 729 382 0 0 0 0 0 441 78 148 0 67 174 0 477 0 993 345 739 148 0 924 525 361 471 275 317 866 292 0 
240 0 362 737 362 226 0 0 240 19 0 967 0 663 0 255 118 0 456 350 562 633 273 607 322 969 0 0 504 0 0 293 181 426 460 0 430 0 0 888 572 929 0 0 149 623 0 29 0 528 736 890 623 825 0 891 710 821 955 148 515 802 590 63 912 0 577 763 218 0 849 938 32 0 163 923 994 162 35 812 0 0 553 175 98 746 383 635 163 392 0 271 568 676 636 347 132 338 551 378 232 0 727 810 0 920 166 38 77 917 534 0 546 677 113 0 561 894 837 493 299 676 198 702 465 509 392 701 83 816 650 364 926 0 98 0 304 79 0 245 789 70 277 0 358 238 0 0 260 229 444 0 703 495 0 123 562 557 14 659 256 286 0 0 36 548 0 93 
948 0 15 99 832 107 0 274 333 798 98 0 171 141 399 0 985 891 758 381 201 0 709 0 473 692 77 993 915 146 813 0 0 0 504 430 0 649 0 311 0 461 0 421 453 743 650 960 696 457 275 0 444 307 0 914 709 471 504 356 0 172 402 0 787 598 580 0 0 541 367 0 630 0 606 311 566 0 934 0 970 501 0 691 595 157 240 280 641 254 0 433 800 552 993 372 620 0 112 631 0 286 318 433 216 374 0 0 0 348 610 225 885 339 0 892 474 751 660 879 0 27 0 392 56 543 0 0 0 503 444 779 0 621 729 794 629 0 0 0 426 0 636 634 0 492 0 194 0 509 524 657 0 0 0 523 727 946 426 373 977 558 704 0 0 494 424 0 
718 199 0 902 591 438 223 744 881 234 61 579 10 588 673 0 125 511 129 0 522 0 149 957 111 65 0 0 964 385 0 24 54 685 926 0 649 0 386 78 693 0 604 959 0 0 150 0 4 826 970 948 302 0 0 100 662 0 442 409 501 0 0 573 34 536 459 380 0 669 0 160 726 575 661 523 103 20 194 0 17 0 319 912 123 15 778 0 0 192 930 658 716 970 794 0 473 144 0 361 793 824 866 332 0 777 528 950 855 180 792 938 116 0 369 343 0 0 14 978 186 0 804 766 0 72 209 24 325 323 215 402 310 179 718 469 219 246 338 969 461 196 353 195 0 881 256 861 588 0 756 0 732 114 790 0 887 792 244 566 476 73 167 94 867 0 937 0 
69 532 210 598 158 887 0 0 59 779 785 488 0 968 0 0 334 635 512 251 563 0 650 41 134 6 144 901 0 886 999 81 917 402 989 0 0 386 0 485 506 297 425 801 752 623 577 211 313 212 528 0 0 67 0 172 0 151 99 358 563 519 283 0 485 0 933 980 0 550 695 0 0 373 874 901 542 60 78 0 0 612 530 0 899 604 172 556 315 159 0 200 45 731 293 633 0 830 517 0 946 407 462 93 313 554 377 163 694 185 0 0 230 23 835 64 585 0 95 311 0 132 331 405 138 0 3 22 826 0 866 743 490 495 841 0 595 750 964 491 408 167 394 443 928 47 433 650 0 0 0 0 655 458 77 0 0 780 682 769 257 388 123 782 95 219 0 0 
986 181 297 514 767 0 799 655 0 614 121 541 150 922 362 0 211 0 172 467 194 0 0 0 419 641 411 0 0 0 0 216 0 779 351 888 311 78 485 0 124 90 924 800 712 470 0 212 171 0 972 424 471 385 716 456 0 0 0 869 935 389 657 653 12 0 52 872 910 0 856 89 0 112 379 295 608 64 0 808 485 488 109 0 258 364 540 681 293 41 0 42 553 106 116 924 464 0 265 0 829 0 0 659 0 0 0 201 916 576 811 63 0 193 116 0 373 635 0 671 0 0 0 111 305 561 497 0 0 225 0 585 0 0 62 871 505 376 468 95 798 415 0 131 435 198 295 292 776 0 58 894 779 229 318 0 895 663 674 84 616 751 3 254 235 727 0 0 
999 598 447 714 392 799 429 487 0 0 0 727 717 0 218 0 720 668 0 476 602 835 940 17 870 0 951 849 513 0 426 942 8 0 580 572 0 693 506 124 0 910 0 138 599 0 76 429 339 400 0 0 820 876 315 435 112 961 0 0 625 242 921 0 415 37 10 115 83 0 465 66 248 545 0 466 512 385 595 727 825 0 499 0 0 429 545 587 245 492 545 913 30 0 0 72 833 246 0 200 100 552 704 0 250 847 144 682 862 0 0 736 71 203 609 60 0 0 338 0 866 0 827 502 41 65 0 0 456 851 599 439 736 0 122 259 107 0 370 0 757 508 827 726 249 952 454 222 0 0 14 0 0 677 0 343 701 233 67 237 399 696 815 608 624 0 739 818 
498 345 756 498 703 249 517 141 402 726 0 0 399 657 31 850 445 119 909 310 523 237 0 226 0 602 250 446 339 581 163 0 856 17 880 929 461 0 297 90 910 0 247 0 0 0 573 655 703 782 0 278 690 726 0 0 213 277 478 348 493 837 627 376 719 603 0 0 604 0 572 305 140 174 309 501 0 90 346 573 0 71 670 599 848 15 16 769 201 917 218 785 673 0 0 835 563 35 15 80 349 459 942 854 0 299 809 149 333 117 724 71 529 275 832 0 783 719 0 0 243 0 705 846 128 0 694 113 781 32 266 250 953 0 582 146 919 432 48 0 317 0 0 976 241 660 634 0 223 381 819 111 772 312 133 423 919 695 101 553 273 985 605 385 17 376 120 884 
162 0 351 961 114 43 597 0 90 842 250 433 385 48 567 370 873 0 197 156 634 347 340 0 356 0 122 648 986 293 0 841 707 974 463 0 0 604 425 924 0 247 0 380 720 0 273 598 840 209 853 926 727 0 132 691 135 0 413 565 0 389 392 870 751 108 693 702 50 822 279 792 523 0 861 219 0 979 0 398 709 134 699 475 0 461 394 0 725 973 913 700 15 0 161 21 430 656 697 652 0 208 921 604 50 828 467 786 65 280 172 417 136 0 112 468 676 133 754 0 145 708 633 0 294 0 0 239 527 367 53 70 0 596 218 789 134 642 742 506 12 206 0 0 347 702 94 204 81 127 351 178 883 56 346 0 128 708 805 239 0 529 380 647 0 986 692 884 
400 617 955 315 0 490 250 0 487 862 215 0 878 803 500 440 507 440 506 67 0 885 749 334 948 682 127 50 544 47 689 306 875 936 152 0 421 959 801 800 138 0 380 0 924 519 0 0 558 50 936 78 451 550 87 709 420 434 0 0 58 0 743 676 40 748 0 799 169 0 805 786 314 642 611 74 599 9 0 0 797 706 679 415 240 271 561 415 189 254 455 349 0 820 227 246 845 571 835 38 257 192 573 273 659 175 182 643 386 880 963 937 125 0 433 606 798 0 0 0 809 109 724 445 0 354 316 239 885 0 299 366 492 693 259 939 726 482 937 386 419 439 10 0 498 0 0 528 988 0 884 563 769 314 0 633 278 0 545 488 0 186 559 0 0 0 545 243 
780 510 982 194 0 325 933 316 0 470 963 660 362 0 197 594 664 451 0 791 483 673 939 705 209 0 0 248 0 581 819 815 0 431 188 149 453 0 752 712 599 0 720 924 0 0 35 561 758 308 0 514 198 921 673 0 58 166 464 525 0 379 610 463 147 196 418 12 453 52 0 0 0 0 496 566 73 367 584 797 42 616 0 838 0 948 567 480 517 758 220 407 397 44 240 897 21 360 0 0 733 22 0 772 766 0 886 184 461 25 796 656 527 437 0 0 24 795 935 836 0 367 573 0 443 0 50 984 0 515 185 512 728 39 0 861 0 0 0 623 78 397 206 604 0 0 984 71 20 0 0 987 525 465 956 941 0 103 723 41 715 783 0 0 308 933 752 871 
672 0 954 702 32 946 0 901 620 0 958 0 490 0 435 212 335 48 727 612 800 0 314 823 0 0 633 210 870 724 874 46 425 675 728 623 743 0 623 470 0 0 0 519 0 0 590 632 663 542 0 694 861 395 386 338 67 263 148 0 809 970 43 159 927 0 0 480 220 653 583 0 0 261 228 950 591 671 155 508 624 536 0 184 969 882 0 707 334 20 416 305 824 494 896 0 626 82 0 183 95 202 672 30 612 570 0 242 184 841 0 53 373 0 666 777 833 363 248 0 0 593 517 0 5 463 117 402 941 353 0 106 0 559 625 0 467 712 0 602 902 726 195 0 102 146 814 0 0 366 845 850 412 665 794 453 0 852 802 0 613 694 0 179 748 65 96 12 
0 81 0 892 0 0 0 959 828 0 864 0 905 54 331 829 895 920 943 557 977 247 454 0 125 954 288 0 746 303 463 269 75 567 366 0 650 150 577 0 76 573 273 0 35 590 0 146 328 0 206 33 389 632 0 773 492 305 295 337 796 832 217 212 91 40 0 668 632 776 98 271 395 367 0 0 0 346 0 160 53 0 921 197 663 770 0 588 938 0 563 41 0 399 778 658 782 601 0 922 0 188 559 38 432 889 0 886 426 768 0 911 208 264 167 0 888 914 11 774 934 312 0 0 598 688 0 178 842 963 676 937 753 532 55 610 0 743 658 521 976 665 76 955 993 0 0 0 0 274 0 891 582 0 0 36 0 973 234 185 0 0 0 0 247 0 456 144 
393 0 0 242 828 848 834 0 0 0 785 0 431 122 326 0 790 0 905 475 492 0 925 759 177 10 914 855 0 806 293 132 72 281 887 29 960 0 211 212 429 655 598 0 561 632 146 0 0 393 464 707 0 715 90 52 651 613 834 0 307 342 923 824 739 590 873 626 0 930 832 921 918 202 191 875 0 98 0 607 880 818 747 0 5 0 746 0 811 129 0 0 904 163 819 887 0 0 168 496 619 137 0 374 0 0 0 130 642 913 136 255 0 0 800 249 714 596 901 968 263 0 215 333 106 174 0 502 0 0 0 255 615 81 135 0 534 404 0 679 557 0 425 488 531 0 478 77 880 51 602 689 330 501 651 0 24 698 968 0 56 0 974 0 212 378 710 0 
0 160 473 447 72 439 928 336 764 126 727 0 0 340 643 0 370 0 790 0 896 458 602 0 639 391 0 140 6 297 857 926 184 326 589 0 696 4 313 171 339 703 840 558 758 663 328 0 0 0 0 474 6 623 459 482 844 0 944 326 758 0 0 0 0 0 0 811 739 894 0 332 67 994 598 0 377 650 0 16 896 237 845 172 0 966 372 0 238 37 840 361 109 817 0 737 632 980 552 723 0 486 277 0 205 781 70 825 601 0 910 540 363 0 56 4 0 0 0 53 391 714 246 0 237 867 398 0 0 433 0 253 631 953 0 0 752 173 0 849 733 956 280 563 408 360 20 264 914 472 0 452 407 309 553 834 431 168 232 857 0 855 146 0 851 898 594 710 
568 0 451 847 0 257 147 752 173 0 0 605 37 128 0 875 541 83 0 194 0 0 56 940 40 234 130 362 0 0 432 176 826 0 78 528 457 826 212 0 400 782 209 50 308 542 0 393 0 0 402 44 228 3 723 779 963 989 660 0 0 916 548 366 710 333 567 573 620 0 220 48 0 583 0 133 185 277 755 115 838 168 740 34 41 0 0 327 823 664 639 0 667 467 155 0 700 884 987 30 235 344 349 384 286 754 727 862 685 792 973 0 748 689 468 0 0 886 0 662 136 497 0 0 0 933 0 0 0 496 134 139 0 712 490 729 0 61 638 303 487 0 223 0 878 0 0 0 735 280 882 587 23 284 0 886 31 115 0 0 726 222 0 0 222 469 0 337 
0 0 846 446 0 147 496 0 661 0 71 72 384 0 544 0 0 0 834 341 0 902 0 758 858 312 0 385 636 11 0 595 832 594 0 736 275 970 528 972 0 0 853 936 0 0 206 464 0 402 0 230 651 373 40 80 0 948 309 846 288 778 34 127 601 873 646 904 265 0 632 250 315 886 124 744 776 794 748 93 0 730 668 567 16 711 407 794 920 735 0 554 591 0 632 0 882 0 209 806 58 836 496 0 985 555 675 657 0 12 834 578 0 770 0 933 421 245 864 0 690 804 197 133 0 73 289 3 0 364 610 934 730 0 120 121 854 446 0 0 458 498 181 676 772 453 638 0 264 930 379 575 0 315 6 554 503 248 0 370 577 0 0 0 427 941 977 67 
504 0 760 28 417 440 223 268 0 640 59 510 754 514 759 229 355 551 0 360 0 0 0 806 793 922 972 929 0 979 864 80 6 470 906 890 0 948 0 424 0 278 926 78 514 694 33 707 474 44 230 0 0 855 447 906 643 0 305 355 0 0 320 738 1 452 672 765 0 711 612 900 148 111 510 0 449 0 0 0 506 0 343 772 0 195 786 0 0 329 0 0 36 153 506 0 151 509 0 417 880 583 0 43 439 0 194 0 0 470 813 850 0 0 19 623 642 0 465 257 312 0 544 893 454 0 594 859 809 0 260 912 0 558 0 194 855 691 247 845 0 120 493 996 62 0 63 867 784 779 883 0 187 310 315 119 32 255 41 433 0 271 0 892 0 0 0 279 
151 0 0 630 0 838 773 468 476 195 542 82 810 0 571 667 437 576 87 975 949 432 350 0 0 83 455 893 0 75 958 140 531 93 164 623 444 302 0 471 820 690 727 451 198 861 389 0 6 228 651 0 0 907 241 916 0 162 389 332 0 302 725 0 0 904 786 0 132 0 567 235 0 480 0 478 703 862 855 164 417 0 0 403 36 146 603 164 390 0 942 0 242 246 87 316 47 45 461 991 826 678 256 672 733 0 85 0 927 850 898 513 0 319 176 469 107 793 596 72 0 0 0 797 0 410 814 0 0 0 275 889 0 557 0 694 890 12 637 0 825 347 645 830 941 202 0 0 0 670 0 579 44 894 376 0 0 362 987 0 211 0 774 0 0 975 0 146 
160 254 528 42 680 294 576 258 0 0 401 646 827 242 540 158 184 346 617 832 691 608 722 139 0 0 0 130 883 102 507 431 822 931 525 825 307 0 67 385 876 726 0 550 921 395 632 715 623 3 373 855 907 0 241 454 292 0 969 797 35 842 662 0 145 906 174 0 0 352 706 676 0 914 141 735 462 781 594 272 0 645 631 593 522 240 650 972 0 789 937 463 0 719 774 411 531 0 229 601 141 997 623 963 42 0 39 611 684 660 547 367 775 0 953 231 144 398 655 307 0 0 214 201 0 157 495 0 0 0 413 0 0 0 0 46 0 396 52 571 626 660 770 571 514 69 174 656 0 276 544 222 916 830 152 211 619 0 372 184 373 0 316 867 0 342 49 833 
127 0 839 550 827 964 846 824 877 444 0 0 744 0 830 216 971 0 883 763 691 0 0 67 0 0 486 574 0 892 962 155 570 499 128 0 0 0 0 716 315 0 132 87 673 386 0 90 459 723 40 447 241 241 0 522 0 485 685 252 0 452 16 482 166 0 248 876 958 0 149 247 517 0 748 0 79 566 857 143 478 170 60 187 0 466 929 835 53 770 629 493 910 0 0 66 0 331 258 0 555 823 767 808 910 246 0 182 920 481 638 0 482 0 0 75 854 0 99 195 204 776 721 970 6 81 845 858 195 261 815 629 569 998 0 41 147 926 553 798 437 0 329 739 48 121 497 349 0 965 275 940 0 144 498 376 0 946 556 56 456 879 766 633 652 707 984 0 
0 816 977 570 503 743 847 550 584 165 481 747 0 0 0 498 0 735 0 722 0 0 288 0 0 0 622 916 292 33 528 636 0 807 150 891 914 100 172 456 435 0 691 709 0 338 773 52 482 779 80 906 916 454 522 0 758 836 168 0 972 611 462 944 598 211 0 543 742 569 291 582 225 167 759 531 458 368 295 802 833 271 0 0 0 905 960 0 53 831 0 425 993 25 134 960 54 0 0 429 607 331 0 0 0 887 645 367 374 139 0 0 659 533 934 136 0 484 962 0 312 370 924 182 926 963 147 0 0 435 777 252 113 800 0 780 48 0 623 300 402 520 154 899 554 550 972 470 592 477 815 258 68 691 222 910 988 240 0 419 0 273 959 14 130 625 66 0 
473 489 0 515 0 0 25 0 810 136 0 889 0 0 455 864 982 0 440 0 605 415 188 250 0 0 852 515 0 159 363 743 202 32 0 710 709 662 0 0 112 213 135 420 58 67 492 651 844 963 0 643 0 292 0 758 0 5 0 0 0 613 445 636 950 330 769 920 0 2 0 0 876 160 135 709 959 0 0 0 939 0 0 234 223 0 823 814 247 484 508 747 241 872 0 896 717 138 508 983 764 760 730 292 150 526 0 804 458 68 190 968 0 322 661 0 333 297 710 0 263 0 102 504 267 316 0 985 963 111 145 0 234 421 296 246 27 70 316 606 348 0 661 552 29 233 684 170 0 881 75 922 273 982 0 789 971 879 460 459 918 301 963 720 865 0 0 0 
864 228 0 582 0 364 0 234 125 0 704 785 254 0 62 321 479 438 207 951 849 0 488 0 0 661 207 152 0 278 192 900 663 883 0 821 471 0 151 0 961 277 0 434 166 263 305 613 0 989 948 0 162 0 485 836 5 0 0 0 350 796 807 30 214 0 618 73 546 0 662 983 989 0 454 378 238 43 469 391 730 509 90 580 175 0 510 0 0 0 0 0 453 752 768 0 301 0 720 218 119 448 205 252 906 855 187 984 273 229 0 77 0 599 14 157 71 467 484 427 27 0 719 459 507 28 0 501 0 811 0 0 438 701 0 152 971 705 0 394 309 340 895 0 0 998 879 897 984 482 247 10 619 450 0 782 520 577 547 647 0 193 182 153 19 722 654 739 
378 395 808 732 335 992 376 726 148 151 94 107 0 0 457 926 369 98 0 936 518 759 639 468 318 207 0 713 0 0 465 350 912 0 629 955 504 442 99 0 0 478 413 0 464 148 295 834 944 660 309 305 389 969 685 168 0 0 0 852 854 556 605 941 123 535 196 915 0 0 0 678 0 712 10 486 117 0 348 0 229 103 0 116 739 234 760 780 581 336 199 731 117 587 95 841 65 827 534 343 0 897 311 277 896 637 549 871 257 266 0 613 0 15 90 36 626 114 313 0 0 428 549 855 732 329 47 0 0 0 210 723 500 898 0 428 284 0 717 237 0 799 0 0 464 861 221 0 705 321 710 382 0 625 0 505 0 0 967 495 0 0 704 590 150 21 206 370 
225 0 538 454 0 66 0 152 579 0 543 634 827 0 14 237 817 541 533 0 64 619 0 493 261 0 18 777 0 790 547 874 299 579 65 148 356 409 358 869 0 348 565 0 525 0 337 0 326 0 846 355 332 797 252 0 0 0 852 0 408 0 145 886 250 0 147 454 91 416 363 805 914 848 506 143 630 0 799 0 0 696 3 445 654 0 399 338 446 0 631 599 799 374 784 718 0 0 721 534 763 563 658 62 0 198 712 381 420 466 311 969 199 169 385 377 0 920 782 0 0 745 841 0 541 498 454 60 374 0 707 117 0 280 62 467 975 572 0 673 595 749 435 0 54 0 227 524 82 0 0 963 0 437 668 683 412 555 884 68 0 733 0 893 629 624 93 0 
562 984 281 0 372 104 0 402 0 397 617 930 783 567 227 827 0 275 597 52 554 867 0 153 0 618 0 0 557 0 250 818 490 258 699 515 0 501 563 935 625 493 0 58 0 809 796 307 758 0 288 0 0 35 0 972 0 350 854 408 0 767 933 848 192 596 60 0 493 737 785 0 7 2 251 165 0 992 0 361 631 204 0 514 75 875 677 810 92 424 457 799 0 257 51 0 165 581 0 398 167 645 161 0 849 621 942 0 203 0 952 0 0 0 0 86 283 985 0 670 111 0 455 581 485 633 49 447 13 0 962 349 78 568 0 32 568 773 546 0 0 417 0 268 0 940 626 824 0 0 301 139 335 268 497 312 0 499 0 506 387 0 849 0 684 714 0 0 
465 688 583 911 837 0 0 0 353 286 865 645 113 915 26 64 266 521 0 313 267 0 0 0 704 92 114 50 16 185 0 577 978 197 375 802 172 0 519 389 242 837 389 0 379 970 832 342 0 916 778 0 302 842 452 611 613 796 556 0 767 0 0 351 398 704 0 359 164 0 64 66 972 0 86 904 962 345 843 802 0 274 0 9 0 487 657 371 857 0 484 145 629 967 574 765 464 263 813 534 0 755 397 438 507 618 700 538 700 411 751 453 934 507 136 0 0 964 0 640 0 388 745 0 419 790 600 859 299 0 335 0 307 779 162 0 0 499 56 0 0 369 80 934 513 833 867 94 7 572 0 423 857 77 553 0 583 847 468 105 337 15 427 18 891 0 952 0 
0 910 0 0 259 960 810 423 909 123 450 500 136 766 68 728 757 370 100 310 453 79 848 0 953 955 0 486 0 359 788 539 682 892 0 590 402 0 283 657 921 627 392 743 610 43 217 923 0 548 34 320 725 662 16 462 445 807 605 145 933 0 0 0 632 621 0 324 119 246 789 140 494 59 591 0 550 247 899 0 45 697 948 757 0 0 58 18 138 965 656 881 92 480 91 828 504 217 268 0 604 0 246 135 0 0 101 995 639 807 601 721 0 665 0 295 675 0 86 137 0 368 59 681 0 481 31 163 96 713 0 464 754 92 332 656 84 0 906 0 269 494 933 496 0 466 142 640 0 118 418 0 609 0 0 869 0 412 300 243 17 613 0 937 609 739 685 115 
781 87 269 843 846 425 203 784 89 0 403 0 626 0 805 141 317 179 324 793 249 21 30 0 0 389 0 408 621 26 30 678 888 0 0 63 0 573 0 653 0 376 870 676 463 159 212 824 0 366 127 738 0 0 482 944 636 30 941 886 848 351 0 0 381 963 287 675 743 204 376 0 394 0 0 110 716 4 702 709 0 0 458 0 9 105 274 962 122 529 0 328 393 693 0 674 407 336 769 0 674 319 576 323 0 716 634 867 0 0 27 601 663 296 608 152 881 790 939 968 854 509 0 0 766 618 664 227 5 649 0 0 528 560 651 651 335 0 91 214 0 0 0 969 0 0 955 928 0 122 231 250 999 153 687 393 372 750 934 890 235 0 499 0 962 0 382 427 
0 0 672 900 404 750 786 577 249 0 0 0 0 0 43 0 424 322 848 39 183 0 260 12 780 0 839 889 735 208 751 0 537 363 539 912 787 34 485 12 415 719 751 40 147 927 91 739 0 710 601 1 0 145 166 598 950 214 123 250 192 398 632 381 0 316 0 737 258 819 289 0 0 882 383 955 761 0 0 0 249 599 995 135 943 0 439 597 191 79 118 543 736 852 0 369 55 598 963 437 311 0 0 655 640 33 0 581 0 725 322 134 0 0 269 0 235 187 135 637 81 629 286 0 0 548 0 0 470 0 443 577 192 617 163 166 777 106 455 0 186 422 102 0 910 988 379 322 412 189 143 902 0 352 498 807 987 191 642 504 410 586 975 0 0 836 846 593 
0 422 398 0 765 657 929 725 151 0 0 51 508 621 59 542 354 0 792 859 189 292 871 0 933 534 807 0 279 645 958 341 847 0 336 0 598 536 0 0 37 603 108 748 196 0 40 590 0 333 873 452 904 906 0 211 330 0 535 0 596 704 621 963 316 0 750 567 12 0 554 693 800 763 38 292 320 0 0 24 125 959 375 0 155 299 0 0 470 276 668 769 0 403 49 0 805 41 0 0 0 630 0 0 0 0 600 529 992 289 410 263 0 112 805 198 176 467 0 0 156 644 0 674 0 377 538 0 253 302 122 526 0 469 677 663 306 719 904 0 951 0 916 0 89 851 637 159 351 758 859 0 459 102 439 496 469 520 148 698 41 0 0 648 178 762 843 351 
0 0 0 198 698 758 0 387 752 0 763 962 634 870 0 60 687 401 451 81 761 176 796 0 22 300 0 496 0 954 334 0 0 647 56 577 580 459 933 52 10 0 693 0 418 0 0 873 0 567 646 672 786 174 248 0 769 618 196 147 60 0 0 287 0 750 0 508 785 210 393 0 0 145 332 792 710 379 651 0 495 263 445 0 678 0 26 737 778 36 713 803 0 0 0 465 0 0 954 0 820 132 593 374 185 57 0 0 492 555 284 646 800 114 498 193 653 709 48 700 863 830 242 385 422 40 46 304 0 0 122 0 862 0 0 549 817 826 232 43 744 0 368 672 0 0 231 403 29 0 886 276 647 83 233 579 937 460 51 833 569 351 675 906 227 366 850 216 
965 554 415 14 168 848 0 161 0 317 739 878 818 554 258 0 107 0 0 0 139 847 821 0 549 892 426 699 500 0 151 0 549 583 0 763 0 380 980 872 115 0 702 799 12 480 668 626 811 573 904 765 0 0 876 543 920 73 915 454 0 359 324 675 737 567 508 0 613 450 0 865 776 294 998 0 0 417 962 0 0 943 320 0 0 307 183 793 0 0 883 260 792 467 0 362 154 593 0 203 606 0 127 114 125 306 101 399 0 412 379 806 733 441 842 624 371 343 771 0 621 624 782 167 0 0 477 641 964 428 824 654 327 588 62 450 527 26 0 0 67 312 669 496 0 715 486 0 911 228 304 203 221 159 904 848 0 271 632 70 0 440 146 512 621 610 677 133 
974 85 579 52 444 0 521 658 712 553 453 469 0 0 0 869 684 910 447 0 104 923 672 579 293 0 129 800 0 956 192 814 336 977 0 218 0 0 0 910 83 604 50 169 453 220 632 0 739 620 265 0 132 0 958 742 0 546 0 91 493 164 119 743 258 12 785 613 0 214 69 46 0 262 168 885 0 0 91 402 0 848 428 0 0 413 550 693 0 909 698 514 648 0 166 134 686 260 891 345 0 0 708 0 584 0 906 767 389 579 668 820 719 0 0 284 808 822 0 886 427 154 606 0 987 0 793 914 832 960 0 422 292 849 0 85 850 997 0 493 853 523 472 831 354 876 503 288 0 183 123 55 34 844 445 2 652 0 0 554 341 0 958 798 0 0 0 503 
