0 36 0 0 58 467 236 771 358 0 10 0 216 860 886 540 548 844 389 0 121 277 692 104 0 506 0 0 630 214 448 0 470 283 946 526 259 892 269 674 201 0 288 851 356 774 942 128 186 261 97 0 360 21 0 0 0 987 591 686 0 0 0 121 0 536 830 93 482 175 264 187 46 40 0 823 140 4 0 46 391 496 0 380 0 11 931 198 0 0 748 0 259 20 0 549 927 870 0 789 462 742 0 129 218 573 0 887 971 114 0 0 114 154 866 914 569 11 480 0 0 306 0 0 0 0 89 553 916 552 932 686 0 631 414 0 0 204 887 314 115 640 0 785 222 562 914 0 0 0 25 0 978 0 387 338 161 792 897 683 867 0 323 253 591 651 0 295 110 841 0 178 595 53 995 278 526 25 0 181 602 935 20 966 777 685 0 827 332 117 190 0 379 0 0 594 628 987 0 0 904 475 270 0 748 808 465 957 0 626 513 655 287 0 593 221 0 0 0 870 0 297 0 123 562 466 910 212 271 349 316 0 0 355 337 982 3 606 973 932 211 15 460 0 573 421 60 931 0 786 168 5 141 948 196 696 0 0 740 54 241 0 568 664 483 0 
36 0 197 0 748 0 766 867 257 0 56 424 0 554 0 788 465 998 35 0 800 725 78 0 84 0 373 663 0 0 394 255 0 818 759 0 26 477 959 0 0 0 396 281 678 549 306 933 840 356 394 768 136 465 248 943 141 0 648 422 140 0 611 495 802 690 493 0 0 809 59 976 550 53 925 360 310 901 829 803 190 308 197 804 371 999 824 669 745 193 50 514 391 826 0 220 676 0 123 473 297 922 0 723 830 529 0 0 386 748 666 0 314 0 939 472 415 207 0 0 125 938 965 825 887 0 0 0 999 998 880 0 0 830 374 379 463 0 335 8 80 420 0 549 578 871 186 0 624 593 173 446 893 687 389 0 314 0 963 618 711 193 189 9 643 0 674 874 420 0 0 0 0 405 234 275 616 44 320 962 487 24 0 101 0 138 0 0 468 0 0 967 0 969 238 592 544 926 656 0 171 744 0 0 94 531 714 160 938 177 0 794 637 0 0 0 375 0 891 124 655 0 0 0 612 0 303 730 0 0 768 497 187 0 0 213 155 0 997 382 0 840 313 298 503 96 0 677 24 674 796 64 548 333 0 334 0 578 595 178 784 0 992 330 524 92 
0 197 0 190 572 415 568 0 306 966 836 716 240 0 99 833 590 729 353 225 0 0 0 921 336 74 332 371 0 506 0 663 597 547 178 0 0 531 969 0 122 113 533 664 258 182 280 448 36 0 491 316 547 400 450 735 669 0 875 93 396 260 0 769 0 159 0 155 73 457 0 560 175 136 0 0 837 599 699 637 305 0 292 940 539 0 290 638 644 89 872 0 791 0 0 391 518 0 192 0 921 0 735 0 900 694 685 818 525 0 939 553 638 0 189 203 73 0 0 464 505 285 403 354 574 796 257 0 0 0 460 82 822 601 187 0 158 755 711 355 592 833 607 744 557 473 0 0 447 233 449 591 793 316 238 455 36 272 198 526 138 233 890 0 2 122 324 0 352 879 86 788 216 560 587 880 0 467 389 48 930 600 611 125 267 213 468 0 0 591 469 0 266 408 664 830 535 0 763 392 0 279 536 0 338 0 0 0 536 842 465 579 359 48 80 564 445 346 851 984 991 0 370 965 434 476 0 802 0 706 0 536 646 816 587 0 109 0 0 0 475 421 941 0 693 755 6 246 474 0 228 243 103 0 755 738 891 700 477 384 5 756 0 684 417 815 
0 0 190 0 669 519 906 534 0 141 862 222 0 380 0 165 549 381 386 0 659 770 920 877 683 832 907 64 0 149 895 199 100 791 985 109 0 227 579 721 1 839 882 618 0 252 693 660 228 70 942 0 64 148 447 0 0 660 18 440 506 293 0 0 198 419 823 367 776 399 0 578 370 0 802 282 825 898 691 119 0 0 0 579 11 584 0 0 748 962 784 481 984 482 586 359 609 0 487 469 536 488 717 636 760 873 532 395 412 598 378 215 410 604 788 580 592 803 0 225 322 820 0 0 477 0 892 322 0 140 128 410 0 794 0 773 815 428 0 0 358 56 580 0 43 0 373 755 0 476 407 152 0 0 871 344 0 0 364 12 521 725 0 990 896 122 0 357 486 0 0 0 965 0 945 611 0 337 0 777 0 0 0 965 218 544 303 908 487 0 560 222 52 223 0 40 523 782 776 210 10 817 363 0 175 423 291 898 552 0 566 54 652 720 686 359 745 0 726 163 550 527 748 0 111 268 0 0 149 638 167 315 65 351 605 129 291 523 289 863 714 328 435 303 764 911 286 668 843 199 861 0 333 288 85 0 489 294 585 914 923 0 767 820 184 735 
58 748 572 669 0 841 0 410 852 827 0 462 0 586 602 246 0 0 0 758 0 660 891 924 41 760 0 182 33 452 712 877 0 0 61 524 188 350 789 871 0 903 465 166 45 0 777 0 76 0 658 620 629 39 280 130 537 516 0 714 281 439 100 474 968 885 221 645 988 586 0 0 0 590 594 820 980 0 306 11 895 647 0 922 682 594 910 0 440 702 0 975 604 44 770 401 0 318 262 5 848 301 775 691 379 226 440 211 0 0 0 710 87 721 637 133 0 841 0 710 551 152 0 898 528 424 662 578 680 989 0 0 0 521 559 346 982 696 5 985 852 0 695 0 644 731 988 646 0 129 200 785 0 0 0 26 984 492 0 0 60 0 985 399 472 850 168 423 247 899 66 313 0 595 579 0 0 668 0 627 818 0 115 817 201 81 161 862 0 0 755 430 950 675 0 553 989 27 909 619 0 404 0 0 118 288 665 0 162 299 0 361 874 529 164 31 836 0 26 523 600 903 548 438 803 508 0 239 517 346 0 0 0 791 0 32 0 321 288 379 0 350 0 0 10 0 0 896 510 0 66 259 499 925 0 304 265 731 224 0 134 256 0 0 773 599 
467 0 415 519 841 0 916 115 531 881 872 0 213 986 0 532 14 0 967 0 161 695 872 361 279 326 683 20 486 782 0 272 641 121 646 283 581 606 510 133 300 0 460 0 924 850 0 711 0 0 0 44 688 297 301 249 78 440 599 892 277 0 148 400 650 739 155 2 63 718 0 835 0 189 135 0 360 662 0 0 946 949 0 0 978 6 0 226 0 530 0 411 547 898 791 0 180 482 634 469 917 422 894 921 148 16 0 832 382 319 574 933 0 601 307 965 0 0 828 664 194 0 254 780 63 581 670 779 5 320 922 475 946 869 109 973 40 837 340 0 151 0 0 660 584 122 406 300 184 307 938 660 0 353 0 63 148 97 0 59 96 0 492 732 376 569 0 0 383 526 62 904 0 0 0 438 0 746 0 0 659 304 218 978 8 541 498 267 741 523 647 0 0 104 726 207 823 511 864 816 34 723 839 556 599 938 214 812 486 894 584 280 507 466 0 942 0 40 727 197 987 688 301 0 594 0 540 730 0 39 641 0 0 0 0 44 18 682 120 0 0 620 693 45 639 497 149 0 312 428 36 294 495 636 977 0 829 958 571 393 443 271 475 358 871 780 
236 766 568 906 0 916 0 554 0 136 171 751 502 0 0 311 534 935 318 250 701 533 134 665 0 0 0 794 486 0 886 197 116 0 997 386 0 574 0 963 0 24 0 90 213 928 320 257 931 0 640 215 456 0 0 530 331 0 351 27 47 952 532 502 737 548 932 203 247 118 765 220 39 991 62 220 0 270 432 0 432 690 757 399 388 0 167 0 61 0 503 0 461 559 982 0 56 834 81 778 0 504 0 282 0 512 447 683 485 756 218 165 998 950 0 118 248 842 593 824 0 0 258 0 802 71 990 608 109 0 230 785 350 781 417 0 813 0 0 929 0 0 0 268 941 519 0 791 526 308 166 293 0 120 0 0 113 445 57 256 294 0 0 582 0 0 750 128 683 594 0 919 241 979 359 0 170 653 0 161 0 836 0 178 161 0 909 384 0 493 233 619 941 173 0 444 0 0 0 0 0 277 368 0 0 463 658 321 0 0 719 330 0 452 521 57 0 314 364 0 0 0 961 857 381 0 0 0 94 572 744 452 383 333 3 0 532 388 765 129 554 402 218 0 201 142 970 688 0 911 49 0 946 391 236 931 463 868 407 986 594 519 751 552 213 321 
771 867 0 534 410 115 554 0 724 159 895 835 365 128 791 941 181 754 684 194 438 16 664 696 0 668 573 0 655 0 906 111 738 0 0 0 611 362 777 0 0 847 415 656 779 434 676 104 173 0 311 0 0 366 249 251 840 0 0 0 632 164 608 195 0 595 280 550 283 0 129 632 394 227 0 4 865 531 52 121 967 251 28 0 410 114 0 444 649 905 151 133 0 112 278 832 362 0 367 0 675 704 163 314 0 716 975 0 499 0 269 1 340 850 0 813 0 786 0 0 910 485 60 583 16 999 814 921 660 0 345 54 0 0 908 619 417 0 842 428 145 0 744 0 0 0 29 47 0 0 684 133 4 0 0 114 0 522 0 588 0 99 871 555 768 0 0 640 789 0 0 740 677 509 418 942 219 659 449 313 633 0 330 8 307 781 733 936 695 0 471 0 915 652 846 247 274 572 48 0 616 308 637 0 28 154 716 0 0 342 943 0 544 910 177 354 71 421 33 433 112 303 176 487 763 820 515 86 227 201 474 317 25 761 0 117 246 476 631 569 231 852 741 121 446 149 643 227 490 514 801 919 691 0 485 0 44 0 574 456 658 381 835 0 0 821 
358 257 306 0 852 531 0 724 0 884 723 924 553 667 246 793 0 6 631 549 720 0 0 149 359 849 171 219 769 910 0 734 260 256 0 0 325 588 66 542 549 156 853 506 100 238 80 814 0 0 532 636 193 321 201 389 698 0 213 949 436 0 251 845 0 320 837 313 244 0 0 0 0 0 779 0 307 825 0 0 235 279 679 531 159 244 578 95 819 0 614 995 20 0 192 897 186 0 250 910 116 681 317 0 958 749 31 44 380 583 866 996 416 0 0 842 74 872 455 948 42 694 0 260 0 931 0 175 0 681 99 869 652 385 761 63 261 0 0 354 123 236 77 0 234 901 372 0 0 699 530 821 184 670 533 567 59 0 391 359 0 562 544 0 353 690 824 815 590 313 450 266 0 878 556 195 240 281 0 11 834 0 0 57 179 486 453 0 0 906 168 14 0 557 0 469 31 0 16 734 206 292 855 428 0 508 0 795 797 0 913 911 698 903 0 0 674 299 0 720 432 862 61 0 999 924 382 613 0 305 0 117 308 935 68 0 0 791 152 678 0 142 203 384 602 994 273 659 770 0 657 832 60 998 766 0 0 0 0 0 358 512 0 804 782 255 
0 0 966 141 827 881 136 159 884 0 0 867 259 0 602 562 862 0 737 0 441 518 792 0 399 0 272 0 276 235 588 909 226 0 0 593 477 0 868 382 14 41 924 471 754 667 0 148 991 0 0 650 48 928 541 611 103 759 0 582 611 458 713 676 872 859 878 0 0 0 0 24 0 0 894 414 0 0 675 26 876 142 940 67 748 0 458 567 405 858 613 0 174 874 0 875 355 839 0 929 0 880 993 730 478 990 532 369 952 233 509 791 876 0 270 730 581 0 0 0 512 753 252 0 996 922 384 0 424 55 0 150 848 343 158 0 0 379 0 805 599 893 0 295 955 0 241 989 179 276 736 962 0 0 337 761 0 199 767 458 83 0 88 732 0 315 914 80 67 238 0 321 0 658 328 624 0 976 458 87 969 880 571 259 5 916 0 0 44 787 68 530 0 536 0 693 77 499 306 64 0 601 926 918 526 320 0 885 162 375 0 0 0 912 770 892 72 805 610 940 284 0 43 772 256 342 938 601 489 0 838 546 586 511 732 473 0 402 446 285 995 767 316 355 157 960 328 0 0 0 469 866 848 744 0 0 237 679 197 301 195 0 354 0 559 302 
10 56 836 862 0 872 171 895 723 0 0 515 0 573 348 267 240 618 74 0 88 487 0 527 952 0 726 14 0 255 0 0 57 415 204 182 471 0 795 0 388 656 233 627 76 87 277 561 272 381 0 171 49 0 432 0 352 292 0 508 811 6 0 670 0 392 650 827 677 379 559 995 455 109 0 307 0 0 892 336 0 917 0 0 446 650 0 0 0 89 973 928 835 163 442 0 320 515 0 548 0 963 703 407 398 0 941 333 880 593 793 441 951 0 0 0 883 8 467 257 432 0 795 117 0 171 650 158 962 727 608 42 0 853 0 170 108 883 64 105 0 0 615 670 329 625 0 543 38 130 552 531 279 0 399 210 807 783 817 145 919 196 650 530 245 493 906 743 0 206 889 0 140 947 0 568 741 757 318 998 180 416 436 0 85 182 713 725 851 116 778 0 0 499 0 757 980 87 906 578 0 327 692 32 426 69 970 746 408 0 0 0 0 566 358 135 731 43 175 792 303 0 283 750 170 742 193 218 777 62 306 784 904 537 648 614 358 162 367 0 471 374 911 434 124 0 0 850 0 912 624 801 0 49 116 0 835 504 741 674 0 898 602 0 0 0 
0 424 716 222 462 0 751 835 924 867 515 0 805 455 0 522 935 169 857 544 489 745 2 735 541 68 0 0 376 982 0 369 0 824 0 24 352 87 0 185 309 0 609 166 995 467 0 858 184 447 425 0 867 437 510 0 991 0 375 295 929 123 782 239 644 0 763 926 462 802 404 630 0 639 194 0 939 774 0 160 115 523 645 298 27 540 943 780 5 949 683 414 804 0 0 0 756 225 0 235 544 0 267 43 227 42 492 457 891 911 942 319 640 263 432 225 0 465 380 0 162 570 280 0 529 89 243 475 216 0 405 767 736 446 621 0 874 841 594 0 909 975 189 686 17 87 888 0 79 0 531 719 518 7 966 0 515 907 0 827 223 903 372 486 360 181 339 0 858 0 509 530 0 147 843 163 918 340 574 471 873 634 0 0 709 849 606 78 0 295 0 670 0 955 686 790 0 231 178 546 593 0 387 0 861 371 25 0 0 574 5 971 0 199 0 484 73 377 712 191 684 998 0 40 583 986 842 442 424 410 348 0 501 0 690 0 0 509 657 98 913 435 442 329 195 925 266 471 787 122 291 312 398 0 834 668 0 74 617 938 479 343 458 0 0 523 
216 0 240 0 0 213 502 365 553 259 0 805 0 532 25 163 762 454 0 896 650 528 422 693 0 827 352 0 921 230 611 0 501 701 898 651 391 859 920 750 897 707 653 756 102 0 492 647 740 839 211 0 116 238 181 518 78 0 175 4 0 906 643 631 0 990 0 454 0 565 0 169 10 891 775 0 726 449 0 0 990 796 523 898 0 698 0 370 514 340 902 340 393 572 0 907 679 481 567 674 829 900 517 533 338 420 500 801 161 0 33 0 75 546 0 825 872 534 714 0 814 0 660 973 812 0 781 406 438 856 359 0 0 0 814 375 305 994 0 0 128 801 659 0 0 702 677 670 575 891 507 154 15 896 0 979 538 598 251 0 562 935 327 905 0 456 282 32 0 518 532 175 876 765 0 381 661 625 335 843 307 0 934 0 501 290 0 0 0 805 410 0 227 1 0 419 13 605 0 411 467 723 887 697 204 929 326 128 252 0 0 705 276 869 91 81 0 24 977 0 789 0 801 116 644 272 649 0 0 134 0 0 0 68 221 580 0 47 96 737 0 236 0 0 311 0 656 0 671 990 16 0 834 0 420 555 0 42 106 824 52 772 231 0 945 663 
860 554 0 380 586 986 0 128 667 0 573 455 532 0 0 359 742 290 0 951 0 546 310 0 327 157 346 708 314 833 659 987 391 232 844 23 300 673 0 438 310 0 625 74 919 0 327 175 0 895 0 761 0 583 346 139 59 398 0 0 113 670 311 282 0 0 318 780 604 890 182 672 804 548 0 0 97 71 902 3 173 620 123 985 955 88 480 484 0 0 88 243 129 716 876 166 615 472 0 0 989 26 0 0 340 0 792 941 373 220 390 571 0 791 53 512 0 0 685 600 979 50 0 879 845 456 0 0 126 52 157 398 543 719 0 238 101 108 340 0 530 835 862 6 658 316 640 0 0 112 475 26 507 273 991 628 510 654 933 0 822 972 0 702 303 0 0 826 0 371 0 257 0 122 569 211 607 946 0 838 148 858 255 0 0 173 245 0 0 468 0 50 453 508 0 453 0 0 0 341 207 867 449 0 420 0 614 980 0 125 63 289 544 552 174 0 899 708 0 622 575 575 687 255 515 0 411 0 878 896 0 497 801 680 62 922 398 0 122 0 782 0 360 86 0 0 122 0 0 0 0 404 505 619 290 101 403 988 913 843 232 301 644 416 0 0 
886 0 99 0 602 0 0 791 246 602 348 0 25 0 0 302 806 892 305 757 758 380 676 202 601 44 399 860 970 0 307 0 630 766 69 420 645 444 239 740 891 202 0 248 480 664 462 476 929 699 461 920 140 511 760 0 275 740 564 0 658 90 191 0 0 452 446 535 0 736 512 548 868 0 0 0 0 352 584 671 0 0 621 662 860 0 237 899 720 399 0 733 539 217 751 883 669 0 458 0 134 315 792 261 767 649 591 508 220 0 520 40 622 633 823 0 553 989 301 957 505 764 0 509 79 446 418 41 29 697 64 0 0 855 395 545 0 636 86 0 765 19 481 489 888 862 0 591 678 0 927 0 385 472 808 916 740 0 672 863 574 747 354 461 0 987 0 0 903 661 0 489 874 58 206 534 810 861 801 0 146 903 457 0 0 506 778 230 152 837 874 116 615 985 494 448 0 519 680 302 983 636 656 0 981 889 564 0 850 641 557 282 0 602 934 684 874 944 888 0 262 461 0 792 609 553 0 812 255 728 819 520 363 0 148 969 0 0 449 866 0 231 686 0 571 935 935 839 353 0 597 526 984 25 0 0 469 0 243 0 36 140 0 417 495 704 
540 788 833 165 246 532 311 941 793 562 267 522 163 359 302 0 240 846 156 460 485 72 23 0 812 165 858 27 0 151 330 0 0 0 498 311 682 580 564 680 303 0 110 128 989 909 0 580 0 0 0 664 372 557 892 905 343 343 390 0 877 0 0 0 354 862 0 0 614 694 466 891 0 187 905 0 82 647 577 0 43 650 924 0 903 48 45 380 855 0 820 415 483 798 385 31 540 142 889 0 5 0 0 234 972 980 885 467 964 750 458 69 0 825 841 0 700 135 865 0 528 643 0 593 674 0 364 0 510 0 568 911 685 61 964 960 359 0 567 0 211 502 128 639 420 559 0 804 0 795 199 0 0 531 995 867 543 18 533 977 302 53 0 853 0 986 0 402 581 76 0 893 478 0 167 886 434 620 505 558 719 556 0 0 817 968 0 496 335 41 657 927 0 465 227 24 0 599 0 537 0 919 529 512 302 590 0 606 454 166 772 0 0 841 920 535 517 282 0 0 162 175 0 348 627 0 792 821 213 605 947 507 393 0 0 487 226 87 908 612 96 960 405 995 538 0 143 717 868 0 845 501 943 252 382 0 393 525 684 334 370 0 93 0 295 838 
548 465 590 549 0 14 534 181 0 862 240 935 762 742 806 240 0 0 539 999 940 96 311 276 559 207 537 356 661 0 0 270 415 105 0 0 693 354 975 122 0 694 578 584 0 153 450 0 610 0 0 778 975 471 0 106 702 652 162 696 737 600 875 723 595 0 970 0 0 551 0 0 691 386 90 0 0 583 0 702 44 153 903 967 901 614 536 0 536 0 648 0 829 416 325 434 849 384 168 846 989 889 336 205 0 47 0 629 0 0 147 627 234 740 222 255 0 516 862 0 785 394 719 0 272 425 561 365 359 750 858 104 125 890 0 0 744 931 879 250 0 622 174 316 913 507 115 798 0 635 0 0 840 586 0 610 109 0 434 718 141 63 887 580 308 303 277 0 767 650 117 358 588 879 494 485 796 974 561 378 358 568 818 298 0 0 697 966 73 204 894 530 0 1 189 306 0 134 0 992 47 651 359 0 645 703 782 470 0 981 0 958 0 829 872 958 633 510 0 592 472 202 541 0 258 0 238 667 569 843 0 132 0 0 212 480 352 502 609 343 571 0 0 233 150 201 0 978 102 956 353 781 669 553 831 0 584 219 924 0 0 0 945 278 573 0 
844 998 729 381 0 0 935 754 6 0 618 169 454 290 892 846 0 0 0 886 94 666 146 931 0 181 147 87 288 556 933 430 0 137 957 220 83 171 739 537 0 795 0 653 323 994 796 0 0 433 751 0 238 532 360 0 0 377 526 778 971 292 394 671 862 0 363 804 500 237 0 385 0 0 0 736 711 935 443 0 369 502 105 641 740 877 3 336 846 414 52 394 778 461 668 98 0 163 788 278 866 168 888 870 97 693 909 132 154 799 0 0 740 640 562 0 586 247 475 554 0 0 949 0 0 540 523 642 488 147 115 814 910 714 449 0 554 959 719 460 541 469 0 761 902 935 0 0 140 364 162 10 32 0 69 910 0 979 730 584 0 526 229 0 0 0 738 231 0 0 0 362 346 618 290 285 370 0 469 333 0 356 871 565 97 526 0 385 813 232 736 130 993 882 0 575 0 141 295 0 0 620 448 694 108 527 979 0 818 649 0 957 0 0 273 392 640 725 60 910 753 0 531 878 0 0 33 647 0 39 74 245 941 736 920 873 667 0 0 280 249 0 751 567 691 765 361 443 868 678 782 235 252 995 742 0 116 845 803 346 0 0 223 921 0 625 
389 35 353 386 0 967 318 684 631 737 74 857 0 0 305 156 539 0 0 0 450 33 0 449 951 0 208 320 440 0 0 362 793 783 580 550 250 465 599 116 0 195 590 54 383 513 197 151 617 128 562 387 203 743 944 334 140 248 0 0 741 739 349 619 41 442 0 737 563 785 674 5 453 113 0 0 0 0 0 197 0 928 507 429 902 499 10 105 50 0 0 162 557 280 0 864 492 0 884 883 356 234 746 244 643 850 31 889 986 0 896 0 221 0 0 526 0 137 787 913 606 635 733 0 860 902 90 756 71 464 895 0 903 902 422 922 0 563 821 85 176 379 706 0 872 427 132 113 802 172 706 37 0 0 811 334 854 991 358 665 52 851 337 612 0 830 960 48 0 489 599 0 0 637 740 868 124 226 0 64 32 582 0 943 0 0 108 0 820 433 896 0 441 0 916 657 239 211 651 0 625 3 349 0 485 663 152 0 0 0 7 529 0 942 0 723 522 256 0 0 869 251 919 0 0 876 30 748 900 77 841 0 307 544 14 714 293 752 911 74 0 0 532 783 764 0 258 235 499 502 0 721 0 538 866 0 0 554 455 692 0 0 0 785 443 0 
0 0 225 0 758 0 250 194 549 0 0 544 896 951 757 460 999 886 0 0 744 935 448 0 241 345 330 288 886 509 442 893 0 755 904 926 247 843 568 0 676 328 0 413 0 694 533 0 0 0 361 43 715 755 0 780 22 0 471 121 0 299 692 0 826 0 101 0 231 531 856 87 96 4 386 933 0 0 0 685 0 820 54 649 646 0 7 0 559 44 929 727 385 545 160 267 0 99 841 557 43 627 341 0 361 363 935 567 300 992 0 0 933 0 771 0 200 77 0 0 302 901 241 829 587 0 674 207 990 832 0 233 946 0 592 315 814 959 0 479 194 0 737 0 550 890 972 0 765 741 315 811 417 452 478 544 183 0 227 825 855 0 560 0 362 935 0 0 292 0 0 236 755 878 225 299 0 0 0 803 564 768 448 652 526 144 719 0 406 621 0 0 0 0 0 268 500 555 0 354 725 0 0 148 964 779 470 0 82 0 906 96 52 910 384 952 507 436 665 49 889 0 529 0 214 864 0 786 234 0 811 344 122 0 738 0 31 160 538 0 126 662 17 807 69 318 587 475 564 931 70 0 589 553 0 724 553 0 0 0 69 514 890 72 118 230 
121 800 0 659 0 161 701 438 720 441 88 489 650 0 758 485 940 94 450 744 0 127 0 516 227 338 997 0 0 115 0 142 0 36 619 0 952 0 12 921 296 324 0 0 382 299 107 9 0 0 808 106 0 100 616 173 0 417 790 24 0 982 0 773 294 229 964 0 247 519 455 875 73 674 981 786 0 987 0 71 979 496 827 34 0 40 310 0 363 41 338 138 830 910 0 332 803 257 0 122 158 0 0 452 870 715 510 546 116 0 0 0 341 142 881 687 0 0 0 80 0 0 0 400 860 0 212 913 222 904 201 635 0 942 860 378 247 314 0 854 0 69 0 976 485 692 579 668 529 959 0 287 20 886 0 678 0 0 398 858 186 0 0 846 829 0 43 873 682 762 0 0 852 488 669 245 0 56 0 971 0 482 785 0 514 0 992 921 988 652 978 792 23 0 639 741 375 538 369 17 28 597 0 673 0 652 0 664 368 345 532 394 746 0 0 347 270 0 748 173 376 921 269 409 436 0 957 0 569 0 0 700 880 263 662 379 745 433 102 699 693 571 889 498 186 0 0 0 400 939 0 0 714 477 769 519 856 170 0 687 983 841 781 85 463 266 
277 725 0 770 660 695 533 16 0 518 487 745 528 546 380 72 96 666 33 935 127 0 0 560 377 802 123 473 379 0 788 567 0 70 735 165 477 358 164 0 113 902 629 75 240 693 0 156 641 542 90 57 119 5 310 35 943 882 477 132 378 279 139 117 531 366 0 657 722 262 63 892 0 453 0 203 517 100 759 654 514 358 0 986 0 150 0 400 706 591 178 955 180 394 812 0 0 0 909 714 328 0 969 574 124 749 789 0 111 0 197 144 147 0 547 143 993 0 251 0 443 0 286 0 833 852 0 434 0 626 457 50 850 0 11 168 718 447 964 0 0 0 22 158 370 0 0 88 0 314 0 599 377 375 690 395 358 570 361 786 170 426 224 792 474 354 991 0 566 134 339 492 0 0 719 617 881 0 885 861 0 602 180 0 144 913 19 63 13 85 308 948 221 822 444 317 942 697 412 0 0 0 0 716 757 780 801 0 0 924 282 50 178 42 0 423 633 79 0 149 352 41 0 0 0 493 260 0 197 662 0 814 483 67 624 0 580 285 805 853 77 0 468 394 475 252 650 0 169 0 463 43 383 0 0 88 948 760 893 0 0 0 0 785 280 319 
692 78 0 920 891 872 134 664 0 792 0 2 422 310 676 23 311 146 0 448 0 0 0 455 0 977 0 681 845 913 0 610 922 648 350 133 612 0 5 148 0 961 490 0 109 0 824 630 458 0 74 924 658 836 0 630 762 562 296 0 566 795 752 0 663 119 0 106 872 0 442 471 0 459 0 72 343 483 0 483 960 181 0 791 721 86 85 0 145 857 0 165 897 755 0 0 0 177 525 553 334 0 817 95 943 4 0 177 0 998 106 216 22 0 0 40 665 0 791 93 490 49 990 0 550 400 0 10 0 171 346 529 465 0 378 0 292 138 926 886 691 259 628 0 764 290 288 512 441 227 990 431 0 782 0 636 389 249 0 138 692 540 641 554 0 255 0 0 121 285 0 0 443 0 335 0 267 980 602 333 833 0 419 0 420 96 385 959 713 944 335 253 772 0 173 395 2 567 866 210 528 343 224 784 363 0 0 957 581 0 277 116 0 0 229 0 0 860 26 324 0 706 7 0 295 880 858 0 344 240 839 12 898 626 285 0 893 0 992 682 475 532 106 240 225 957 123 156 217 0 256 0 994 524 967 0 34 126 257 347 0 0 882 871 68 800 
104 0 921 877 924 361 665 696 149 0 527 735 693 0 202 0 276 931 449 0 516 560 455 0 357 374 575 0 871 481 568 0 0 484 419 593 427 596 465 797 350 828 263 962 0 0 228 650 194 671 609 712 340 536 385 0 353 52 472 156 556 413 311 313 0 638 256 37 122 0 323 21 266 662 619 597 0 320 0 852 0 0 569 86 525 836 302 322 117 0 253 0 0 371 0 0 528 530 742 25 474 690 56 792 980 822 364 0 659 109 281 464 0 468 759 660 454 424 0 905 0 957 524 530 0 437 331 511 237 365 444 407 64 838 0 0 0 575 0 0 0 54 105 995 160 440 559 0 0 0 0 50 886 112 284 0 119 0 217 523 0 0 46 630 931 781 760 613 265 350 972 66 639 877 244 897 642 457 611 509 0 349 78 288 78 350 788 77 250 285 787 249 363 0 548 102 446 0 317 820 466 0 0 213 2 0 0 710 940 230 458 0 858 260 0 0 681 824 605 847 291 698 468 252 284 124 815 466 457 447 315 0 233 470 0 242 951 250 69 0 539 305 0 3 805 643 613 87 147 835 0 371 535 717 648 0 0 474 0 103 682 362 299 430 335 0 
0 84 336 683 41 279 0 0 359 399 952 541 0 327 601 812 559 0 951 241 227 377 0 357 0 919 0 446 964 693 537 766 823 840 161 489 903 244 320 300 998 934 162 0 827 409 621 526 181 1 764 761 718 0 790 605 859 574 767 301 0 159 374 900 0 866 0 353 613 63 715 570 911 537 0 310 166 761 62 880 306 754 0 228 609 0 860 98 707 812 592 0 984 540 543 313 0 0 323 59 420 619 0 493 77 0 404 751 460 917 460 0 619 285 0 128 510 582 886 99 791 389 128 858 274 43 193 0 990 611 0 237 224 416 312 753 265 820 0 990 570 841 246 0 556 207 66 399 261 349 332 842 0 856 0 0 767 387 794 878 268 167 0 183 389 0 936 556 644 0 519 464 0 179 0 462 246 464 409 374 395 717 763 77 0 126 585 364 0 562 27 229 0 231 85 247 141 796 931 0 0 926 0 195 211 789 23 396 60 830 209 472 409 554 0 761 256 84 379 364 0 0 0 947 869 0 280 273 484 0 187 267 18 171 0 883 387 602 0 0 442 742 835 0 0 0 855 0 623 535 824 0 643 492 0 0 0 292 32 514 311 966 0 480 215 933 
506 0 74 832 760 326 0 668 849 0 0 68 827 157 44 165 207 181 0 345 338 802 977 374 919 0 403 986 52 329 426 521 45 181 650 0 314 339 945 201 228 196 604 157 38 891 0 715 293 784 85 368 776 0 0 359 0 0 74 509 337 15 198 463 172 170 693 0 0 0 728 582 0 381 0 170 17 0 45 0 0 822 467 457 0 209 247 450 589 771 98 0 29 402 0 925 0 55 0 92 168 763 0 373 526 0 242 195 348 0 732 0 958 105 261 706 0 425 295 329 808 222 949 0 306 682 617 688 754 953 0 147 535 404 652 467 17 67 941 449 783 653 0 615 113 229 307 911 652 585 115 770 534 465 767 773 904 540 212 528 0 527 679 0 354 6 142 791 33 491 0 0 806 30 640 436 432 0 0 14 812 809 0 262 0 234 653 22 869 819 884 241 525 19 141 535 958 717 0 350 710 727 435 0 506 131 910 579 848 713 664 31 420 289 553 862 0 436 17 0 0 649 825 858 0 0 604 0 919 493 706 0 237 308 158 793 210 0 931 878 435 849 49 887 981 520 433 357 0 282 186 674 208 262 774 228 0 0 0 313 322 0 0 942 2 891 
0 373 332 907 0 683 0 573 171 272 726 0 352 346 399 858 537 147 208 330 997 123 0 575 0 403 0 981 927 193 0 0 449 786 0 0 570 0 818 531 0 0 268 591 779 723 0 663 0 675 0 679 563 0 956 895 0 0 0 0 0 0 0 46 0 0 333 983 939 307 276 803 793 228 963 550 782 759 338 0 493 689 740 560 14 627 0 579 663 0 423 758 0 998 820 528 0 20 153 773 669 619 0 535 243 516 0 622 0 678 979 841 432 0 0 0 0 3 0 677 867 219 935 540 245 0 41 445 734 650 132 92 510 293 791 651 82 0 528 465 164 0 417 237 49 905 482 0 202 882 735 531 230 467 0 0 395 413 881 410 0 0 165 0 0 0 0 0 307 406 613 0 0 897 0 46 109 403 949 59 15 0 627 919 83 629 0 314 0 578 0 0 903 0 710 202 0 664 800 508 726 788 74 0 0 0 0 0 0 0 0 0 737 0 333 673 492 512 0 0 838 30 916 702 63 0 339 0 526 0 491 980 746 720 0 401 0 403 610 453 0 0 0 379 923 702 660 0 147 880 0 198 132 717 928 0 460 0 0 656 324 149 384 576 463 294 
0 663 371 64 182 20 794 0 219 0 14 0 0 708 860 27 356 87 320 288 0 473 681 0 446 986 981 0 0 0 0 0 0 217 369 820 690 853 599 182 254 377 373 0 425 229 0 878 0 260 444 151 58 986 782 163 75 649 940 874 802 0 656 358 191 0 0 484 54 0 0 0 557 547 884 298 0 92 28 312 0 394 0 841 485 444 834 54 786 687 53 20 829 0 981 956 0 761 870 0 190 553 596 68 435 108 0 398 324 433 622 723 748 755 276 946 0 0 0 0 131 0 0 481 0 511 805 0 0 899 0 223 619 546 271 0 0 535 527 69 642 84 0 0 43 588 520 0 493 739 157 897 57 0 0 340 808 0 0 0 477 921 444 61 266 79 349 0 800 772 648 483 436 891 701 809 0 391 669 973 984 837 141 0 387 336 0 932 0 513 247 138 426 541 928 0 522 93 255 832 341 730 0 0 0 173 923 377 0 0 986 832 951 29 297 0 65 54 0 678 773 454 0 734 987 623 642 0 120 899 482 72 0 0 70 993 0 316 334 0 991 0 0 0 504 606 242 0 412 0 561 944 295 947 0 518 135 11 678 0 839 0 448 693 585 776 
630 0 0 0 33 486 486 655 769 276 0 376 921 314 970 0 661 288 440 886 0 379 845 871 964 52 927 0 0 100 892 0 88 767 854 0 637 801 367 773 491 878 625 278 941 730 110 922 26 0 142 932 0 87 554 0 787 49 0 0 383 805 0 0 0 747 780 638 0 98 891 795 320 581 0 322 619 71 0 178 894 0 323 300 344 761 962 509 458 891 854 751 0 777 895 314 926 697 130 886 465 0 230 0 567 927 351 312 0 2 0 936 407 825 0 0 117 663 717 0 0 0 107 916 804 369 723 0 174 149 511 311 283 113 721 343 793 38 865 0 538 727 28 0 0 135 998 261 650 69 542 414 881 459 803 48 986 915 0 0 0 0 820 0 379 656 236 794 836 0 0 0 131 986 644 0 477 57 797 884 179 246 596 0 0 0 840 0 941 0 462 789 203 38 572 786 242 982 0 223 479 994 0 781 965 125 23 821 858 971 638 885 0 0 846 400 0 306 238 333 0 0 472 239 271 666 750 348 0 276 653 698 0 506 224 789 473 673 0 908 0 862 718 773 704 81 0 0 149 0 411 0 808 321 332 238 0 0 47 603 0 0 639 921 0 418 
214 0 506 149 452 782 0 0 910 235 255 982 230 833 0 151 0 556 0 509 115 0 913 481 693 329 193 0 100 0 515 539 319 64 287 848 700 371 0 91 110 0 719 925 810 679 426 0 293 601 294 0 365 0 251 0 4 394 0 0 313 469 586 654 223 985 808 0 515 390 504 916 302 0 983 0 394 118 550 741 626 269 85 217 0 8 909 126 842 566 0 925 976 891 215 488 90 407 829 475 357 664 124 0 0 251 0 838 0 759 0 0 0 97 40 335 561 53 192 894 0 21 195 0 950 668 806 0 695 759 42 0 0 743 429 74 164 18 499 65 0 726 535 134 0 374 735 515 0 649 486 415 0 391 722 284 0 474 0 576 430 0 824 0 284 295 479 0 910 214 0 579 678 194 21 754 932 795 439 471 660 599 270 0 0 617 0 116 841 0 197 0 355 219 210 356 0 693 514 119 815 422 507 251 947 660 0 0 953 299 134 26 0 23 0 599 441 180 351 650 0 451 14 568 598 213 285 363 0 857 718 633 627 999 565 209 817 212 681 990 0 0 616 0 817 558 0 657 804 709 226 580 0 459 540 759 134 246 0 994 721 0 588 273 0 122 
448 394 0 895 712 0 886 906 0 588 0 0 611 659 307 330 0 933 0 442 0 788 0 568 537 426 0 0 892 515 0 915 457 109 389 747 972 772 222 166 181 603 194 0 279 599 426 673 439 990 286 0 405 485 91 224 0 744 700 0 102 751 795 334 258 952 237 677 661 239 0 322 0 995 87 173 0 926 367 0 659 270 981 397 30 628 0 712 0 0 0 95 68 0 0 440 749 834 0 663 860 669 75 70 135 494 342 578 743 0 499 890 204 809 191 0 469 575 510 263 839 336 0 605 123 0 811 88 0 0 0 507 0 818 0 149 662 860 0 452 545 404 12 611 147 131 437 0 0 454 698 246 152 907 58 831 119 973 15 764 0 611 0 283 169 627 0 0 0 968 669 478 39 0 391 82 0 247 0 0 32 94 893 0 140 53 941 409 311 0 893 623 279 448 0 0 718 718 0 0 966 196 249 0 19 766 963 716 560 944 893 0 272 0 26 322 0 0 259 0 0 468 0 423 211 890 219 0 264 355 0 361 765 0 450 197 158 351 629 0 127 26 233 558 770 69 439 0 931 0 818 0 183 637 0 0 802 791 815 71 598 845 392 954 991 959 
0 255 663 199 877 272 197 111 734 909 0 369 0 987 0 0 270 430 362 893 142 567 610 0 766 521 0 0 0 539 915 0 0 0 720 873 632 0 0 770 210 216 921 0 0 609 329 372 0 362 719 925 532 775 670 414 0 674 0 0 151 159 773 947 0 0 238 426 959 707 11 23 5 37 158 311 351 0 866 208 671 476 322 862 262 0 923 0 76 976 537 956 658 914 328 870 675 0 39 593 276 775 0 784 880 605 745 91 429 213 404 0 0 720 242 0 174 0 0 0 380 658 0 0 0 0 621 973 64 70 74 0 657 0 918 775 585 544 655 0 24 119 0 508 438 742 427 686 0 0 989 222 984 875 289 549 692 0 332 0 196 567 0 0 167 0 0 0 120 877 140 684 42 785 539 0 709 612 0 0 92 0 618 606 0 672 97 718 522 0 0 222 167 854 635 169 360 149 601 182 0 243 583 813 0 0 468 0 613 101 654 65 724 0 698 0 504 886 311 563 788 154 10 0 0 125 0 40 681 0 912 724 759 0 448 0 0 0 204 996 114 779 136 992 0 804 308 721 0 871 461 201 409 618 46 78 647 685 608 187 991 925 0 851 501 645 
470 0 597 100 0 641 116 738 260 226 57 0 501 391 630 0 415 0 793 0 0 0 922 0 823 45 449 0 88 319 457 0 0 323 333 0 446 0 0 0 947 130 0 0 0 449 0 678 0 603 0 553 936 844 318 372 159 981 365 757 399 137 0 859 522 151 88 403 946 836 677 0 6 773 71 178 0 597 0 596 129 147 13 794 0 0 0 452 0 0 0 0 818 981 295 386 265 912 815 236 0 381 873 367 0 77 527 518 44 0 648 0 855 942 892 165 783 0 868 287 78 528 0 402 748 631 0 186 847 385 0 937 0 989 756 150 588 4 588 135 924 0 169 514 0 21 0 0 421 0 0 236 853 0 824 446 49 469 0 64 794 821 489 0 0 907 570 15 866 94 443 688 461 0 325 947 0 0 0 90 631 931 541 852 504 0 862 150 918 0 763 508 0 0 599 943 710 383 0 709 282 0 878 623 107 0 663 714 870 105 839 0 775 694 723 92 903 282 948 0 0 622 871 135 0 0 0 475 204 493 943 422 744 388 0 0 999 111 55 0 410 236 961 0 726 857 80 863 569 0 87 0 907 519 288 793 0 888 8 302 852 799 40 695 368 0 
283 818 547 791 0 121 0 0 256 0 415 824 701 232 766 0 105 137 783 755 36 70 648 484 840 181 786 217 767 64 109 0 323 0 60 0 148 605 280 119 0 0 581 0 931 0 265 510 491 0 838 544 946 0 0 0 323 412 339 28 915 2 171 726 713 483 98 916 557 132 735 0 917 60 199 357 0 122 0 445 156 0 997 971 252 970 253 0 38 0 0 667 358 734 0 164 265 0 833 552 416 10 0 110 221 89 0 0 0 491 229 59 968 259 661 0 919 368 634 635 303 11 442 604 619 847 0 0 130 164 667 970 441 370 0 123 0 844 448 416 145 65 0 283 182 371 53 893 0 956 0 754 0 630 434 844 617 100 0 625 0 0 985 0 637 441 0 366 945 436 636 147 706 206 784 222 907 0 343 617 787 664 593 734 517 844 359 23 0 953 926 0 964 241 959 790 36 89 835 40 0 0 723 0 608 429 759 820 63 0 457 636 93 401 124 125 710 64 65 271 96 598 783 822 0 0 338 789 393 0 0 371 314 634 277 0 138 722 212 388 253 363 884 0 449 0 49 0 0 348 348 105 134 85 303 0 911 517 0 803 802 613 360 0 0 570 
946 759 178 985 61 646 997 0 0 0 204 0 898 844 69 498 0 957 580 904 619 735 350 419 161 650 0 369 854 287 389 720 333 60 0 302 137 0 402 285 942 352 456 6 253 0 7 788 568 661 441 0 24 0 296 41 0 836 0 0 203 716 279 0 786 530 42 214 865 794 286 171 983 979 0 0 990 224 196 70 212 778 666 809 0 0 819 637 145 0 464 0 455 225 723 0 779 26 180 0 890 650 788 0 173 0 135 267 640 816 0 829 851 0 106 231 154 631 652 400 963 0 452 0 0 564 294 320 962 161 228 451 0 741 579 377 792 492 151 0 488 66 332 711 0 0 952 777 0 145 372 979 19 652 871 96 259 139 64 900 358 0 441 730 0 958 165 731 137 215 0 550 64 886 195 62 0 133 465 750 0 0 0 209 65 0 0 0 0 840 655 594 0 644 411 890 105 320 0 672 643 920 0 0 0 908 799 680 675 750 767 791 0 0 583 0 122 676 944 0 219 237 911 851 747 160 608 520 708 8 0 189 54 0 403 874 978 227 933 212 736 726 0 127 0 0 0 75 0 178 751 0 293 664 180 917 106 0 914 482 164 0 0 504 0 491 
526 0 0 109 524 283 386 0 0 593 182 24 651 23 420 311 0 220 550 926 0 165 133 593 489 0 0 820 0 848 747 873 0 0 302 0 624 890 79 169 343 493 0 798 618 0 0 0 0 206 0 534 264 88 992 0 33 952 454 0 412 836 0 741 643 443 366 296 400 528 363 0 0 563 814 0 903 616 166 492 57 617 997 794 0 377 191 761 605 499 135 779 876 263 0 85 598 343 69 0 192 359 575 70 737 702 208 303 520 0 0 993 0 0 845 482 0 455 808 0 968 367 923 0 262 153 619 153 423 397 0 51 703 0 131 0 462 290 625 0 941 0 608 117 695 0 919 748 898 0 164 597 0 0 249 0 169 0 0 0 0 566 25 604 0 0 0 410 339 612 181 0 231 524 847 0 23 463 0 0 47 422 18 0 955 760 407 703 851 84 706 0 346 623 417 983 417 0 452 0 531 919 0 492 0 0 0 199 0 11 892 965 201 319 970 0 851 581 214 550 576 404 340 313 429 0 318 0 0 657 0 331 377 681 843 294 928 651 64 92 900 348 495 84 820 680 929 0 523 628 541 62 661 12 927 836 0 0 311 609 537 659 342 217 0 280 
259 26 0 0 188 581 0 611 325 477 471 352 391 300 645 682 693 83 250 247 952 477 612 427 903 314 570 690 637 700 972 632 446 148 137 624 0 0 0 0 28 634 713 940 0 720 130 0 921 337 0 617 0 828 0 0 849 872 93 54 556 321 674 592 701 0 0 0 571 559 596 622 0 191 352 0 498 0 606 27 357 288 576 157 815 30 0 27 0 970 878 70 33 726 305 774 476 403 0 337 674 48 74 0 0 747 3 815 0 891 0 0 0 103 0 197 535 744 712 729 0 120 438 42 0 122 764 823 981 881 350 421 859 50 106 0 903 98 766 859 834 507 0 397 836 0 452 570 0 239 74 0 574 262 562 910 0 0 0 728 526 267 0 229 368 62 9 992 116 581 284 0 970 0 629 669 494 0 25 0 721 811 315 866 299 261 0 0 125 980 622 0 346 264 900 535 444 807 606 977 0 358 580 322 334 493 213 0 139 42 289 0 0 509 555 713 881 0 974 0 0 0 642 0 223 404 894 983 407 0 0 0 455 163 773 780 588 0 326 916 0 721 879 84 0 0 662 179 368 314 110 0 271 195 554 31 37 355 588 671 952 953 582 0 230 468 
892 477 531 227 350 606 574 362 588 0 0 87 859 673 444 580 354 171 465 843 0 358 0 596 244 339 0 853 801 371 772 0 0 605 0 890 0 0 133 824 0 0 0 186 162 675 184 0 731 56 995 968 825 650 288 127 643 0 719 809 625 316 620 2 0 711 850 539 558 394 0 0 0 853 969 976 842 352 675 114 115 656 854 220 393 444 644 0 429 877 499 537 919 0 608 217 0 0 0 19 714 515 397 29 844 494 619 783 398 225 625 515 470 244 494 0 724 377 0 0 115 0 397 617 43 638 837 419 0 0 518 35 0 0 327 571 808 59 879 124 0 0 0 0 233 558 0 939 667 56 842 314 304 967 144 453 887 0 171 833 307 466 0 918 212 943 558 486 142 0 273 0 36 657 953 523 831 158 0 565 425 123 374 0 778 49 0 0 485 151 175 0 625 617 995 976 791 477 5 0 718 686 367 947 496 894 0 538 499 383 411 644 989 523 821 45 0 0 173 17 89 435 57 694 993 261 902 0 382 821 241 705 213 0 111 101 433 452 941 953 510 0 0 519 371 799 867 371 979 0 0 301 706 585 544 206 477 661 617 993 0 0 268 915 141 0 
269 959 969 579 789 510 0 777 66 868 795 0 920 0 239 564 975 739 599 568 12 164 5 465 320 945 818 599 367 0 222 0 0 280 402 79 0 133 0 723 682 8 586 0 600 635 964 0 722 94 623 411 6 198 269 958 51 188 752 341 281 448 860 324 870 520 325 986 0 833 313 101 11 0 881 0 0 0 0 191 992 197 86 296 0 314 304 937 300 245 314 643 389 537 54 766 0 984 0 807 703 918 839 198 16 684 624 0 976 741 843 61 710 770 283 251 22 713 307 254 626 792 0 807 0 715 0 0 0 915 636 330 726 0 0 0 525 112 577 547 28 176 167 903 71 511 296 0 0 279 899 887 0 442 815 492 191 0 598 233 34 823 348 39 407 737 436 884 990 302 0 967 855 527 587 0 0 958 0 285 0 0 17 552 0 0 0 588 538 995 832 478 229 617 29 0 254 0 0 676 0 0 332 542 0 0 493 685 781 371 192 756 977 394 532 0 0 499 932 933 79 734 950 9 478 0 521 0 677 522 0 211 333 257 829 534 635 993 363 243 689 285 681 696 0 912 398 755 872 0 957 744 353 182 45 0 483 418 631 0 496 0 468 484 0 0 
674 0 0 721 871 133 963 0 542 382 0 185 750 438 740 680 122 537 116 0 921 0 148 797 300 201 531 182 773 91 166 770 0 119 285 169 0 824 723 0 945 341 972 0 72 294 0 799 590 909 402 0 45 633 581 534 0 249 947 0 771 383 465 151 737 588 0 735 456 116 208 493 541 329 136 163 0 654 996 892 37 45 790 958 476 333 56 593 216 289 212 0 565 0 238 761 289 860 0 0 862 379 63 903 481 631 0 0 0 482 0 0 855 0 240 607 421 0 524 449 252 29 0 276 0 397 0 505 243 0 178 904 0 0 260 853 0 473 0 438 442 394 0 386 647 644 719 0 0 935 932 0 0 223 0 567 849 941 661 800 0 240 660 787 617 191 0 0 131 0 273 892 342 743 211 684 0 357 0 330 720 940 459 0 789 641 0 946 0 580 279 838 0 845 656 623 819 0 979 0 445 23 0 355 232 0 725 397 980 686 0 68 958 0 604 698 314 216 540 746 980 0 0 952 906 0 0 182 0 0 976 0 42 747 703 284 52 833 786 0 474 793 518 0 465 0 497 898 929 0 158 0 0 283 227 481 725 0 0 286 36 889 0 957 344 565 
201 0 122 1 0 300 0 0 549 14 388 309 897 310 891 303 0 0 0 676 296 113 0 350 998 228 0 254 491 110 181 210 947 0 942 343 28 0 682 945 0 0 0 885 445 0 0 402 137 0 986 613 0 923 94 0 477 964 0 598 523 350 672 549 267 308 174 0 250 435 717 0 429 683 0 733 0 0 0 184 0 7 351 498 99 0 108 234 913 0 0 56 124 284 864 847 0 973 796 511 0 183 609 697 0 98 150 675 0 426 0 575 407 0 812 471 0 0 0 25 720 0 72 814 600 0 828 188 203 150 0 92 976 0 0 0 282 539 0 326 668 248 419 468 335 981 0 555 0 814 498 774 0 190 68 559 0 429 72 607 61 0 844 711 171 723 0 988 141 0 369 347 0 686 322 505 49 845 239 422 334 267 0 0 123 0 782 998 89 499 50 703 34 128 366 723 217 851 401 999 7 0 0 854 864 24 665 209 244 185 138 281 592 733 451 861 0 421 382 959 0 0 260 100 109 7 161 407 417 708 578 922 278 30 743 992 0 223 850 354 579 555 851 880 183 359 84 950 538 803 132 834 520 906 347 977 0 515 0 0 577 984 367 0 688 0 
0 0 113 839 903 0 24 847 156 41 656 0 707 0 202 0 694 795 195 328 324 902 961 828 934 196 0 377 878 0 603 216 130 0 352 493 634 0 8 341 0 0 823 0 0 0 0 373 0 0 467 114 23 836 712 682 108 187 497 32 732 673 280 0 55 727 0 0 0 591 287 94 255 0 14 0 34 721 136 999 0 53 103 720 0 413 726 0 382 354 81 564 380 661 644 532 108 745 834 0 141 0 228 493 703 601 502 115 0 477 793 45 902 488 28 817 223 0 0 398 246 725 0 403 0 830 775 183 567 0 579 207 312 53 0 240 263 0 661 526 878 561 432 544 499 53 0 517 156 976 0 311 0 590 781 637 414 959 228 988 42 982 0 994 323 963 457 442 443 0 390 0 664 229 492 0 193 574 0 561 0 112 994 888 0 164 639 362 516 926 279 648 566 868 696 917 649 820 775 0 938 0 463 167 777 767 118 829 304 634 0 546 153 156 810 148 536 769 64 362 274 496 125 0 480 996 552 812 0 988 528 552 474 0 842 868 290 0 827 568 240 829 573 473 0 336 365 135 797 575 591 0 0 376 993 651 457 330 0 105 0 0 185 291 479 394 
288 396 533 882 465 460 0 415 853 924 233 609 653 625 0 110 578 0 590 0 0 629 490 263 162 604 268 373 625 719 194 921 0 581 456 0 713 0 586 972 0 823 0 262 0 0 0 608 752 351 114 744 320 0 310 813 231 348 732 759 0 0 631 0 0 662 0 213 909 215 363 556 934 0 718 8 452 507 532 775 398 236 686 0 933 45 898 777 938 269 365 455 0 0 51 0 0 775 776 0 927 600 546 458 347 933 0 291 227 603 0 420 449 624 530 444 190 971 691 962 282 134 653 0 812 304 882 0 752 0 929 0 955 536 199 0 243 974 453 7 290 0 572 332 374 155 183 563 382 534 31 193 300 942 484 0 81 347 0 0 0 0 496 228 693 0 626 937 521 597 869 959 831 0 0 0 0 922 142 669 818 147 307 625 950 928 648 871 995 829 12 661 328 44 304 554 679 257 153 0 415 0 0 53 0 0 502 312 544 896 330 546 418 730 0 589 610 468 839 64 181 462 0 658 750 744 824 91 0 0 204 765 60 217 426 0 893 382 338 162 126 742 73 139 209 974 396 185 0 872 114 463 691 0 0 900 566 0 0 244 281 853 0 501 774 77 
851 281 664 618 166 0 90 656 506 471 627 166 756 74 248 128 584 653 54 413 0 75 0 962 0 157 591 0 278 925 0 0 0 0 6 798 940 186 0 0 885 0 262 0 692 0 194 0 931 0 0 85 406 0 633 347 0 751 931 0 885 508 642 0 853 849 0 145 0 963 754 949 70 58 291 0 192 579 0 901 566 424 117 0 488 496 803 754 521 725 663 870 647 998 0 810 853 967 532 384 212 474 574 460 0 353 732 40 814 209 297 905 562 578 734 780 318 749 493 628 0 682 918 891 504 628 0 184 940 0 365 881 152 769 0 0 0 408 710 235 463 614 316 349 253 0 29 807 274 431 747 0 960 643 937 319 371 342 0 268 0 0 0 880 768 557 271 0 965 0 168 0 693 172 489 0 424 926 124 523 385 150 693 482 445 259 858 263 545 330 36 932 234 849 8 2 605 837 954 807 848 656 311 461 458 57 0 50 10 0 339 986 316 499 0 344 441 0 367 234 0 527 923 535 394 0 483 0 0 361 623 0 632 984 0 418 600 643 952 640 0 0 3 0 165 0 448 26 0 647 0 87 455 0 0 77 422 0 796 387 565 816 517 138 976 0 
