0 72 0 36 0 0 181 0 818 0 0 361 675 921 0 218 0 0 924 168 0 181 0 167 0 519 592 412 46 125 210 114 535 596 506 827 0 52 372 941 212 0 599 891 811 413 303 452 46 585 708 0 0 311 935 855 842 721 0 0 571 91 0 946 6 257 713 0 621 252 412 0 456 917 319 504 19 161 499 971 523 0 988 0 900 637 774 59 771 568 316 0 86 0 136 0 474 633 152 592 331 0 203 951 0 182 963 178 368 833 604 0 596 742 143 125 848 130 676 394 827 21 233 5 268 0 696 804 248 818 344 0 972 972 0 894 967 117 0 128 491 31 0 0 0 570 792 0 655 0 859 325 633 0 876 42 106 0 0 12 0 95 709 0 0 0 951 503 801 350 206 375 585 615 754 28 263 0 665 97 0 262 34 758 0 123 0 677 672 0 483 861 141 0 459 0 506 0 293 26 0 424 120 0 10 602 491 564 357 92 463 0 949 265 311 940 110 980 0 586 376 852 0 849 0 970 213 0 826 611 0 22 0 71 708 575 689 0 543 255 175 332 294 425 190 
72 0 765 993 422 893 0 612 524 0 337 326 405 647 795 821 610 0 690 466 291 118 992 864 694 400 563 0 793 310 0 331 626 29 687 0 0 750 220 538 0 569 136 0 48 72 0 951 393 748 815 439 60 560 26 407 945 796 158 147 42 835 114 868 294 232 336 0 631 378 545 956 68 543 169 584 0 354 871 580 365 587 920 970 338 0 973 514 0 375 966 0 0 0 849 548 587 0 0 0 0 683 639 981 631 268 0 0 545 422 0 818 0 151 74 718 96 476 550 726 0 216 169 0 334 967 812 0 251 48 0 754 398 365 559 0 607 0 0 341 987 849 0 527 763 68 201 721 846 0 305 374 0 0 665 431 680 0 541 0 146 0 815 196 0 158 0 0 643 677 0 0 0 313 670 128 593 0 508 17 0 6 0 0 0 798 150 52 0 986 803 644 716 0 316 0 863 28 158 145 225 995 664 453 0 464 0 289 1 109 474 654 690 975 0 839 172 540 781 336 547 554 933 581 255 38 823 932 306 119 400 851 531 288 0 624 919 614 0 0 0 884 917 0 917 
0 765 0 974 761 328 0 450 597 301 217 75 0 674 810 0 122 263 777 0 205 800 928 348 716 0 248 593 323 0 875 391 113 27 306 148 0 463 456 173 302 340 374 0 638 0 0 100 0 708 214 205 848 720 817 0 874 883 862 427 0 48 918 865 0 728 367 313 865 585 346 122 832 771 497 632 483 162 866 0 91 255 0 0 101 220 892 854 703 792 0 0 317 0 0 0 776 0 616 132 847 82 341 622 70 0 997 0 931 0 491 692 490 0 907 622 280 551 0 254 0 175 0 480 773 635 0 225 0 18 917 0 0 775 867 898 26 452 290 266 167 179 112 305 180 0 0 72 0 508 0 776 846 0 827 695 652 0 906 0 606 679 0 400 0 0 159 0 607 493 726 880 477 0 122 544 0 0 0 0 0 984 203 0 706 9 0 0 513 12 0 288 794 903 75 0 0 128 387 635 508 0 0 328 0 179 0 741 511 389 847 677 359 967 833 134 611 960 84 124 0 493 0 0 0 0 0 259 758 108 0 19 555 700 559 0 0 365 952 136 182 648 0 954 0 
36 993 974 0 549 281 813 77 0 3 172 338 494 719 0 133 551 817 784 825 130 0 631 53 692 41 0 748 597 0 953 472 0 0 0 0 0 538 844 435 984 735 348 403 710 0 0 0 228 88 38 364 8 711 0 0 558 828 264 800 113 0 872 805 849 358 134 613 0 942 329 0 897 0 766 917 637 196 834 516 695 263 199 717 884 168 688 400 0 125 267 932 447 271 0 537 606 892 0 661 891 843 91 956 259 523 813 53 0 0 0 339 897 0 860 0 0 708 530 546 554 251 211 330 882 572 0 923 199 0 688 447 257 216 575 737 325 479 145 956 309 673 0 752 291 578 108 588 816 403 707 186 599 568 295 101 670 505 760 0 0 790 333 0 0 844 519 0 691 429 0 0 532 0 431 884 0 50 0 794 0 797 898 311 262 90 955 157 600 0 626 588 728 24 874 221 21 647 0 0 887 992 0 580 676 231 843 230 419 808 452 443 46 89 934 502 0 120 0 757 356 606 104 0 108 136 89 643 386 285 404 0 873 805 0 0 203 844 932 360 594 257 399 99 991 
0 422 761 549 0 0 210 762 714 816 337 0 227 107 451 5 939 714 0 0 822 375 396 143 708 182 739 144 504 0 298 0 0 483 332 886 0 0 0 259 493 753 88 186 547 875 147 379 673 13 560 994 61 461 304 23 495 257 0 953 716 999 203 679 574 278 134 311 467 735 960 0 248 0 370 228 396 313 957 380 744 568 998 320 912 791 236 0 658 0 929 915 0 447 672 0 490 0 380 0 655 61 437 0 241 619 361 610 610 654 827 917 916 0 0 317 0 71 859 0 0 0 58 517 146 559 0 885 560 907 449 751 629 0 732 811 0 310 865 452 420 55 283 693 160 0 689 336 304 100 0 248 562 0 580 402 437 174 646 582 929 417 737 0 308 590 360 0 743 84 28 263 0 116 176 222 544 413 33 0 776 800 0 560 468 479 0 957 682 561 762 0 43 654 0 921 0 168 886 0 428 420 258 162 340 863 267 985 256 243 590 791 405 25 663 0 220 411 170 0 973 0 236 447 0 0 894 0 836 469 429 562 578 506 350 202 362 72 499 781 550 396 0 700 0 
0 893 328 281 0 0 739 803 0 987 218 0 547 945 479 247 0 136 615 369 0 549 812 859 237 0 77 328 912 166 345 989 930 324 431 806 732 68 877 0 66 578 0 0 0 135 0 590 470 831 12 192 626 0 0 368 966 184 501 413 0 0 485 488 0 0 184 853 663 0 887 172 614 653 957 185 310 291 0 0 965 632 0 0 119 667 829 641 987 855 769 939 505 737 0 318 457 855 194 599 391 142 834 369 0 0 0 593 0 161 867 0 679 16 375 933 26 312 554 0 0 455 833 78 907 231 0 508 0 0 190 0 551 23 560 175 527 10 843 972 122 933 623 0 573 881 282 358 518 0 0 63 0 33 965 0 0 37 0 0 913 0 68 856 996 990 610 745 398 0 725 422 550 863 118 685 0 270 180 0 156 693 0 789 0 412 0 245 331 280 275 517 67 197 712 0 108 407 95 264 876 195 0 0 0 274 361 0 952 773 215 696 0 82 0 696 637 0 375 744 252 852 772 0 0 614 858 0 65 377 0 0 521 987 335 646 582 534 287 917 423 977 534 802 281 
181 0 0 813 210 739 0 0 940 72 600 589 0 704 832 245 0 976 333 376 77 933 548 661 0 698 725 0 899 521 0 882 0 816 0 139 83 163 0 59 998 251 490 997 521 226 289 99 903 213 462 537 862 474 465 334 0 222 244 442 522 956 267 545 891 0 638 863 238 0 54 143 977 72 619 0 834 0 279 268 889 274 981 373 158 614 91 745 512 810 226 343 0 0 936 0 789 284 837 374 281 844 345 643 0 941 371 6 332 127 0 735 908 818 0 858 0 413 0 923 0 40 10 988 179 159 919 765 0 547 457 137 194 551 37 0 71 64 288 0 305 160 279 166 816 842 0 38 257 500 224 620 239 563 197 541 0 989 57 948 331 762 717 15 591 811 487 933 617 282 417 270 0 770 0 773 262 573 731 374 991 656 0 0 873 144 0 553 614 0 238 0 0 975 338 87 926 0 199 847 744 477 773 0 542 174 609 997 316 1 0 0 769 199 872 194 120 563 872 0 268 0 379 26 604 0 929 972 86 157 249 370 351 910 919 0 796 96 0 655 0 164 457 0 122 
0 612 450 77 762 803 0 0 895 0 0 0 117 0 5 38 716 427 0 0 947 277 89 0 746 821 0 157 0 873 412 0 0 0 29 292 0 69 647 628 652 479 0 603 0 808 0 67 36 239 756 268 276 626 776 827 0 601 737 16 540 462 379 0 723 113 432 0 174 0 601 767 700 714 464 237 13 729 947 446 466 92 138 374 0 628 306 199 0 600 0 727 504 13 366 363 1 0 0 107 930 776 0 284 22 375 86 826 469 412 683 599 206 736 881 216 22 0 575 0 769 148 0 417 0 0 0 159 0 687 327 704 675 964 437 0 960 451 959 80 45 697 242 0 356 184 367 0 680 201 377 0 320 0 749 0 957 851 0 0 212 510 820 0 0 0 337 759 0 711 548 701 448 117 866 0 0 890 85 999 0 318 442 116 810 0 370 793 887 854 193 627 0 0 543 0 0 700 988 162 0 666 628 556 296 730 838 567 289 0 587 347 543 199 420 572 0 346 538 931 292 0 603 151 275 184 634 0 110 699 0 201 258 72 219 0 12 536 0 840 615 0 290 0 675 
818 524 597 0 714 0 940 895 0 435 989 0 0 0 133 154 0 542 490 258 129 0 627 480 197 64 649 91 144 0 151 240 181 0 51 104 420 479 724 364 0 217 0 0 918 141 0 566 626 448 114 986 0 0 214 402 761 4 166 760 191 899 851 916 0 0 0 0 691 541 938 607 80 534 0 0 0 240 0 66 95 197 151 785 209 820 760 158 0 360 735 0 252 774 325 0 389 0 31 436 408 680 0 0 228 923 806 947 0 922 769 596 910 780 914 207 242 0 0 0 377 0 589 877 311 0 36 0 807 26 29 474 0 0 0 709 933 791 92 712 0 398 173 0 370 621 577 896 758 0 920 0 0 0 0 0 427 299 548 30 748 566 409 407 777 10 427 276 0 159 304 944 818 0 0 880 506 0 25 696 406 534 187 219 643 326 0 810 874 234 0 0 0 784 368 878 755 0 278 619 714 559 0 864 0 6 227 902 148 391 32 19 700 368 0 922 11 398 701 0 0 992 250 985 368 953 0 981 937 428 0 365 0 0 721 793 477 963 393 673 892 0 745 361 909 
0 0 301 3 816 987 72 0 435 0 969 461 958 0 0 316 421 0 0 452 134 208 0 230 176 0 243 0 389 30 286 0 491 661 0 0 301 371 847 79 0 0 602 619 628 634 0 522 443 748 714 0 605 714 929 762 0 150 0 63 451 917 2 899 571 512 0 288 0 0 377 675 102 215 0 145 0 577 0 403 881 808 116 849 173 740 617 872 0 409 133 0 914 386 292 0 719 185 634 0 435 87 118 683 720 390 926 0 80 911 16 570 419 332 391 369 906 116 0 0 500 0 358 707 456 679 0 744 747 907 0 507 807 0 661 718 0 779 394 0 465 653 0 0 0 30 43 546 611 915 0 34 722 670 283 443 196 382 290 792 205 286 45 0 370 443 788 204 706 0 80 10 0 40 135 292 173 649 974 197 0 898 78 0 810 648 0 0 6 116 268 581 0 137 0 0 390 0 76 76 588 18 965 235 0 706 299 0 0 420 642 875 933 586 423 558 0 143 109 185 0 0 323 994 933 0 0 128 549 180 0 210 699 21 0 704 47 264 825 792 0 745 631 744 255 
0 337 217 172 337 218 600 0 989 969 0 971 0 969 62 187 239 0 0 970 286 355 77 0 404 0 443 910 0 286 231 781 0 114 663 0 714 823 824 0 89 39 999 0 493 962 427 320 723 0 833 708 534 909 0 352 690 921 172 462 0 59 0 586 872 383 84 554 0 509 550 385 851 691 834 348 370 11 989 0 563 351 422 792 366 0 47 106 878 869 400 0 39 0 524 0 253 462 357 546 272 154 123 0 820 332 796 585 0 0 205 0 703 457 893 0 404 555 0 106 972 796 0 926 72 273 174 873 815 0 0 0 346 924 0 354 355 79 0 750 0 126 226 739 293 995 680 411 514 0 748 418 109 0 351 0 709 908 514 196 326 399 245 355 990 91 281 738 0 49 0 679 395 0 0 598 0 981 617 916 305 486 0 81 374 500 292 14 744 224 920 0 751 0 0 860 304 889 630 0 189 0 0 0 0 698 0 741 294 120 901 563 0 388 723 579 45 0 0 816 557 565 0 747 974 0 284 113 300 0 0 171 0 149 0 922 537 0 184 323 690 0 377 360 388 
361 326 75 338 0 0 589 0 0 461 971 0 720 127 0 0 205 0 66 853 0 636 743 177 926 119 462 0 0 409 636 699 464 155 447 888 791 534 3 904 862 801 582 0 717 898 717 77 288 0 980 225 67 68 613 316 427 592 68 845 623 255 0 0 318 147 562 532 0 985 443 655 298 219 0 788 0 0 466 866 0 555 588 428 101 751 0 161 465 155 791 990 479 223 0 0 496 994 567 535 324 99 329 424 611 125 0 989 953 892 888 657 0 792 322 616 151 425 694 765 506 188 199 205 828 0 106 132 146 966 0 808 990 234 0 807 984 0 955 0 63 325 323 154 646 0 832 284 668 560 852 0 17 707 0 234 414 0 963 0 115 568 0 500 747 336 395 902 0 446 753 881 535 720 129 251 437 0 381 718 962 332 853 75 619 13 484 0 0 53 495 882 269 0 475 18 0 82 0 438 0 533 558 0 0 580 0 0 64 0 359 618 932 0 823 0 215 17 460 382 0 0 988 353 554 789 576 128 985 178 270 0 239 0 526 0 805 104 919 936 0 907 0 80 479 
675 405 0 494 227 547 0 117 0 958 0 720 0 123 0 286 917 856 0 710 179 0 0 356 530 0 0 924 693 0 145 696 269 308 0 0 0 799 431 0 0 628 607 210 0 753 255 719 606 0 681 702 172 226 651 156 341 224 194 789 0 0 0 378 673 807 592 0 0 166 0 915 351 665 152 801 106 558 403 788 614 46 0 316 0 515 864 16 0 0 652 817 609 240 993 649 123 819 400 768 995 299 222 901 0 0 589 714 405 277 314 410 0 210 283 0 599 887 240 115 0 993 0 684 318 0 618 367 0 154 0 954 503 979 107 998 788 713 937 731 379 788 784 0 596 0 0 50 28 934 232 804 366 10 0 0 53 0 431 346 72 0 581 0 729 838 157 571 782 0 0 0 319 0 561 246 0 576 839 0 887 405 0 794 558 0 0 391 968 650 353 406 0 0 386 5 762 891 627 939 0 232 309 976 0 82 566 224 0 861 0 96 144 45 820 317 902 65 40 0 882 130 761 815 341 694 983 771 541 398 364 0 361 713 0 206 0 202 132 0 247 0 925 812 793 
921 647 674 719 107 945 704 0 0 0 969 127 123 0 0 434 0 432 394 0 927 0 123 906 879 0 890 0 21 0 0 320 293 260 957 0 138 944 0 574 0 0 897 0 0 0 67 374 367 749 0 366 0 0 582 949 422 408 706 0 449 293 401 83 336 378 0 785 807 0 801 0 944 558 0 540 829 833 33 312 163 738 86 208 150 940 138 70 846 460 281 0 0 779 1 185 883 709 480 145 117 671 53 243 135 832 169 912 0 665 901 632 399 0 529 447 139 0 0 882 484 464 310 120 373 883 501 60 800 627 677 0 0 304 119 929 0 413 275 959 524 773 471 322 0 795 676 441 393 319 342 781 473 0 22 0 310 476 48 773 844 654 141 450 0 73 246 0 212 430 176 0 127 740 372 264 164 938 290 25 143 458 345 0 525 236 602 762 617 0 528 166 172 536 0 591 0 0 0 0 517 0 0 355 996 683 748 935 644 0 461 354 195 288 0 552 0 924 961 0 690 176 291 0 0 500 504 0 488 0 751 302 0 908 71 0 20 983 0 163 737 497 849 0 474 
0 795 810 0 451 479 832 5 133 0 62 0 0 0 0 265 843 0 168 335 465 0 0 0 257 767 315 849 0 201 675 240 506 990 744 85 580 820 535 250 91 0 964 803 776 301 710 778 0 370 785 666 933 315 0 595 897 766 947 832 300 681 885 901 108 0 398 391 474 0 0 206 924 0 0 545 681 891 0 323 0 0 209 0 58 135 117 424 85 92 298 564 557 471 0 194 107 928 794 389 558 450 335 71 646 443 119 110 0 35 318 541 140 333 933 0 0 376 886 560 935 134 544 725 721 328 956 755 478 0 501 0 87 307 0 527 6 17 0 685 0 979 766 46 297 0 669 0 769 606 351 714 0 876 215 618 0 0 814 488 525 276 0 806 3 56 412 0 0 457 188 131 87 874 392 166 5 907 0 283 0 648 0 462 309 563 256 555 990 787 965 987 845 0 696 727 0 463 0 388 163 0 0 732 0 190 742 0 775 548 605 0 75 440 345 170 504 0 806 765 444 21 506 0 293 430 0 772 753 493 939 397 575 0 849 190 0 716 491 0 0 672 0 702 615 
218 821 0 133 5 247 245 38 154 316 187 0 286 434 265 0 548 293 0 0 529 349 894 780 60 238 360 253 0 803 721 0 97 0 0 597 827 598 0 235 831 0 142 0 67 107 0 538 186 0 917 359 866 691 36 0 0 0 0 0 210 694 5 520 91 904 0 0 269 916 376 916 0 0 125 199 0 231 142 974 289 176 895 391 0 915 719 118 922 446 291 0 0 972 0 617 137 822 796 0 827 289 680 519 857 659 977 406 0 0 0 410 678 124 0 826 642 0 843 251 4 288 68 439 71 103 444 489 962 603 106 224 463 257 102 694 0 0 329 713 0 0 200 513 905 0 41 125 332 311 564 318 970 0 306 0 384 604 789 0 270 688 595 0 809 350 819 48 143 490 0 0 470 830 629 0 10 61 14 889 631 32 0 127 927 20 170 890 0 0 114 814 964 810 0 745 134 517 837 996 442 680 13 348 492 112 0 0 0 38 859 167 949 550 0 40 97 397 774 0 792 746 412 0 971 898 49 930 271 0 474 0 0 995 533 0 90 0 218 573 0 688 750 176 0 
0 610 122 551 939 0 0 716 0 421 239 205 917 0 843 548 0 811 696 286 188 269 794 863 34 579 488 940 79 553 527 154 605 555 436 0 148 330 28 763 0 0 800 548 728 136 239 139 362 0 0 0 46 220 88 500 422 0 446 0 368 407 654 0 913 710 974 736 0 956 752 0 0 780 0 860 661 0 194 694 610 553 283 346 288 304 513 0 76 95 689 667 145 584 0 0 995 168 949 671 183 415 760 333 634 310 479 642 90 621 903 270 0 0 427 546 661 480 0 0 338 216 982 658 749 496 280 522 610 0 39 656 297 196 505 974 960 782 17 966 0 697 993 391 307 0 0 790 617 387 571 302 883 928 813 203 118 444 0 104 0 18 0 906 794 855 380 718 424 0 547 474 207 85 979 537 0 983 132 583 722 44 743 432 102 81 0 17 977 703 351 320 832 495 225 824 368 708 995 222 304 932 119 0 372 906 429 0 820 242 0 0 496 597 792 246 952 0 745 220 425 562 249 0 551 266 746 486 433 0 31 650 341 101 0 751 778 496 683 547 574 422 0 863 929 
0 0 263 817 714 136 976 427 542 0 0 0 856 432 0 293 811 0 29 51 275 784 865 531 873 567 297 200 0 379 910 533 132 0 0 0 95 359 557 68 33 0 585 500 142 0 256 352 748 0 751 938 727 0 37 716 894 0 971 8 0 457 885 0 377 886 473 0 0 890 324 0 818 907 632 296 398 18 539 416 76 0 482 561 290 0 616 0 549 0 378 0 664 694 219 481 19 720 0 866 280 482 659 0 0 862 0 574 920 796 805 0 0 679 0 0 0 0 652 158 0 0 397 608 0 734 240 566 328 36 485 17 543 0 0 477 579 0 0 746 453 53 125 83 21 779 285 0 43 0 0 182 177 993 71 255 58 440 289 730 761 879 887 928 384 0 28 985 816 568 667 0 102 408 332 616 224 346 192 224 436 284 945 0 0 229 400 124 798 552 9 841 0 345 0 694 0 771 374 676 791 768 288 361 0 0 0 592 0 759 608 345 731 19 40 511 932 160 481 87 539 329 737 0 30 0 0 0 902 408 823 0 117 443 309 0 41 27 965 3 13 0 0 255 0 
924 690 777 784 0 615 333 0 490 0 0 66 0 394 168 0 696 29 0 0 273 640 0 913 969 65 655 654 764 0 863 380 911 166 0 278 0 409 165 565 969 213 0 595 823 390 677 818 350 0 0 687 137 367 544 268 0 859 483 0 0 446 0 712 669 156 0 963 637 568 929 327 0 0 708 99 113 7 850 36 449 4 725 409 477 200 221 947 0 711 287 136 0 52 829 0 28 775 654 0 151 335 0 795 537 285 0 66 882 27 0 0 129 229 809 283 157 967 394 697 534 483 156 170 402 134 174 913 126 81 0 826 683 808 0 504 891 329 0 0 0 265 0 0 0 0 529 0 374 883 638 0 487 881 175 318 369 344 831 712 0 484 0 944 344 557 0 440 0 0 0 85 412 91 0 190 808 921 0 67 488 875 0 312 15 74 805 799 774 948 435 378 0 383 301 552 676 0 54 0 596 87 484 460 801 992 873 616 0 0 3 0 642 0 728 254 115 746 0 507 533 0 34 377 964 224 559 953 743 0 761 0 740 618 149 799 633 0 347 279 867 0 0 0 208 
168 466 0 825 0 369 376 0 258 452 970 853 710 0 335 0 286 51 0 0 824 170 161 131 365 538 580 0 398 489 664 800 460 0 572 0 0 920 453 0 640 353 672 341 0 416 917 201 837 180 679 477 990 0 160 744 652 72 817 0 0 622 526 0 474 841 0 770 805 867 0 446 96 0 499 861 285 348 0 949 572 469 82 278 98 0 0 890 825 142 138 695 871 669 0 63 424 602 0 49 557 666 890 0 0 0 392 774 822 842 603 445 587 675 222 0 0 0 198 585 203 466 465 737 69 406 522 0 825 301 70 500 126 605 500 373 681 710 456 793 656 797 0 989 53 532 0 759 499 683 649 11 0 359 851 945 626 68 352 831 503 588 86 0 914 312 264 670 477 790 24 673 50 540 6 722 420 449 0 0 0 143 820 447 100 0 0 842 114 0 0 887 426 0 106 367 883 0 0 869 0 0 849 340 353 0 0 964 898 875 354 0 176 630 677 0 926 836 0 0 273 611 851 207 10 152 0 496 561 575 377 0 283 742 396 0 531 294 0 754 0 364 921 621 441 
0 291 205 130 822 0 77 947 129 134 286 0 179 927 465 529 188 275 273 824 0 37 0 669 0 148 609 465 679 823 923 0 87 57 383 0 374 0 467 231 0 697 228 251 908 785 362 436 37 0 0 820 177 888 503 0 778 0 731 0 729 245 615 228 214 51 683 79 448 606 0 406 337 453 571 458 854 0 818 0 571 577 210 855 0 350 574 601 211 11 262 890 294 402 718 348 0 0 291 967 505 25 109 528 0 918 0 0 472 990 30 693 0 676 613 336 395 0 661 544 101 710 629 330 421 92 764 0 0 806 328 655 538 899 955 0 956 916 52 357 0 772 586 158 0 0 433 39 277 0 0 676 718 0 0 0 538 0 63 226 0 149 347 788 841 409 900 401 484 152 645 219 140 469 0 607 0 115 126 56 490 723 421 61 495 101 0 104 942 579 622 884 285 575 107 129 319 0 0 39 55 357 595 0 70 0 180 742 858 0 605 801 0 0 0 356 0 576 855 269 755 801 124 99 0 0 393 233 503 508 130 0 752 852 0 892 482 173 530 357 23 902 189 334 265 
181 118 800 0 375 549 933 277 0 208 355 636 0 0 0 349 269 784 640 170 37 0 70 971 25 756 0 236 102 0 91 884 411 556 95 585 478 0 724 47 0 964 481 769 748 0 368 197 838 659 627 269 990 0 982 0 976 129 82 909 0 563 397 0 227 147 0 0 203 0 0 821 769 699 942 681 890 0 660 229 426 675 266 113 911 899 573 0 0 860 365 0 0 0 231 315 0 839 0 326 480 162 724 322 35 0 91 752 150 723 820 864 77 429 950 748 0 0 275 0 459 0 114 838 512 184 185 0 927 815 0 954 13 368 0 987 563 986 0 252 84 159 172 768 292 503 0 0 668 499 670 178 830 322 349 505 59 0 49 723 0 444 20 0 83 445 378 0 29 0 205 473 510 665 0 0 311 727 909 786 308 0 739 422 536 0 740 0 54 802 614 300 0 366 998 500 346 729 727 0 777 992 0 109 523 273 298 0 881 709 642 0 0 682 838 174 975 0 840 432 0 170 0 428 942 0 657 277 499 149 684 252 469 377 0 685 864 0 603 519 589 689 0 545 0 
0 992 928 631 396 812 548 89 627 0 77 743 0 123 0 894 794 865 0 161 0 70 0 781 734 0 0 0 740 0 794 34 0 0 0 729 952 0 105 0 261 784 0 761 0 792 580 664 860 642 0 755 962 0 0 0 236 0 863 569 443 0 888 0 387 513 909 0 913 284 504 883 548 70 297 0 492 46 150 605 745 95 735 43 537 716 294 653 35 64 483 614 43 409 294 893 0 914 470 62 311 930 812 358 0 425 337 585 26 14 131 0 474 0 0 942 0 418 0 237 121 496 728 677 0 989 390 254 0 515 0 206 681 41 0 0 0 0 313 462 616 0 211 552 678 0 488 183 0 0 927 673 467 679 378 856 67 755 225 722 25 708 0 969 365 0 0 382 435 824 683 953 237 0 696 0 583 0 0 0 0 0 784 0 727 67 25 952 0 883 0 774 325 888 514 688 0 390 196 721 562 724 517 465 728 461 327 0 884 243 305 0 0 915 56 840 624 333 861 217 802 0 554 760 237 0 0 860 0 860 204 0 0 422 335 446 59 0 74 453 569 310 620 559 0 
167 864 348 53 143 859 661 0 480 230 0 177 356 906 0 780 863 531 913 131 669 971 781 0 0 650 40 0 821 547 0 102 0 0 228 955 310 686 274 0 510 249 991 0 309 320 769 0 187 123 0 31 0 741 51 54 249 555 846 614 38 901 692 0 354 694 414 775 567 710 625 0 480 774 0 0 783 551 0 0 813 717 336 801 0 0 0 985 846 203 650 178 0 946 742 0 630 0 702 0 638 0 18 747 67 445 884 19 159 401 311 790 852 903 497 348 559 406 305 573 0 0 718 127 308 907 281 785 662 0 0 706 352 10 233 107 0 661 176 372 0 843 775 0 0 756 0 596 683 639 0 348 0 612 0 9 933 0 723 373 0 710 0 232 26 230 199 980 263 376 0 49 899 0 526 600 595 455 513 717 921 216 0 25 0 517 0 0 0 0 0 38 0 9 433 735 980 947 396 49 782 912 0 768 983 0 0 0 363 0 834 112 832 868 263 538 439 0 529 282 932 0 62 100 35 0 799 780 0 213 0 0 0 261 556 246 649 0 238 0 87 178 604 470 988 
0 694 716 692 708 237 0 746 197 176 404 926 530 879 257 60 34 873 969 365 0 25 734 0 0 531 846 543 157 959 11 476 0 770 999 962 662 401 0 146 487 997 191 899 0 720 717 774 643 198 925 123 554 678 0 53 0 0 154 903 868 883 0 685 850 508 0 366 0 0 0 896 810 0 990 435 506 892 121 124 707 530 784 779 980 0 617 738 382 706 418 0 0 426 20 907 406 340 304 0 133 0 431 0 0 893 0 896 135 0 778 0 735 481 0 0 0 0 918 359 0 797 988 126 0 765 58 824 647 0 941 0 858 135 0 324 0 0 0 0 930 848 0 0 0 348 0 227 644 842 884 212 429 906 806 499 0 904 678 0 0 511 0 193 963 774 871 601 0 897 59 561 341 0 0 0 491 754 0 522 30 847 656 974 656 571 846 154 0 0 578 637 0 981 0 866 0 0 0 29 689 0 100 840 0 189 185 501 665 971 841 630 968 568 812 0 0 0 618 0 924 804 0 179 0 267 771 6 856 771 259 0 797 0 178 0 840 999 495 769 0 261 163 0 288 
519 400 0 41 182 0 698 821 64 0 0 119 0 0 767 238 579 567 65 538 148 756 0 650 531 0 289 0 0 326 46 488 0 776 658 17 348 0 876 477 188 509 374 60 500 0 672 727 950 0 849 501 161 31 560 209 0 778 583 0 295 228 273 0 0 0 995 44 728 489 117 0 0 551 194 0 0 554 261 252 632 927 521 418 553 302 864 0 89 0 434 198 916 45 441 655 133 0 194 0 695 376 9 417 0 816 567 645 0 52 424 909 195 770 0 675 180 0 122 0 82 60 280 727 135 609 491 613 690 394 786 61 843 714 0 0 131 456 0 241 340 380 0 0 0 930 0 698 371 666 172 155 470 495 332 258 389 0 991 992 7 523 0 0 685 255 952 0 0 999 72 0 828 147 821 0 289 981 1 92 530 226 536 411 427 0 0 0 0 669 0 600 0 819 514 789 802 837 834 637 671 467 1 0 229 25 718 666 883 244 42 0 0 0 766 785 483 960 0 924 515 800 0 0 398 615 459 603 0 969 114 298 523 421 274 39 393 0 0 121 0 984 918 568 152 
592 563 248 0 739 77 725 0 649 243 443 462 0 890 315 360 488 297 655 580 609 0 0 40 846 289 0 279 880 673 597 845 0 999 299 745 12 970 413 184 146 0 41 340 840 79 322 988 342 686 414 184 620 641 102 0 84 93 264 599 879 0 517 19 262 712 662 528 0 365 0 745 259 509 551 575 442 388 115 152 92 846 577 168 303 795 964 111 458 264 54 281 216 8 113 792 0 155 0 905 0 488 772 418 626 0 0 0 637 167 672 400 299 0 179 906 0 0 241 284 723 0 528 490 636 0 653 948 467 190 774 409 0 496 554 914 181 71 332 405 260 420 529 388 519 2 760 826 0 220 0 0 764 732 730 405 439 16 938 376 46 532 167 881 395 812 0 418 118 829 0 0 0 707 151 0 71 2 735 890 425 0 474 883 0 0 85 325 532 510 130 117 626 391 162 0 874 178 0 177 391 0 882 639 0 784 0 763 526 0 193 853 259 808 595 8 81 281 230 219 873 0 506 0 287 206 0 894 562 808 737 0 870 0 772 919 0 0 0 653 0 922 821 0 876 
412 0 593 748 144 328 0 157 91 0 910 0 924 0 849 253 940 200 654 0 465 236 0 0 543 0 279 0 488 77 366 0 696 0 333 562 0 0 97 0 442 2 342 688 22 396 0 614 547 42 0 451 230 41 542 0 0 0 668 0 920 12 964 748 410 201 499 0 958 1 720 645 454 741 321 708 0 481 0 696 852 370 739 637 537 766 147 581 453 411 0 620 837 0 246 207 358 536 952 659 818 141 0 152 0 845 431 0 682 334 0 793 787 0 356 875 58 577 298 0 0 892 617 245 395 864 433 395 40 951 817 483 0 0 513 0 24 420 448 713 97 101 932 821 170 553 238 0 342 963 943 0 0 484 0 940 0 0 624 430 598 0 828 64 0 677 0 371 0 0 0 361 252 707 815 587 0 808 74 0 687 721 0 907 193 0 694 0 684 0 689 0 0 977 133 743 840 0 0 595 922 455 0 280 491 245 0 614 527 94 307 0 792 191 749 613 308 427 94 944 523 658 99 722 0 0 983 0 0 131 282 421 292 0 67 820 736 331 306 519 0 147 0 158 66 
46 793 323 597 504 912 899 0 144 389 0 0 693 21 0 0 79 0 764 398 679 102 740 821 157 0 880 488 0 134 728 360 231 670 673 23 162 141 890 545 230 25 121 160 0 531 187 985 682 0 0 0 0 474 430 960 640 174 0 515 579 341 838 233 38 596 0 0 286 0 704 0 565 406 942 355 458 0 611 682 948 261 0 823 208 250 945 901 761 143 389 21 281 535 761 630 229 951 970 766 190 508 0 0 740 0 322 668 918 193 93 238 185 160 0 399 0 205 66 35 412 180 0 822 162 278 0 169 0 0 115 892 278 959 946 892 664 746 42 513 54 550 137 430 0 0 951 780 0 431 0 463 217 805 675 645 0 0 384 735 0 310 269 335 0 0 513 0 503 0 343 974 0 821 0 809 433 0 0 986 0 0 341 333 76 630 115 869 751 439 962 349 598 473 815 306 0 0 77 936 0 758 629 0 716 0 376 60 817 939 0 373 481 261 386 443 0 336 207 609 431 413 296 848 0 737 37 222 40 0 49 58 966 126 282 0 0 0 828 410 876 252 0 507 0 
125 310 0 0 0 166 521 873 0 30 286 409 0 0 201 803 553 379 0 489 823 0 0 547 959 326 673 77 134 0 0 247 208 102 552 0 633 201 610 333 273 698 353 0 478 0 520 0 537 320 0 0 997 825 407 0 725 246 302 0 0 166 0 282 715 252 659 297 0 1 293 810 909 254 440 0 872 735 357 213 0 996 840 833 939 750 0 0 647 465 374 0 146 203 0 903 101 390 0 90 322 0 373 804 52 0 0 45 174 555 0 216 703 414 980 0 278 570 0 114 701 103 0 631 301 29 329 0 0 649 0 132 756 0 0 233 172 964 302 57 273 986 45 724 459 299 639 842 861 502 0 854 780 53 310 989 901 395 15 0 66 547 434 220 948 275 729 756 262 152 0 0 24 681 0 778 835 0 386 0 0 0 0 701 0 255 0 893 121 0 0 0 0 143 0 855 91 588 489 611 96 503 752 533 58 549 405 281 484 504 0 0 208 219 335 197 827 590 0 329 801 162 737 877 0 0 985 0 459 0 0 637 127 208 664 806 0 302 0 0 0 598 0 820 0 
210 0 875 953 298 345 0 412 151 286 231 636 145 0 675 721 527 910 863 664 923 91 794 0 11 46 597 366 728 0 0 687 929 878 485 381 909 315 448 830 316 781 976 426 142 320 831 168 476 0 620 288 273 390 525 0 188 274 232 0 0 300 0 763 893 239 0 269 823 0 245 715 674 802 485 0 200 626 0 980 919 0 690 108 158 0 14 182 0 197 53 842 920 687 230 300 0 8 836 826 232 705 0 538 928 571 946 864 179 0 984 839 424 79 0 279 816 387 753 798 219 0 173 0 0 350 0 0 493 837 579 108 86 534 651 264 0 188 154 656 571 0 0 797 0 841 252 485 221 354 917 851 959 0 507 967 120 0 433 362 107 377 219 813 0 497 406 116 93 0 0 975 827 0 718 630 297 643 192 17 131 0 0 494 331 58 718 523 545 474 39 994 0 608 852 916 325 0 162 0 996 0 0 391 0 200 0 871 689 646 390 266 0 981 495 862 104 0 0 999 975 0 817 994 650 476 483 129 872 798 0 346 392 849 761 20 464 73 833 193 988 334 0 473 0 
114 331 391 472 0 989 882 0 240 0 781 699 696 320 240 0 154 533 380 800 0 884 34 102 476 488 845 0 360 247 687 0 539 342 763 420 835 209 651 0 847 913 504 212 278 0 0 795 191 197 895 244 0 196 866 25 0 849 483 130 0 654 672 585 878 0 298 271 344 916 637 887 762 0 269 255 170 0 0 267 0 0 43 923 32 15 0 719 328 998 761 366 0 410 535 28 42 0 292 0 0 217 231 663 466 942 233 0 264 0 915 0 413 1 0 472 242 242 544 0 619 0 0 821 0 859 790 314 853 784 239 0 0 132 545 0 0 193 800 139 547 0 299 256 472 608 0 0 849 363 84 407 722 489 0 233 975 491 0 699 724 0 0 0 889 0 568 391 136 0 817 0 634 0 854 948 927 782 182 50 0 0 610 0 0 0 928 537 966 72 0 0 112 0 949 0 181 317 58 0 0 0 306 490 0 530 0 312 798 453 0 0 481 0 748 803 688 656 755 300 231 438 94 534 816 640 472 491 758 714 394 152 0 0 755 0 554 378 0 330 0 0 239 747 0 
535 626 113 0 0 930 0 0 181 491 0 464 269 293 506 97 605 132 911 460 87 411 0 0 0 0 0 696 231 208 929 539 0 97 508 980 726 575 699 72 0 0 918 0 0 458 570 0 967 0 861 974 321 606 19 565 0 0 590 0 147 461 0 0 316 545 0 0 983 464 107 278 275 197 628 0 888 205 193 395 758 0 0 657 254 0 551 0 2 330 0 486 655 179 52 275 257 390 116 90 672 541 642 610 0 813 240 946 0 111 0 62 595 711 0 539 0 171 0 126 501 26 515 819 674 0 941 134 33 40 16 120 0 476 969 0 638 0 0 113 971 206 595 571 456 503 742 36 748 596 0 223 602 148 840 956 509 0 843 995 0 219 645 0 0 76 916 113 605 832 866 0 230 791 687 965 118 0 0 173 975 0 0 557 37 83 0 0 344 508 676 18 156 108 0 545 684 57 0 815 698 870 36 0 123 0 353 664 954 906 412 787 0 452 0 0 44 400 323 961 408 139 0 533 519 32 0 579 683 305 0 0 182 700 97 811 152 678 0 23 388 529 0 808 763 
596 29 27 0 483 324 816 0 0 661 114 155 308 260 990 0 555 0 166 0 57 556 0 0 770 776 999 0 670 102 878 342 97 0 0 564 436 959 0 0 321 230 99 353 0 0 0 786 315 564 0 346 530 0 210 65 65 568 556 373 978 801 0 235 402 0 370 961 332 709 18 0 119 32 273 140 0 640 588 0 126 305 75 75 178 0 507 60 955 536 591 371 841 121 0 0 0 160 280 916 0 678 226 0 606 365 0 551 952 0 756 0 518 0 694 235 255 147 534 998 0 0 452 458 588 765 676 631 211 303 523 571 588 0 493 0 944 749 64 805 395 341 626 0 0 121 212 321 744 286 0 89 506 489 349 53 0 996 481 230 0 300 841 737 0 309 596 0 859 842 0 0 402 0 319 80 958 846 809 220 837 325 0 94 685 346 275 125 851 0 0 0 885 201 0 0 127 954 330 996 170 0 659 0 0 626 607 52 0 91 799 0 561 282 27 543 13 785 797 0 602 713 226 650 654 0 0 350 184 163 65 602 63 0 792 226 150 469 640 238 193 698 74 115 189 
506 687 306 0 332 431 0 29 51 0 663 447 0 957 744 0 436 0 0 572 383 95 0 228 999 658 299 333 673 552 485 763 508 0 0 754 837 341 641 0 179 0 0 535 795 615 119 0 276 379 46 218 356 630 0 78 661 110 980 18 566 1 350 0 235 201 722 283 573 529 0 0 389 523 178 950 923 0 488 184 0 175 0 587 0 535 696 0 488 702 0 557 369 471 0 830 638 231 33 45 963 126 0 670 342 823 0 0 222 831 0 677 0 517 0 232 100 212 596 138 865 80 0 209 867 0 577 0 642 936 712 794 792 687 422 0 976 550 0 121 138 754 753 66 876 494 764 620 897 0 327 52 0 334 914 0 650 957 670 0 766 751 0 367 156 597 0 585 100 186 0 680 841 0 0 0 0 658 435 0 395 429 307 400 868 649 0 0 83 841 0 0 443 0 515 351 8 544 735 523 874 0 812 0 335 879 2 0 670 158 94 849 494 809 989 30 86 18 867 939 0 683 62 784 991 755 0 65 0 906 188 0 62 0 570 726 203 618 0 48 955 97 941 403 792 
827 0 148 0 886 806 139 292 104 0 0 888 0 0 85 597 0 0 278 0 0 585 729 955 962 17 745 562 23 0 381 420 980 564 754 0 452 0 505 8 172 0 964 838 169 430 667 188 878 0 110 173 984 0 0 0 0 485 702 0 838 0 739 437 481 161 992 185 199 599 0 433 435 515 548 850 668 809 753 629 0 377 618 0 0 635 392 707 890 0 699 980 683 170 614 730 112 531 0 863 316 487 498 756 173 750 0 102 550 41 748 0 701 624 123 363 873 55 630 157 0 997 222 0 741 0 561 432 239 858 0 0 336 512 0 409 577 244 224 303 529 786 83 0 0 521 868 571 435 0 948 780 69 0 127 288 890 422 611 0 173 0 294 667 862 51 0 313 159 74 85 0 0 749 411 891 336 622 71 37 0 0 717 288 431 359 144 291 343 754 374 331 291 0 367 14 0 833 777 399 403 0 420 0 492 640 590 0 589 321 151 792 428 387 324 73 930 595 924 403 394 213 0 569 670 133 906 718 266 451 395 715 794 126 756 0 0 668 216 0 960 0 148 372 930 
0 0 0 0 0 732 83 0 420 301 714 791 0 138 580 827 148 95 0 0 374 478 952 310 662 348 12 0 162 633 909 835 726 436 837 452 0 598 0 996 546 929 802 729 635 147 728 783 704 0 0 489 111 133 44 722 527 400 631 60 631 586 873 642 553 0 433 24 0 242 0 0 0 0 235 0 0 665 265 327 250 0 0 300 860 226 396 934 0 973 307 599 798 0 679 534 245 789 393 172 0 822 573 796 880 623 570 442 0 203 869 168 900 321 879 227 734 42 514 903 527 0 943 0 809 0 300 0 603 28 561 0 0 156 0 249 992 344 615 408 329 518 789 109 0 972 786 533 758 570 213 820 320 277 823 0 861 810 422 779 844 623 181 36 512 868 719 904 290 462 431 536 884 224 437 0 0 0 822 0 567 525 891 310 327 336 585 0 451 229 0 431 987 516 60 947 112 615 0 402 329 638 680 0 0 587 961 271 0 622 0 967 486 608 521 504 0 78 0 64 909 0 0 190 525 939 755 214 44 122 0 0 867 0 939 803 516 988 30 488 416 456 0 641 317 
52 750 463 538 0 68 163 69 479 371 823 534 799 944 820 598 330 359 409 920 0 0 0 686 401 0 970 0 141 201 315 209 575 959 341 0 598 0 339 528 182 111 394 208 0 0 671 959 34 256 925 796 948 565 675 0 0 765 727 272 0 553 429 0 623 0 172 637 0 734 754 0 866 628 789 804 0 52 463 0 999 710 176 970 658 713 930 422 846 0 0 288 468 59 642 932 0 461 354 467 0 415 0 852 397 185 413 881 10 866 232 569 857 0 505 0 847 759 0 0 806 499 0 171 0 0 0 0 203 605 901 100 266 688 766 982 270 305 0 88 0 778 586 0 293 119 96 0 423 0 61 0 969 0 440 420 388 0 348 0 0 837 143 0 0 162 880 0 201 303 531 220 0 851 0 142 916 879 700 0 766 288 268 705 642 937 0 603 434 0 358 743 632 0 486 463 332 452 0 679 29 483 0 575 570 0 643 0 827 255 58 314 399 743 0 546 711 996 975 0 725 0 0 633 0 167 338 29 618 24 427 99 182 521 0 0 251 329 194 185 228 0 520 610 0 
372 220 456 844 0 877 0 647 724 847 824 3 431 0 535 0 28 557 165 453 467 724 105 274 0 876 413 97 890 610 448 651 699 0 641 505 0 339 0 311 6 694 591 9 709 0 0 635 134 300 309 0 168 315 854 0 742 282 451 54 871 0 480 0 215 447 0 465 841 787 208 0 0 117 0 466 645 0 929 0 629 101 548 816 350 347 503 0 55 724 0 789 0 426 390 213 0 128 0 71 438 174 502 63 912 624 566 763 0 515 800 0 641 129 0 128 83 644 852 858 715 0 0 904 387 477 465 178 824 943 979 0 683 795 469 844 663 61 740 288 731 121 98 262 611 64 794 585 604 0 438 517 0 684 323 252 116 931 759 828 0 766 671 679 9 771 874 0 360 139 837 0 987 0 170 0 209 0 447 514 263 985 511 226 623 839 501 851 145 322 302 946 0 0 728 91 716 355 0 474 0 596 483 0 400 610 669 245 715 105 144 395 587 74 796 91 0 12 252 75 861 431 234 118 671 181 0 460 719 0 0 982 0 82 656 324 540 0 519 426 0 994 810 810 580 
941 538 173 435 259 0 59 628 364 79 0 904 0 574 250 235 763 68 565 0 231 47 0 0 146 477 184 0 545 333 830 0 72 0 0 8 996 528 311 0 0 569 79 283 396 725 934 0 0 0 42 375 108 9 983 0 0 863 0 0 981 264 323 658 148 750 161 126 454 575 948 0 583 229 77 701 389 697 0 820 0 0 768 208 933 0 868 186 311 540 0 1 641 791 140 0 78 718 182 0 264 632 0 658 928 0 448 857 970 896 0 0 773 214 529 632 660 0 6 941 0 895 956 243 184 895 587 0 0 275 601 64 0 170 549 311 447 389 0 664 999 0 897 850 298 412 0 823 814 890 771 234 0 538 381 0 790 221 204 0 0 616 460 82 723 444 19 244 139 546 0 0 719 36 3 786 666 638 0 771 166 909 883 859 254 906 0 261 767 770 942 416 0 0 56 0 0 609 224 0 842 46 652 401 0 0 901 405 309 493 109 273 986 884 66 149 972 726 370 842 1 705 0 316 184 0 0 540 404 540 0 0 451 410 0 724 93 479 67 187 393 116 507 967 379 
212 0 302 984 493 66 998 652 0 0 89 862 0 0 91 831 0 33 969 640 0 0 261 510 487 188 146 442 230 273 316 847 0 321 179 172 546 182 6 0 0 109 314 95 422 406 919 259 0 550 652 0 65 0 101 929 39 855 377 149 679 474 952 227 0 196 0 127 915 915 0 332 440 637 265 528 904 805 0 741 977 119 0 0 386 0 984 0 0 481 237 747 401 612 0 0 137 439 628 391 706 4 0 585 971 276 621 425 0 447 0 222 148 55 908 0 540 84 381 6 0 257 0 205 77 0 699 689 794 0 0 685 548 0 742 0 502 309 863 396 0 48 554 0 0 120 0 0 788 0 0 469 644 298 542 886 0 239 163 807 135 0 433 698 613 585 352 81 600 414 0 489 668 621 498 0 0 730 0 120 899 378 653 69 378 275 557 329 916 0 107 211 301 406 662 995 955 0 419 370 0 0 495 626 0 351 0 951 398 741 431 0 610 19 249 428 725 69 0 939 337 427 0 640 0 146 676 130 369 752 335 205 902 664 452 584 671 638 917 182 525 276 546 630 275 
0 569 340 735 753 578 251 479 217 0 39 801 628 0 0 0 0 0 213 353 697 964 784 249 997 509 0 2 25 698 781 913 0 230 0 0 929 111 694 569 109 0 268 0 377 884 602 0 540 621 917 609 0 566 259 360 0 537 0 320 696 287 606 66 424 437 830 489 0 399 836 0 999 0 0 54 375 0 438 0 572 0 0 974 258 874 610 304 214 313 462 0 120 69 0 0 202 81 407 851 0 781 0 407 164 761 272 851 128 0 103 582 368 324 0 237 189 87 596 261 923 80 0 1 0 6 938 160 834 685 843 634 400 688 558 714 0 136 842 342 95 0 0 0 447 283 742 11 650 0 259 667 134 379 225 385 728 22 476 649 0 424 670 679 0 0 0 0 859 989 309 617 852 230 180 710 15 828 0 762 567 717 259 454 0 342 801 692 580 589 446 259 158 0 284 615 210 511 96 416 455 690 0 803 0 978 336 0 19 141 0 408 163 633 560 0 0 707 54 182 370 822 681 14 114 0 802 628 0 893 207 0 691 803 978 0 595 683 875 758 116 0 817 578 954 
599 136 374 348 88 0 490 0 0 602 999 582 607 897 964 142 800 585 0 672 228 481 0 991 191 374 41 342 121 353 976 504 918 99 0 964 802 394 591 79 314 268 0 920 479 451 606 710 0 276 944 314 0 982 944 956 0 0 517 383 0 937 183 547 0 960 757 245 685 506 185 809 196 305 0 841 921 168 0 454 592 875 347 553 492 484 0 586 182 979 345 111 171 679 303 237 623 18 0 0 66 8 275 559 146 0 335 301 718 421 447 0 0 910 643 140 0 620 120 259 298 181 502 0 712 776 0 0 321 457 164 402 770 294 137 0 959 0 526 0 0 379 0 167 0 0 34 0 868 600 70 684 600 821 290 0 255 613 545 710 948 209 0 369 645 145 0 0 947 593 0 0 0 0 354 0 0 437 559 728 625 626 510 892 967 0 0 610 212 608 0 401 0 446 558 199 170 153 417 491 450 809 0 683 0 133 68 315 0 233 225 0 162 379 0 170 282 987 0 905 257 0 774 424 866 0 0 67 141 386 95 989 0 132 191 0 880 0 864 745 423 647 732 617 536 
891 0 0 403 186 0 997 603 0 619 0 0 210 0 803 0 548 500 595 341 251 769 761 0 899 60 340 688 160 0 426 212 0 353 535 838 729 208 9 283 95 0 920 0 0 847 0 603 667 784 224 770 0 0 109 0 0 503 590 769 976 267 0 0 319 0 322 162 716 0 18 0 931 0 688 735 0 330 939 336 275 0 0 722 610 0 0 452 198 161 651 0 293 945 410 853 678 280 0 651 322 8 889 97 199 709 222 421 22 884 0 335 18 0 537 543 617 420 0 859 0 163 0 0 0 613 43 373 504 187 886 0 509 516 0 972 154 0 382 0 549 94 589 253 502 151 239 111 85 0 825 980 0 232 643 0 671 0 904 104 853 0 111 920 900 55 46 54 919 755 474 0 102 889 20 487 473 0 627 17 368 0 0 663 106 58 653 821 171 0 378 528 472 0 0 0 215 0 983 499 510 13 307 0 938 370 54 86 0 968 664 116 0 0 529 88 111 555 108 655 0 0 0 794 348 0 117 348 604 892 718 692 0 452 0 776 0 360 602 508 695 41 764 678 0 
811 48 638 710 547 0 521 0 918 628 493 717 0 0 776 67 728 142 823 0 908 748 0 309 0 500 840 22 0 478 142 278 0 0 795 169 635 0 709 396 422 377 479 0 0 654 47 886 0 203 0 606 927 0 418 229 664 192 481 235 747 0 888 540 926 445 866 605 327 950 748 321 257 691 476 0 377 0 545 134 890 0 967 789 67 301 159 0 739 847 926 726 819 986 754 390 0 851 257 216 226 601 0 629 800 614 665 787 271 428 377 372 29 0 0 469 497 0 506 325 0 625 0 804 0 15 879 40 697 986 0 138 2 766 0 125 696 197 0 0 999 971 0 772 669 77 571 606 43 0 0 642 0 201 307 0 818 179 0 0 957 74 759 663 355 0 0 490 30 215 529 0 346 686 230 0 195 0 123 893 562 0 724 696 946 920 0 0 799 367 570 624 363 735 729 627 989 865 507 0 48 99 961 363 114 89 763 0 0 328 71 0 306 92 619 547 480 0 0 198 0 689 0 905 599 0 584 0 0 220 666 866 0 0 110 458 890 0 0 0 537 685 40 230 745 
413 72 0 0 875 135 226 808 141 634 962 898 753 0 301 107 136 0 390 416 785 0 792 320 720 0 79 396 531 0 320 0 458 0 615 430 147 0 0 725 406 884 451 847 654 0 613 234 522 902 173 358 386 0 378 463 134 402 0 758 933 9 145 0 377 333 349 235 54 50 590 0 478 942 923 115 117 819 289 623 729 521 604 735 689 0 256 0 0 0 294 738 898 658 887 720 0 647 24 778 0 387 320 491 877 939 643 77 409 697 0 172 477 136 93 111 703 506 697 304 0 271 870 367 691 998 184 445 654 486 967 271 727 336 0 0 46 934 0 533 0 252 743 984 6 534 0 748 670 642 23 0 747 925 354 337 148 237 983 0 66 938 257 655 167 350 0 585 0 0 24 721 0 588 0 513 281 668 1 605 0 265 20 66 397 0 682 0 164 949 371 0 345 40 685 0 474 455 271 560 0 283 95 45 885 141 744 0 619 80 314 247 0 329 176 674 363 0 0 988 392 202 772 991 239 0 513 644 876 426 441 434 732 137 0 548 806 508 805 329 308 477 993 0 912 
303 0 0 0 147 0 289 0 0 0 427 717 255 67 710 0 239 256 677 917 362 368 580 769 717 672 322 0 187 520 831 0 570 0 119 667 728 671 0 934 919 602 606 0 47 613 0 746 454 107 0 673 0 872 327 126 695 43 443 656 508 327 568 414 210 526 925 868 551 883 990 822 458 220 0 336 665 0 390 535 0 576 0 0 0 630 0 929 891 383 944 402 212 144 0 7 608 57 790 864 0 0 93 674 741 25 14 115 740 32 0 625 120 439 0 208 770 934 761 894 447 150 0 985 866 258 353 84 309 552 649 251 0 52 89 238 0 664 0 0 548 989 474 764 100 815 194 706 0 0 0 774 269 26 937 0 904 613 0 277 327 908 0 142 0 969 49 0 732 577 0 0 134 667 0 809 29 769 0 865 525 121 50 238 594 417 327 733 89 754 0 339 0 741 67 0 228 394 489 785 312 0 335 361 253 455 0 820 403 784 546 860 547 0 908 0 613 0 0 414 644 268 0 0 907 0 0 149 0 669 902 443 0 967 367 0 0 641 0 0 289 992 476 329 0 
