0 215 149 775 641 444 0 0 839 368 0 0 586 253 839 0 767 774 672 568 655 63 705 384 156 548 926 306 739 257 368 603 301 881 161 307 649 825 622 95 548 427 0 592 843 685 0 0 118 76 335 960 131 71 0 379 7 405 0 660 628 78 0 472 0 0 0 0 165 826 327 220 0 785 983 0 55 912 0 186 0 0 730 0 46 0 710 349 0 285 388 939 0 49 167 47 0 144 959 0 855 138 805 792 439 291 648 174 43 977 633 530 622 0 610 0 967 644 137 900 703 769 353 644 812 798 852 629 27 840 414 674 593 982 607 402 491 237 713 340 358 904 173 726 493 897 498 302 0 896 306 292 256 641 905 661 952 962 0 0 199 487 96 293 667 85 949 181 526 473 914 201 726 825 411 617 489 220 0 232 681 685 635 899 689 281 283 0 424 719 0 925 859 662 563 0 519 637 0 0 0 0 507 576 279 831 813 101 653 942 850 722 0 12 89 180 445 0 0 775 994 721 463 58 0 993 561 0 438 992 345 510 0 0 935 5 446 0 0 426 53 856 527 550 851 842 277 0 558 88 0 969 370 907 477 274 0 818 0 0 553 200 0 620 783 17 0 837 664 715 180 525 0 0 720 0 55 121 21 297 541 458 185 973 102 673 509 836 0 310 922 638 598 137 630 261 965 215 767 0 0 
215 0 786 902 0 534 472 0 626 668 123 211 0 680 320 823 923 0 417 153 0 380 0 226 3 764 90 384 0 0 928 0 956 0 226 44 0 321 421 315 160 355 8 205 0 237 88 0 386 470 514 0 313 729 159 0 15 574 780 0 294 294 96 647 882 711 604 264 0 717 0 115 0 790 766 0 479 695 781 12 0 0 65 0 0 829 414 753 948 256 208 647 0 0 142 733 192 402 739 476 613 570 760 534 100 0 942 149 272 0 295 345 254 994 188 985 0 483 494 613 866 0 0 188 955 116 606 159 247 573 868 901 835 835 295 583 614 89 915 212 372 764 0 410 574 10 289 84 71 718 0 333 741 0 329 0 296 742 656 696 18 542 0 0 992 629 65 954 0 707 50 130 508 0 636 418 0 0 930 513 64 445 0 878 707 953 785 799 0 244 518 0 973 250 125 858 0 774 0 276 799 476 831 935 565 36 280 231 0 0 0 661 782 13 631 765 287 695 36 954 99 128 861 0 582 0 132 524 625 366 0 666 979 92 25 412 377 758 847 0 0 681 483 193 968 801 218 900 381 0 405 0 157 278 755 0 0 125 787 870 922 334 976 797 0 0 168 525 591 0 711 0 0 413 79 457 0 577 755 0 0 630 212 295 621 22 409 866 0 176 532 766 138 851 195 131 321 0 574 601 721 
149 786 0 546 542 934 0 521 440 209 410 418 398 433 0 605 600 645 900 721 114 0 0 489 644 0 877 0 0 247 367 0 0 202 487 435 730 160 431 0 321 931 614 0 967 261 273 0 628 0 524 966 0 930 0 216 937 0 0 0 747 241 440 0 124 668 0 265 476 286 723 37 658 958 303 0 809 0 0 597 319 948 585 829 937 17 0 945 0 0 911 0 527 0 82 284 404 862 893 231 386 814 198 390 338 771 921 309 0 0 953 532 0 0 213 0 922 0 0 0 427 595 0 0 599 0 893 0 989 740 745 0 886 855 963 956 142 631 0 0 0 0 218 912 332 0 622 130 0 989 864 278 47 557 2 424 0 352 0 0 0 229 27 332 0 389 920 274 475 74 424 0 891 990 172 0 347 0 638 0 360 640 639 290 498 711 0 0 607 206 661 353 0 844 546 669 0 780 0 845 584 0 158 901 222 75 381 0 0 0 988 165 0 84 261 414 0 782 298 741 687 610 331 966 790 788 0 0 0 0 471 0 977 0 0 0 956 912 611 722 0 545 663 77 0 704 0 688 88 0 369 566 778 727 528 0 0 0 957 928 748 362 771 758 0 152 864 900 0 241 838 763 561 0 115 360 0 965 553 330 0 417 0 975 712 328 706 220 0 9 0 865 456 847 121 331 836 0 481 0 253 
775 902 546 0 859 0 984 25 428 85 574 592 857 0 0 0 0 107 0 63 0 141 281 374 262 681 673 147 0 118 365 419 390 135 0 506 0 854 33 100 51 299 441 748 0 960 805 0 674 648 997 193 0 0 947 812 45 707 0 766 866 287 553 807 230 0 413 370 856 757 814 820 470 358 0 81 0 622 0 195 446 908 0 68 229 319 38 947 240 356 0 350 67 847 631 0 939 0 998 592 0 721 0 725 0 0 499 290 0 62 0 602 0 584 311 0 906 98 0 843 828 889 0 358 0 925 435 389 925 230 66 372 14 83 337 0 272 456 392 0 344 113 723 527 637 189 0 747 622 121 668 121 613 899 424 976 671 0 67 698 0 542 0 578 0 0 547 636 0 0 667 630 372 0 616 0 811 50 227 0 428 704 687 472 754 533 723 309 632 852 401 43 0 798 860 594 733 0 0 194 389 0 0 376 0 909 740 0 383 0 1 888 943 958 432 743 765 513 547 0 738 905 667 508 731 0 314 264 0 815 0 702 120 39 0 682 0 0 0 270 0 309 950 581 953 874 498 35 326 63 0 499 623 617 37 432 6 0 187 864 863 477 0 272 0 410 0 359 562 435 0 186 442 0 944 744 0 339 953 845 0 617 937 853 546 15 224 525 0 527 595 142 731 719 997 570 928 498 0 295 542 
641 0 542 859 0 326 832 84 875 991 219 0 725 142 239 799 0 486 930 721 402 269 862 456 342 673 89 970 0 284 812 916 73 0 368 732 265 93 0 609 57 519 0 813 0 3 370 308 0 750 518 414 166 963 633 303 20 329 491 708 891 327 882 671 0 0 180 444 0 219 171 745 681 351 674 861 313 498 54 716 0 421 411 0 340 502 252 642 0 710 0 0 648 716 41 0 853 927 667 0 538 911 0 928 621 0 611 405 919 689 387 262 319 239 0 902 0 834 690 705 216 50 0 420 711 604 398 911 0 294 972 132 205 26 0 620 0 0 718 0 233 118 0 456 0 894 0 0 0 102 244 0 674 495 581 0 0 250 97 816 447 903 0 127 0 295 27 349 0 379 0 597 721 17 403 0 0 301 0 813 771 184 454 0 0 619 0 787 441 0 399 7 0 0 471 14 622 0 252 641 222 0 732 316 0 890 0 849 648 753 289 344 0 761 970 885 0 569 387 0 114 595 0 0 257 955 0 852 162 846 554 687 508 0 459 0 376 532 461 173 0 852 792 0 158 0 0 392 89 917 259 677 253 553 0 0 829 619 0 389 305 856 404 614 223 115 343 743 605 0 504 0 868 0 0 260 0 924 960 204 430 519 668 0 895 518 166 0 0 723 267 984 380 0 659 0 284 630 756 0 0 
444 534 934 0 326 0 673 279 584 876 593 796 244 0 138 591 0 661 863 0 781 411 923 384 0 0 0 20 377 830 232 944 0 0 303 927 21 92 0 489 0 512 962 0 218 882 0 0 0 734 357 542 552 312 226 678 0 265 69 830 0 511 238 587 454 0 781 99 37 0 745 86 314 321 830 0 0 978 602 308 325 478 261 578 503 0 894 471 0 263 302 353 144 27 413 414 997 342 0 0 832 387 0 0 0 723 784 193 837 394 905 635 2 29 468 0 27 710 251 27 107 0 649 0 984 952 200 0 0 285 152 618 0 918 919 0 98 0 14 309 0 658 125 554 308 0 482 761 0 369 870 653 539 751 690 388 872 271 844 988 932 369 474 754 255 0 832 498 0 836 0 189 405 0 0 0 645 190 813 773 622 996 335 133 593 816 191 987 679 533 0 163 425 759 0 937 745 921 6 0 0 710 236 315 159 421 0 7 0 0 675 0 996 602 563 205 944 0 845 330 0 618 904 464 860 498 0 407 473 722 631 499 721 300 338 329 0 771 126 876 527 721 0 57 0 771 16 399 914 0 36 297 0 285 337 540 105 593 897 0 90 957 303 164 136 400 0 0 304 591 420 50 0 0 216 764 814 0 968 342 631 244 383 0 346 641 0 482 912 722 598 530 631 89 194 761 621 898 300 0 0 
0 472 0 984 832 673 0 248 0 0 857 145 319 924 0 325 308 548 0 553 307 0 532 446 707 180 0 490 881 2 166 0 211 780 375 774 48 442 963 593 953 800 854 601 0 211 610 889 813 0 988 452 999 889 0 985 0 220 467 290 863 526 890 143 839 0 0 610 658 0 197 0 53 285 0 51 0 476 422 308 0 0 100 152 52 797 0 0 285 929 718 168 408 739 468 0 763 104 435 279 0 276 721 719 675 308 490 367 686 0 949 0 0 261 0 488 253 679 289 323 119 872 0 355 143 465 127 302 989 664 295 0 650 894 190 545 749 460 0 0 675 834 232 610 654 0 270 0 0 477 0 0 0 0 408 257 364 714 178 929 0 557 783 96 572 468 331 581 451 238 0 560 631 550 420 175 0 445 667 779 209 774 878 678 632 269 339 281 0 778 0 122 503 478 993 0 282 761 652 578 0 550 582 85 128 568 176 0 16 266 858 286 0 390 0 867 19 368 0 189 116 113 182 661 627 0 0 879 984 468 591 470 115 0 0 677 0 833 0 750 744 757 0 105 0 560 40 382 231 511 11 354 0 649 879 913 0 0 0 393 923 0 94 532 975 365 974 998 595 524 769 0 78 561 417 0 675 728 600 221 839 992 0 977 338 806 488 0 230 0 0 439 0 846 131 520 182 0 923 6 0 
0 0 521 25 84 279 248 0 820 875 861 617 0 0 9 517 147 203 0 103 446 0 544 0 446 286 714 791 298 368 706 219 647 0 0 847 0 0 0 300 370 940 0 0 35 263 804 489 128 0 172 730 988 642 0 981 362 738 495 254 677 0 0 508 484 16 821 295 37 337 233 0 0 537 0 226 122 120 0 890 934 286 107 0 753 165 810 710 362 0 978 242 582 684 690 305 597 274 0 646 567 0 531 95 919 926 315 604 444 471 958 225 912 497 120 139 227 651 570 192 332 0 948 553 0 569 189 0 0 769 600 455 0 0 438 54 735 643 0 0 0 69 0 41 184 482 304 7 164 0 73 0 0 754 873 511 491 927 561 0 543 848 460 0 823 174 712 0 0 260 668 561 571 157 880 0 723 862 701 409 256 0 457 169 418 553 887 846 746 979 0 389 0 0 402 304 0 871 129 941 61 798 0 0 648 296 581 624 0 0 339 683 0 943 127 265 24 676 681 521 920 712 637 0 301 580 0 183 724 310 54 527 21 0 158 0 0 839 0 0 410 188 0 620 588 0 753 346 715 568 127 595 680 408 0 770 287 661 0 962 668 212 772 946 695 949 0 125 400 228 371 788 347 883 0 335 243 151 642 621 113 445 99 120 207 713 0 847 731 288 235 546 522 0 94 209 839 28 258 0 214 
839 626 440 428 875 584 0 820 0 843 0 479 60 0 546 0 840 0 630 595 461 310 532 374 447 173 829 764 686 928 0 0 0 723 0 745 46 265 843 715 606 700 0 33 0 358 680 173 0 197 713 444 37 693 496 352 251 0 692 546 184 951 296 827 975 89 799 20 369 185 918 0 0 61 0 586 0 0 848 948 191 490 470 278 0 0 0 778 356 600 960 0 968 0 674 0 478 142 525 501 206 894 976 217 345 292 0 496 412 0 261 701 278 457 0 120 208 0 65 120 20 0 806 684 410 0 0 55 43 940 62 486 790 27 0 153 51 824 0 58 577 660 730 0 0 983 0 0 0 171 127 0 668 688 364 954 89 886 678 601 672 719 931 593 728 508 714 341 184 403 882 165 0 720 638 552 0 609 244 99 354 76 683 0 717 0 270 759 0 10 0 157 716 815 419 201 0 873 831 925 0 646 750 382 286 518 466 96 0 160 0 0 637 100 0 0 641 97 622 441 0 879 182 972 0 0 864 138 791 0 451 620 0 71 864 172 582 126 0 509 732 396 948 567 475 279 0 0 578 0 975 463 0 792 688 728 0 211 522 95 0 0 486 0 306 996 345 63 755 485 207 811 485 897 697 587 118 262 982 779 27 0 213 905 383 585 6 0 0 259 153 977 0 530 788 0 139 662 0 917 947 
368 668 209 85 991 876 0 875 843 0 993 62 558 230 60 754 167 367 959 676 489 79 186 582 765 679 795 226 22 0 263 843 0 596 626 671 952 0 408 0 810 781 529 193 787 838 448 0 0 633 0 0 119 897 160 893 256 270 120 366 0 0 375 577 335 371 588 176 159 719 292 740 0 129 126 87 0 432 958 220 56 9 254 703 427 637 530 705 311 0 84 0 0 0 0 306 70 814 401 876 0 29 770 932 686 529 229 855 478 0 0 395 948 284 0 59 475 629 828 236 245 158 0 897 475 678 305 702 929 605 275 65 862 0 153 961 71 220 933 903 124 0 0 339 140 445 0 0 0 157 213 0 574 16 498 0 555 648 75 852 613 950 0 0 719 426 0 365 574 0 404 0 0 198 460 795 830 755 111 102 911 281 0 0 0 904 397 158 226 691 168 844 714 0 201 422 175 318 459 0 27 0 345 155 77 308 308 172 153 633 894 757 28 0 918 762 0 794 405 0 313 0 227 365 44 706 0 879 139 274 0 879 894 0 217 716 0 360 874 0 73 912 0 84 890 856 842 0 201 0 196 909 0 0 998 939 0 425 46 58 846 0 0 55 313 486 917 895 168 0 0 0 532 663 187 0 983 371 228 0 70 187 0 0 0 999 0 661 628 688 819 93 461 340 731 527 811 253 632 431 0 
0 123 410 574 219 593 857 861 0 993 0 0 0 82 513 0 0 146 599 331 596 904 698 534 414 170 498 942 675 965 728 786 990 861 984 427 0 797 855 902 43 108 0 149 617 432 474 0 0 0 764 384 176 0 642 0 123 0 0 192 432 122 580 825 0 173 401 687 635 963 104 0 489 0 268 0 39 0 918 85 955 264 0 0 706 807 478 722 147 394 518 0 620 458 222 908 958 297 44 0 209 0 778 0 695 0 812 324 0 441 0 441 248 0 71 427 0 831 252 911 439 425 411 0 945 22 183 282 415 0 235 226 212 413 519 256 0 0 142 798 485 887 151 278 0 71 426 594 224 375 371 870 338 14 458 812 972 239 300 673 137 431 44 780 0 541 0 761 0 335 964 149 913 943 0 0 413 745 215 982 42 763 765 0 52 0 78 149 787 439 502 697 0 0 792 457 787 906 236 0 0 668 950 0 0 847 658 162 37 746 318 678 0 335 609 421 49 281 911 15 0 0 121 849 639 171 488 274 907 491 601 12 974 0 814 894 856 0 1 116 0 599 0 489 110 0 653 995 0 0 936 706 0 0 417 259 482 0 554 99 0 0 391 308 639 570 0 415 0 0 431 0 598 197 0 739 560 449 694 831 0 222 276 194 0 703 0 771 265 484 0 617 0 812 359 129 0 657 766 0 527 
0 211 418 592 0 796 145 617 479 62 0 0 0 156 23 439 0 783 144 914 575 405 0 0 474 2 0 919 0 202 0 731 945 0 0 0 0 617 752 436 0 608 799 240 788 0 0 0 167 33 900 0 47 540 0 452 0 363 0 64 188 115 0 760 558 446 0 0 670 819 330 400 739 0 702 957 0 981 181 464 141 443 736 715 665 897 0 204 129 858 400 404 0 808 525 926 10 0 682 278 749 61 0 684 688 379 827 0 0 967 488 563 0 144 96 713 299 585 280 577 175 874 938 648 194 882 963 695 337 518 74 38 74 891 439 526 697 0 682 0 951 415 808 465 277 236 311 274 418 0 0 0 342 818 356 461 0 330 0 867 615 547 772 173 930 160 405 0 238 0 893 0 630 0 0 752 0 970 288 830 0 833 238 176 0 0 270 465 284 0 292 765 0 0 341 286 697 305 974 568 0 0 652 625 0 0 235 74 48 0 0 118 905 299 0 0 0 590 897 760 874 427 240 506 486 360 0 0 573 643 733 402 241 0 0 898 535 0 187 565 375 342 288 0 0 941 0 15 684 918 0 659 205 14 207 714 296 0 0 0 959 0 0 537 574 0 9 0 297 206 0 637 0 701 670 42 414 904 194 922 117 407 128 538 557 851 0 808 907 0 0 539 0 69 452 318 529 70 217 256 285 
586 0 398 857 725 244 319 0 60 558 0 0 0 902 2 155 440 767 202 763 81 710 736 546 0 0 737 466 853 674 726 735 277 326 958 0 0 242 0 494 885 0 417 0 0 975 0 256 717 16 843 932 0 517 0 363 0 0 600 830 0 49 783 161 626 0 160 225 895 191 30 327 535 344 335 0 0 242 317 0 0 0 372 422 488 16 373 0 228 299 750 733 889 3 861 669 0 886 0 969 0 812 0 0 718 799 455 284 0 0 702 695 0 423 658 941 529 0 630 580 912 202 0 665 66 966 88 746 0 133 662 76 0 817 710 765 0 196 667 216 191 19 651 0 359 298 316 975 840 914 754 20 603 13 20 530 0 623 195 185 176 309 134 696 604 0 804 0 842 920 0 0 725 930 415 461 445 0 467 725 54 453 0 145 482 224 0 345 0 250 0 901 0 852 320 0 66 0 408 305 947 139 0 550 970 537 0 372 379 6 905 0 0 837 978 616 515 933 0 661 997 952 0 289 0 57 747 0 870 119 850 658 337 0 939 552 710 497 810 494 270 978 714 523 733 918 435 23 619 978 511 657 0 198 385 866 448 595 904 0 609 0 0 210 786 0 129 0 971 159 0 516 516 188 878 0 634 195 224 298 0 0 309 424 0 329 447 903 954 571 687 0 433 805 712 0 0 826 676 962 0 
253 680 433 0 142 0 924 0 0 230 82 156 902 0 592 248 302 703 171 557 0 958 896 560 313 815 743 565 28 98 625 0 297 718 533 837 478 444 853 212 0 781 0 118 538 347 0 834 0 835 374 133 0 680 0 238 0 445 513 342 909 181 458 772 960 0 29 43 0 201 269 0 797 112 0 833 764 810 117 175 0 327 22 323 676 530 0 0 885 658 0 155 801 817 488 402 739 479 846 952 127 991 98 967 0 57 0 736 185 0 201 489 843 0 819 430 38 0 0 932 0 181 109 323 83 654 291 179 443 726 97 533 255 0 283 546 390 175 9 544 342 988 435 955 0 0 877 0 28 275 0 105 547 112 677 181 0 849 747 231 338 491 0 355 221 0 354 883 806 862 0 225 895 0 0 504 109 247 506 950 842 724 0 881 282 456 76 0 0 969 188 68 364 67 867 409 0 62 142 598 666 0 0 262 0 565 0 0 113 662 538 126 138 847 190 0 328 704 0 718 388 769 721 0 795 698 386 937 0 741 169 813 753 799 173 284 341 118 351 73 278 463 19 0 491 296 632 994 983 915 0 899 229 288 446 0 58 531 0 632 120 44 604 855 0 0 38 449 227 572 51 758 0 161 606 0 430 293 356 0 138 234 692 517 615 550 161 983 0 543 482 481 905 242 411 49 0 609 0 536 674 
839 320 0 0 239 138 0 9 546 60 513 23 2 592 0 0 561 779 0 512 0 439 777 882 922 0 0 0 0 629 6 0 101 234 390 386 216 708 0 988 286 589 0 969 0 161 366 614 178 583 797 0 0 0 568 0 248 307 563 169 439 223 43 445 0 121 0 405 0 934 717 590 410 75 700 718 718 0 250 112 982 299 408 295 767 988 68 0 899 0 0 59 737 0 0 0 0 528 90 587 324 183 605 769 192 464 263 0 0 666 990 507 428 796 729 0 279 165 944 11 314 934 0 67 251 449 969 625 473 491 725 364 220 303 149 0 383 736 646 722 15 663 339 1 0 451 731 737 0 8 257 372 0 884 643 89 969 114 557 325 357 140 354 655 0 0 740 169 428 29 543 0 553 659 761 15 481 638 967 995 245 0 0 12 978 674 871 622 722 0 0 381 633 781 0 0 611 123 438 28 235 113 425 859 715 954 157 863 0 987 311 470 0 0 0 194 0 706 0 136 357 589 911 0 615 0 420 0 295 0 375 627 0 0 328 0 32 0 649 381 578 234 53 132 958 0 262 857 242 0 767 450 649 213 0 0 281 735 0 0 0 936 0 379 0 23 797 663 128 0 859 814 0 504 76 0 86 899 354 0 0 500 11 0 0 0 920 287 846 460 0 908 0 150 0 256 688 0 226 190 0 
0 823 605 0 799 591 325 517 0 754 0 439 155 248 0 0 646 0 707 800 0 0 238 629 151 0 0 889 412 381 844 0 7 609 942 172 90 0 305 47 979 259 612 0 232 0 307 519 945 438 518 0 317 318 95 0 323 0 417 282 96 227 763 36 0 257 509 671 462 0 0 134 0 0 0 885 0 17 0 169 923 644 801 173 70 0 0 111 779 818 43 0 0 554 45 447 0 141 0 145 220 926 539 439 516 170 953 0 311 0 829 0 396 268 286 858 0 261 503 402 363 380 922 0 249 429 572 520 446 898 0 0 0 0 0 758 139 628 533 731 199 412 299 693 872 0 845 0 705 754 885 951 974 888 104 94 661 862 0 655 0 835 599 0 990 117 0 618 957 0 710 348 270 497 436 724 208 0 206 84 0 0 522 147 198 0 44 898 364 445 0 0 890 726 0 263 928 0 400 104 993 638 508 0 0 661 241 303 214 403 0 833 0 377 690 233 322 524 128 861 29 134 706 255 36 651 977 554 936 0 839 646 60 898 0 0 535 0 325 0 867 65 115 191 170 536 823 868 261 171 969 376 130 337 816 395 768 599 195 672 231 567 18 496 243 998 773 655 365 971 600 0 0 45 0 190 0 448 668 560 549 0 545 618 0 0 0 878 145 3 0 0 228 768 285 742 837 489 150 0 0 
767 923 600 0 0 0 308 147 840 167 0 0 440 302 561 646 0 571 0 723 568 358 485 521 672 709 0 692 347 123 70 697 176 280 832 0 467 322 628 866 349 716 321 0 390 259 279 587 0 155 985 634 0 760 485 174 653 336 263 570 871 0 0 0 779 795 333 247 319 66 0 0 501 18 0 857 978 0 292 992 0 599 0 615 675 591 650 583 776 139 448 0 0 0 600 870 858 404 0 424 995 226 70 146 783 0 480 0 0 0 246 144 0 0 702 0 713 810 85 97 0 125 358 0 0 294 287 0 547 0 987 755 0 403 0 943 107 0 362 311 999 0 0 0 115 212 97 978 190 0 0 251 365 46 649 648 578 85 164 122 0 551 0 59 624 603 416 875 324 129 0 703 250 627 704 0 0 130 923 654 727 314 272 645 0 854 95 277 0 926 605 817 18 713 306 0 924 174 84 375 634 935 0 0 888 155 615 495 767 0 584 775 824 37 606 0 0 341 822 405 203 478 246 0 0 336 281 0 0 176 778 687 0 0 218 160 279 355 0 0 24 0 377 656 53 727 794 0 529 302 918 0 594 652 62 391 844 725 444 330 651 0 781 279 96 109 411 374 92 942 0 63 388 302 603 604 101 239 808 600 139 844 749 249 510 428 758 0 510 859 177 0 215 0 0 340 0 120 0 539 0 
774 0 645 107 486 661 548 203 0 367 146 783 767 703 779 0 571 0 355 828 647 315 0 903 59 66 979 308 303 0 626 835 89 792 0 353 251 87 835 148 751 591 0 289 290 100 96 687 413 0 939 0 322 763 918 467 651 401 300 680 406 0 0 0 626 477 0 252 321 0 476 496 890 0 129 503 688 0 939 705 754 581 635 0 0 468 710 569 5 0 492 0 576 882 592 651 200 88 72 706 0 447 521 906 36 938 520 404 538 584 933 695 388 583 0 779 0 0 0 700 91 784 319 0 881 731 460 0 702 0 529 0 0 0 0 0 860 802 429 797 405 14 959 552 673 35 0 883 0 0 902 946 0 0 0 721 779 579 11 20 25 689 0 686 98 410 545 0 607 0 356 546 0 82 979 317 0 370 268 256 569 0 0 0 794 57 806 354 998 969 158 700 591 952 0 57 442 0 103 912 0 757 77 0 955 561 668 567 119 103 766 301 2 583 0 0 705 974 0 0 651 970 544 92 441 90 275 22 0 220 543 915 0 78 948 0 0 689 673 0 182 474 0 9 0 0 110 902 603 702 0 161 0 715 632 0 157 565 819 114 0 181 291 378 269 0 7 861 0 0 666 270 409 474 140 0 0 65 113 636 0 0 496 0 222 912 0 0 136 774 988 0 412 0 376 24 0 384 890 963 0 
672 417 900 0 930 863 0 0 630 959 599 144 202 171 0 707 0 355 0 17 621 408 492 364 462 0 554 251 0 591 740 0 0 476 0 691 793 0 982 0 0 0 255 0 0 0 197 105 531 859 520 326 889 605 0 688 814 0 199 91 142 388 318 315 0 707 213 0 296 99 528 0 707 295 998 808 728 984 719 136 538 955 896 0 189 277 20 0 0 957 252 0 543 176 312 458 495 197 0 749 373 0 0 635 572 383 551 0 342 364 125 0 717 495 42 133 179 434 710 758 0 333 399 0 0 287 748 0 728 728 509 643 304 759 559 37 252 332 896 0 866 0 38 895 0 283 773 243 375 0 391 199 364 690 335 90 390 142 631 619 0 30 766 684 443 0 464 904 0 171 0 627 0 735 895 0 0 69 113 0 916 215 0 721 744 701 672 822 506 11 0 761 0 312 0 34 42 0 870 294 945 0 769 0 677 0 289 517 665 155 182 0 671 705 960 279 71 306 953 551 413 0 0 242 0 639 683 995 961 0 799 121 0 907 813 909 0 841 731 802 272 0 0 648 937 0 0 455 354 537 333 53 718 587 883 867 787 436 0 877 268 0 845 336 754 0 698 104 80 285 0 202 228 407 49 276 0 236 404 0 158 0 164 227 345 625 306 0 836 0 0 0 925 273 0 991 82 642 919 531 599 
568 153 721 63 721 0 553 103 595 676 331 914 763 557 512 800 723 828 17 0 0 0 0 0 269 0 150 12 423 469 36 0 358 838 56 333 310 0 696 369 982 204 575 438 124 490 978 0 356 0 175 762 0 0 521 287 737 0 249 542 934 0 0 839 492 0 0 19 0 324 642 978 430 0 159 0 999 11 0 990 561 0 803 257 0 0 961 568 567 906 581 0 115 151 232 613 0 0 234 967 0 620 756 637 239 866 0 0 0 214 367 479 73 580 0 153 0 322 0 0 0 154 344 91 38 121 0 498 955 610 258 849 539 503 648 916 0 553 0 316 622 0 325 139 118 821 0 0 419 847 101 814 863 84 205 0 0 0 487 0 55 695 819 493 809 54 481 119 0 0 229 572 193 168 0 879 504 0 456 430 0 0 188 0 368 0 515 0 61 616 722 0 16 110 237 0 0 720 0 794 0 0 0 0 136 983 73 737 0 495 768 0 821 265 749 222 209 855 11 217 569 573 558 171 0 894 63 996 33 51 511 0 0 858 323 0 0 943 463 0 46 162 680 940 281 517 979 224 0 335 560 440 780 0 0 0 618 251 0 0 361 464 208 816 453 901 79 713 0 363 648 118 595 767 282 510 0 583 0 354 715 508 990 806 960 0 465 515 477 960 0 103 907 0 357 808 725 518 497 608 0 
655 0 114 0 402 781 307 446 461 489 596 575 81 0 0 0 568 647 621 0 0 911 620 341 0 221 0 236 486 711 0 733 0 0 865 640 0 175 354 408 106 0 167 0 583 0 961 0 162 937 0 594 932 0 89 0 601 459 797 0 716 924 791 679 144 0 260 0 365 0 0 133 268 21 197 0 447 275 273 522 236 494 390 0 958 0 396 0 99 0 546 0 0 0 24 736 490 456 408 38 278 0 178 611 832 0 501 951 931 0 65 0 0 0 826 973 770 265 0 0 434 302 120 401 332 465 639 432 281 498 960 0 137 427 525 0 22 0 0 552 176 305 540 22 193 0 368 255 566 741 277 879 476 63 175 0 170 930 784 0 30 599 0 970 141 30 0 968 92 106 0 935 877 0 0 303 338 509 0 230 410 985 596 441 110 701 682 0 933 0 965 67 0 924 578 0 0 706 997 203 0 0 158 688 191 630 797 776 564 531 64 411 431 694 65 0 350 791 414 597 702 416 211 0 14 0 382 949 0 407 119 357 955 0 876 0 810 825 537 0 883 843 999 957 0 600 647 0 541 778 211 0 534 399 478 0 0 837 831 879 545 773 321 290 0 305 884 864 298 920 459 205 715 444 267 843 0 417 38 0 223 26 0 176 82 0 935 0 752 490 672 687 498 205 918 807 244 139 930 812 623 
63 380 0 141 269 411 0 0 310 79 904 405 710 958 439 0 358 315 408 0 911 0 511 468 662 604 480 31 840 509 0 175 420 579 717 773 597 391 48 417 344 0 774 768 660 515 190 979 0 206 0 780 859 537 0 633 250 264 501 556 676 0 160 494 400 609 0 646 217 369 362 492 906 0 643 754 0 444 0 145 99 608 0 948 0 27 245 341 77 530 641 0 236 779 284 752 821 0 69 988 0 0 66 554 986 635 837 118 661 0 61 178 505 971 842 392 93 0 0 0 479 76 0 979 516 0 0 123 922 0 580 557 858 34 0 226 31 992 945 621 882 0 0 464 697 0 532 0 351 120 159 631 740 141 168 110 796 0 0 0 678 154 860 118 534 462 0 0 944 0 565 15 238 879 516 432 160 552 837 0 0 0 461 999 970 699 698 0 629 0 0 0 437 91 661 250 0 690 53 0 0 370 0 444 0 0 0 0 737 487 628 974 820 255 583 86 0 763 334 980 232 588 355 0 0 0 516 359 257 0 135 0 353 856 875 531 624 526 633 51 707 910 242 394 0 40 753 851 0 562 240 226 612 701 0 215 0 0 492 16 0 0 881 170 0 822 980 784 341 99 0 348 321 155 682 788 0 604 0 809 535 0 908 367 873 721 0 0 370 110 7 0 572 185 675 0 0 57 822 355 0 
705 0 0 281 862 923 532 544 532 186 698 0 736 896 777 238 485 0 492 0 620 511 0 0 560 614 47 959 845 142 137 902 696 0 0 0 0 218 166 158 0 0 602 596 849 414 0 0 35 24 0 646 33 261 399 0 858 296 402 805 91 552 356 660 0 0 562 0 847 0 267 674 539 0 415 987 668 24 0 713 688 689 533 592 0 904 344 202 576 609 967 72 295 767 0 585 0 0 417 0 382 0 896 792 322 306 455 869 105 0 0 0 876 510 192 746 375 0 430 948 0 166 841 874 116 409 41 0 812 481 0 959 796 267 200 513 158 564 194 962 427 0 0 476 588 810 382 311 0 664 848 811 632 676 705 288 558 854 753 47 891 695 222 920 310 886 0 202 0 406 441 26 0 566 70 996 144 927 254 891 0 0 700 685 968 807 294 747 910 265 0 125 0 129 508 0 857 526 749 388 738 0 694 0 0 0 48 92 102 173 110 0 591 814 669 70 0 960 607 844 288 0 240 189 956 913 0 0 948 0 0 0 137 209 929 940 0 541 623 387 386 874 750 489 309 579 0 647 0 29 949 837 20 924 127 349 384 242 420 218 465 569 155 442 499 0 153 546 388 240 390 0 0 927 513 58 901 880 910 0 418 296 432 536 510 0 131 730 225 900 899 369 640 999 0 339 721 854 0 36 71 
384 226 489 374 456 384 446 0 374 582 534 0 546 560 882 629 521 903 364 0 341 468 0 0 846 695 219 685 680 0 750 905 0 575 645 226 0 116 360 961 19 738 0 124 602 720 0 0 588 0 419 361 0 276 961 223 697 138 0 2 952 926 513 401 447 541 786 0 545 554 69 0 398 279 0 706 840 414 886 924 154 632 553 200 303 98 0 0 984 85 1 757 253 749 484 983 41 0 618 993 922 398 198 898 75 499 16 0 558 153 74 160 565 0 551 0 182 731 529 766 991 0 0 976 9 335 137 0 707 269 411 92 963 500 557 623 0 30 456 829 217 395 365 672 788 694 673 264 36 0 0 985 168 0 257 877 0 849 510 0 232 865 455 0 146 600 772 449 937 624 0 565 918 311 165 555 0 147 270 75 56 269 568 871 815 45 675 803 12 0 433 648 945 494 410 413 408 317 190 0 851 0 679 633 0 661 148 278 414 804 9 40 0 0 0 869 641 448 773 923 0 0 0 199 269 507 0 692 363 83 479 806 772 709 50 561 0 783 668 0 0 580 193 0 371 0 121 374 744 281 696 971 871 111 0 697 620 0 457 857 39 756 138 0 262 528 0 436 213 63 826 54 0 0 194 780 0 748 513 369 111 0 718 50 0 600 190 765 318 825 863 95 546 520 339 838 0 0 736 451 3 
156 3 644 262 342 0 707 446 447 765 414 474 0 313 922 151 672 59 462 269 0 662 560 846 0 22 871 539 0 0 0 0 289 961 389 0 234 0 396 60 721 0 614 852 450 105 0 0 895 804 999 830 0 0 740 0 143 0 572 537 286 552 303 411 707 22 31 0 683 0 248 634 539 808 0 0 0 491 0 135 127 0 559 0 254 531 0 427 392 515 0 550 320 384 183 0 152 328 786 0 10 887 470 876 670 830 738 0 554 672 674 186 423 959 0 154 0 96 490 916 0 399 98 682 206 505 781 785 463 188 799 630 326 929 679 318 415 0 0 967 0 871 0 0 90 515 258 820 0 834 812 0 618 963 932 761 0 744 188 124 0 783 613 927 684 939 0 859 590 0 408 335 953 235 539 613 0 0 0 295 260 8 520 0 0 15 0 518 0 0 215 59 426 920 123 651 438 439 937 956 0 71 823 824 0 0 987 317 0 762 899 181 0 842 300 380 765 773 0 833 295 0 209 788 922 364 732 802 468 593 295 132 434 590 583 226 0 0 0 240 0 166 523 285 175 333 359 800 0 218 859 808 206 981 0 893 0 178 756 869 0 462 569 625 622 0 273 0 473 296 681 76 166 0 865 213 155 417 223 631 636 193 249 216 717 542 304 41 221 797 776 70 917 376 5 782 113 107 898 142 955 
548 764 0 681 673 0 180 286 173 679 170 2 0 815 0 0 709 66 0 0 221 604 614 695 22 0 0 356 743 359 0 833 147 0 969 372 674 0 500 0 0 429 711 629 0 905 443 872 437 834 0 625 595 21 924 0 0 721 539 0 169 563 126 658 0 68 126 119 0 54 544 300 669 0 0 0 708 994 346 448 881 878 267 0 856 567 239 341 0 526 208 552 567 698 0 582 287 0 206 0 660 686 0 831 768 0 86 839 142 442 662 371 30 0 799 0 281 0 353 0 0 793 962 531 0 103 694 642 0 619 16 964 299 731 585 0 317 229 232 790 208 65 176 607 0 740 802 974 0 239 0 928 394 26 0 767 0 9 0 0 0 897 566 81 355 0 502 51 767 877 254 0 890 0 1 0 844 670 263 251 579 0 421 0 323 935 256 753 369 211 964 523 932 827 0 982 979 0 0 246 0 625 372 957 433 770 463 617 331 754 800 236 67 42 0 80 342 422 0 0 665 156 578 179 0 0 862 433 0 0 547 179 405 0 731 0 0 707 0 953 854 359 881 526 152 949 0 308 183 152 832 199 0 0 338 0 372 212 734 110 434 0 990 988 0 966 157 315 893 927 51 0 144 0 0 571 431 971 45 971 20 0 0 609 0 509 618 831 0 0 751 851 916 909 294 0 208 901 996 354 919 
926 90 877 673 89 0 0 714 829 795 498 0 737 743 0 0 0 979 554 150 0 480 47 219 871 0 0 580 656 788 0 0 326 0 762 148 677 676 874 240 924 848 729 0 0 0 403 0 642 730 91 40 33 397 65 0 918 572 565 500 0 67 464 0 637 78 382 631 0 955 341 732 232 144 778 0 291 0 834 827 0 189 48 0 106 915 304 735 0 0 836 0 514 0 0 225 825 0 0 631 120 219 992 545 180 566 0 840 805 571 619 848 569 428 737 569 786 0 781 151 556 0 621 760 320 0 0 0 642 839 550 0 0 0 354 977 743 467 113 551 912 460 461 832 972 813 36 0 637 685 831 629 0 925 483 355 0 0 0 995 605 0 487 803 974 450 886 0 717 0 299 0 995 0 0 972 219 0 958 872 224 0 774 691 992 0 245 119 83 864 404 756 494 31 593 156 19 158 622 362 467 481 865 44 301 533 908 419 206 539 634 0 896 0 706 393 0 377 714 796 0 333 164 0 671 740 753 807 964 328 886 806 527 0 247 800 0 9 329 0 931 303 107 855 174 259 865 0 531 352 468 0 238 477 701 0 577 0 272 665 0 0 755 722 600 0 565 669 784 0 957 949 0 905 322 416 0 549 673 219 526 847 362 671 940 362 456 85 685 622 0 0 0 528 226 0 86 747 272 329 595 
306 384 0 147 970 20 490 791 764 226 942 919 466 565 0 889 692 308 251 12 236 31 959 685 539 356 580 0 999 407 379 142 482 305 49 0 0 421 0 457 283 702 654 557 429 754 256 453 19 961 0 544 0 635 283 475 735 425 0 530 196 688 0 984 10 527 900 0 178 727 795 0 402 8 476 374 49 679 0 923 867 0 172 0 0 23 322 729 130 773 934 810 645 0 82 842 125 808 0 775 0 384 521 720 376 753 487 172 55 393 549 925 889 197 512 723 0 839 509 201 560 450 870 112 313 24 423 561 0 13 464 671 596 20 30 0 901 0 28 121 784 0 0 963 79 0 177 484 425 364 220 105 0 609 659 556 0 718 212 994 56 273 899 549 0 0 759 234 0 0 598 959 810 42 0 1 0 0 536 281 442 734 0 486 955 0 56 0 783 935 0 0 608 511 676 120 136 787 341 277 0 386 0 497 805 754 0 507 278 0 243 868 0 985 631 653 48 676 597 176 536 0 992 873 0 735 0 0 720 0 756 802 725 792 270 837 573 833 523 200 770 0 0 299 0 0 214 325 924 687 233 375 0 702 826 663 306 776 237 0 440 53 741 147 684 0 99 382 723 982 210 904 287 223 817 447 0 106 0 33 586 262 171 0 0 786 688 0 293 109 0 815 0 563 166 745 155 0 493 251 81 
739 0 0 0 0 377 881 298 686 22 675 0 853 28 0 412 347 303 0 423 486 840 845 680 0 743 656 999 0 427 768 918 0 210 220 0 635 304 724 703 971 709 784 100 796 0 460 691 0 122 697 833 0 786 418 661 0 917 131 804 160 237 883 575 537 0 721 0 598 342 547 735 831 818 579 987 962 651 109 0 424 644 972 481 738 855 413 563 486 0 0 399 488 672 856 414 487 0 250 664 0 258 0 543 832 570 637 157 613 421 0 846 0 0 905 139 651 105 613 459 0 898 926 806 0 499 58 0 589 100 0 947 915 0 676 785 0 768 465 0 565 0 30 972 919 873 592 0 486 266 0 594 984 0 0 0 820 149 0 880 733 425 0 160 0 736 458 753 0 0 0 232 732 337 0 0 208 592 450 259 0 117 541 112 409 451 0 648 118 0 629 184 517 0 592 669 0 113 750 985 941 240 0 184 891 629 292 225 491 928 921 562 97 187 449 798 345 690 455 226 0 973 78 824 440 914 119 198 615 0 248 135 398 0 151 0 903 30 292 213 388 0 497 474 383 104 742 0 206 239 445 262 828 436 0 205 156 659 766 0 841 80 31 0 665 81 430 391 699 792 0 406 670 0 741 897 503 194 0 849 0 651 492 0 823 175 558 40 744 0 0 0 937 235 455 334 646 671 822 70 761 
257 0 247 118 284 830 2 368 928 0 965 202 674 98 629 381 123 0 591 469 711 509 142 0 0 359 788 407 427 0 0 0 822 0 591 800 285 0 215 0 312 994 0 0 987 0 229 482 402 973 699 959 103 173 667 988 0 790 0 900 745 950 838 291 195 876 416 916 913 558 273 272 631 88 80 0 0 854 545 388 4 481 260 958 0 55 241 816 801 0 428 0 391 109 151 968 540 895 0 904 917 338 650 586 174 798 205 545 0 836 754 542 629 434 634 343 418 0 0 974 242 0 621 544 47 391 0 929 154 250 161 524 732 159 695 0 926 0 23 978 707 107 360 711 630 0 936 578 639 903 175 0 732 561 25 387 694 0 190 302 0 12 618 561 187 0 439 0 534 0 211 701 933 0 0 0 270 309 335 869 41 831 722 691 858 250 0 998 493 0 0 0 0 444 71 625 0 191 0 563 940 310 0 628 102 502 99 613 761 128 968 624 217 0 23 0 0 128 0 0 440 595 579 36 360 0 991 996 47 112 18 38 0 897 0 0 725 823 0 684 188 941 0 0 0 153 460 948 685 910 707 164 0 0 905 0 92 192 0 0 0 0 844 473 0 186 0 50 370 496 716 0 909 377 375 171 827 301 4 0 110 597 0 165 166 250 453 717 556 803 305 815 770 0 57 938 542 817 418 564 650 
368 928 367 365 812 232 166 706 0 263 728 0 726 625 6 844 70 626 740 36 0 0 137 750 0 0 0 379 768 0 0 364 407 499 149 601 0 0 0 0 182 0 0 0 14 646 0 0 624 714 0 0 469 0 575 344 342 185 373 800 0 504 0 0 832 0 57 59 150 602 200 301 582 0 0 131 487 0 750 813 0 0 347 0 0 543 105 621 625 77 539 442 811 573 0 497 574 0 0 847 822 0 560 0 0 9 18 70 681 60 0 196 886 422 141 785 879 37 0 239 414 0 176 330 535 273 0 704 907 0 0 0 395 0 828 39 21 676 77 0 243 730 0 899 157 494 484 157 282 33 937 582 684 929 715 0 279 0 0 0 41 363 295 613 747 555 648 964 954 332 848 795 770 0 780 117 794 899 490 0 610 92 999 0 637 352 228 636 929 169 815 0 768 871 0 714 936 260 803 42 455 490 0 0 112 275 261 765 913 229 0 500 0 501 90 709 0 0 0 0 458 307 6 640 0 820 520 406 612 220 361 349 426 700 964 0 0 0 0 0 0 176 0 207 417 584 101 168 416 963 185 0 0 406 318 192 0 550 0 881 477 770 0 518 0 997 634 644 631 31 702 679 646 949 0 0 618 894 0 0 198 934 703 0 520 779 437 140 349 0 163 254 805 881 0 25 570 693 0 0 986 
603 0 0 419 916 944 0 219 0 843 786 731 735 0 0 0 697 835 0 0 733 175 902 905 0 833 0 142 918 0 364 0 564 492 222 0 945 0 100 709 0 760 460 800 734 710 477 0 701 0 0 470 700 479 307 637 158 722 845 217 176 0 768 288 559 332 0 552 799 125 564 346 908 619 0 713 0 770 935 324 184 61 12 834 632 0 0 282 492 890 0 421 486 77 0 409 974 0 883 631 896 145 957 0 519 73 251 569 802 799 65 37 702 406 411 517 59 0 0 901 293 218 893 910 10 0 652 257 946 382 0 250 12 554 0 763 241 794 0 224 581 634 903 610 0 512 189 959 709 530 991 0 468 673 523 563 688 728 69 238 974 561 262 67 0 857 782 104 0 0 889 754 240 32 0 683 922 0 596 362 37 712 805 771 375 0 387 973 538 962 323 0 156 204 0 0 0 102 0 67 335 816 353 691 0 269 253 840 0 555 0 0 0 0 611 330 0 868 136 141 0 0 120 663 0 239 705 506 357 715 634 737 836 0 92 460 522 0 556 289 32 0 556 142 974 612 0 835 954 0 972 305 202 737 0 0 296 510 783 464 720 0 429 485 0 980 0 916 0 0 780 0 353 354 0 418 677 0 685 433 0 0 196 0 796 907 312 357 0 907 424 844 0 63 445 586 177 739 187 883 104 
301 956 0 390 73 0 211 647 0 0 990 945 277 297 101 7 176 89 0 358 0 420 696 0 289 147 326 482 0 822 407 564 0 494 710 660 404 812 28 0 802 13 838 970 656 496 0 900 0 39 0 34 643 986 0 526 0 0 878 0 0 468 450 670 90 0 66 451 0 729 0 414 0 751 848 473 248 11 340 0 0 0 0 0 700 867 716 0 0 0 704 467 246 798 879 158 319 0 0 0 0 0 905 0 18 598 154 565 607 396 0 0 964 642 636 0 932 0 790 0 512 75 45 753 451 688 115 415 366 101 0 483 881 200 342 894 0 593 0 898 856 465 643 123 109 394 289 0 14 672 536 732 698 0 865 987 0 841 0 702 0 43 680 0 456 588 621 862 596 0 0 595 0 104 304 44 0 0 911 325 552 381 404 921 0 976 330 0 295 456 67 104 681 0 679 821 371 0 753 340 406 0 0 792 214 222 224 198 486 23 341 0 492 102 67 324 735 0 0 396 0 0 889 537 915 216 605 379 611 791 583 854 933 343 306 718 285 910 141 465 923 569 885 194 157 337 348 0 552 0 549 826 485 534 19 349 0 94 0 736 0 89 0 344 347 234 951 927 767 488 353 771 0 223 817 389 0 257 757 492 158 458 687 0 903 0 11 367 570 382 523 338 221 537 549 948 49 483 252 0 159 
881 0 202 135 0 0 780 0 723 596 861 0 326 718 234 609 280 792 476 838 0 579 0 575 961 0 0 305 210 0 499 492 494 0 41 531 881 706 811 473 492 733 718 799 728 0 0 355 711 0 699 274 916 345 614 539 18 0 346 756 285 898 224 287 305 0 0 900 240 0 749 361 0 0 627 378 159 453 676 0 0 750 0 761 0 717 394 276 663 399 761 345 160 113 856 401 955 681 503 254 129 0 427 828 881 774 837 394 0 0 518 440 800 183 0 0 835 83 740 170 722 7 569 30 128 384 158 859 589 220 383 828 60 17 0 402 0 664 596 265 222 193 173 0 0 0 491 0 0 332 852 139 0 716 408 0 68 633 161 80 412 0 484 765 644 0 0 693 234 0 371 537 485 0 671 765 908 0 460 632 86 0 119 256 158 693 781 163 518 0 775 0 547 0 0 366 953 948 650 65 830 955 708 363 0 796 0 359 393 148 589 952 392 223 0 0 590 0 219 234 333 891 460 0 767 676 2 704 260 169 946 0 0 848 0 143 0 0 807 472 176 784 632 253 196 990 0 0 734 0 0 296 427 85 0 0 844 89 0 481 0 375 840 79 74 639 150 406 0 0 824 666 75 197 898 457 0 146 119 0 828 0 111 378 692 996 897 396 231 0 950 616 18 368 511 61 0 0 0 0 534 
161 226 487 0 368 303 375 0 0 626 984 0 958 533 390 942 832 0 0 56 865 717 0 645 389 969 762 49 220 591 149 222 710 41 0 845 231 0 841 0 48 161 480 0 292 559 735 239 739 734 852 647 683 0 0 231 0 792 299 992 443 157 497 642 624 522 986 31 0 591 0 507 761 878 494 0 0 59 65 0 18 0 0 170 0 0 811 916 936 0 0 589 952 0 100 0 285 513 796 569 457 0 880 274 0 28 488 539 787 930 147 230 802 655 803 969 5 833 0 550 0 348 0 224 0 116 229 38 35 702 346 993 0 0 562 229 0 916 0 0 789 905 459 475 0 721 652 813 0 404 0 532 186 926 0 214 218 0 828 0 586 0 0 0 377 488 370 391 939 471 751 24 806 0 790 0 915 122 81 523 255 230 192 411 0 586 0 168 736 968 497 0 489 396 57 609 0 0 0 0 349 0 241 59 189 0 74 0 711 622 0 875 234 903 0 752 0 873 309 0 546 174 369 0 0 0 210 654 542 460 601 0 865 543 250 269 245 179 25 663 375 215 251 313 0 0 66 0 317 358 326 765 14 971 0 998 38 835 915 29 0 573 39 981 270 551 90 712 0 249 300 576 505 0 85 0 230 0 548 883 503 300 210 801 694 954 959 654 733 47 4 693 79 151 276 468 360 560 79 266 23 
307 44 435 506 732 927 774 847 745 671 427 0 0 837 386 172 0 353 691 333 640 773 0 226 0 372 148 0 0 800 601 0 660 531 845 0 654 308 0 650 0 585 452 897 0 0 137 0 612 560 364 792 157 614 707 0 240 0 0 146 61 912 0 251 32 581 897 540 96 0 906 540 910 0 739 0 299 829 297 955 424 0 354 349 771 164 571 196 222 713 345 0 616 651 0 781 787 921 0 461 730 233 0 238 952 0 365 510 596 614 0 0 849 330 729 950 537 656 872 591 372 0 674 616 0 478 939 0 333 0 82 255 548 26 0 0 176 748 355 298 491 0 815 493 305 567 35 0 491 193 639 121 776 0 90 0 0 37 921 343 683 276 833 152 585 228 0 812 743 372 741 0 166 732 891 99 665 440 0 283 720 9 267 349 596 71 370 0 633 177 260 916 0 0 0 115 76 628 0 820 538 0 378 0 979 256 74 821 204 112 769 0 836 543 0 983 774 0 737 0 232 263 767 934 330 154 311 0 0 0 383 0 66 805 0 0 0 873 0 449 0 268 0 416 244 0 998 0 726 0 635 195 57 622 971 17 202 24 159 375 0 810 603 399 805 56 660 0 67 305 630 998 144 0 0 558 0 0 573 0 823 336 799 404 968 0 407 951 730 0 222 913 0 980 0 366 882 821 152 258 0 
649 0 730 0 265 21 48 0 46 952 0 0 0 478 216 90 467 251 793 310 0 597 0 0 234 674 677 0 635 285 0 945 404 881 231 654 0 580 298 236 618 119 686 0 76 413 309 283 752 157 991 826 836 0 955 656 716 554 70 327 128 0 578 388 667 653 253 0 0 478 152 0 859 0 0 14 135 420 0 449 0 455 0 0 90 764 932 575 404 942 0 922 940 84 568 548 0 0 891 0 768 152 0 955 738 89 0 0 0 587 434 418 91 0 0 852 445 991 633 498 0 0 243 895 0 38 0 384 633 545 336 532 0 518 268 841 988 0 446 932 545 0 740 595 604 0 0 0 0 654 628 745 180 474 0 357 0 703 0 213 350 342 32 689 914 568 0 0 0 320 245 757 794 478 32 0 76 0 612 0 0 972 55 798 71 989 0 634 0 460 760 392 998 466 623 0 387 0 881 747 0 327 96 0 0 866 282 368 0 491 555 0 0 603 0 554 0 0 497 0 0 205 712 0 5 0 372 0 0 541 126 795 0 979 18 202 387 491 303 233 0 752 0 36 893 792 427 383 726 0 0 407 957 340 753 541 231 0 484 807 860 0 403 737 791 0 0 393 0 0 628 0 508 250 0 82 600 818 360 0 818 941 503 0 246 356 463 661 687 0 377 570 127 782 180 719 412 0 0 893 527 
825 321 160 854 93 92 442 0 265 0 797 617 242 444 708 0 322 87 0 0 175 391 218 116 0 0 676 421 304 0 0 0 812 706 0 308 580 0 877 13 0 997 802 569 880 0 0 246 0 22 0 379 396 194 0 747 0 318 0 0 0 934 155 306 975 95 951 561 617 541 258 920 0 0 435 452 777 525 224 0 0 961 0 0 875 0 143 880 623 362 897 449 0 157 74 796 0 0 345 601 792 0 3 0 762 244 410 621 577 412 901 0 593 253 138 714 352 813 0 693 523 0 0 0 28 52 41 829 682 0 372 713 0 986 950 640 996 837 983 142 518 15 0 0 374 444 448 19 371 458 311 20 773 591 22 0 211 678 0 841 523 536 14 686 755 390 83 125 837 754 119 494 940 0 654 289 911 73 0 287 668 0 986 161 187 0 919 265 211 75 352 294 874 0 747 607 189 0 75 617 486 0 415 0 0 994 847 931 0 159 0 830 0 598 150 571 893 0 258 140 226 992 125 688 0 689 709 357 264 0 0 749 0 0 0 936 299 356 452 0 344 0 329 318 0 94 111 488 804 253 848 3 0 0 963 224 780 0 804 0 235 98 0 379 0 281 542 41 906 915 220 339 0 875 375 524 547 900 736 774 116 981 0 958 798 523 0 785 669 0 337 0 519 202 39 989 0 273 63 892 0 
