0 453 603 23 0 787 261 973 892 0 0 994 0 0 828 587 751 468 502 244 0 0 0 84 205 0 404 0 199 178 0 963 947 739 0 956 949 435 262 312 328 843 542 0 807 212 781 0 209 713 0 444 451 0 458 612 0 0 227 741 355 929 658 624 247 281 0 0 686 243 689 616 0 344 319 0 0 594 640 189 481 0 899 0 0 93 859 561 361 0 797 213 769 850 497 87 677 151 12 0 600 738 0 652 0 313 848 401 962 0 682 0 663 789 336 0 188 0 0 390 346 658 152 0 92 924 574 145 126 928 96 0 51 450 993 873 639 78 198 925 851 0 392 0 0 137 341 30 0 0 949 0 809 482 912 0 726 273 296 739 519 0 566 246 978 0 823 271 926 892 550 387 0 166 501 0 252 686 976 481 907 0 0 832 835 333 221 367 0 0 796 966 557 920 0 701 
453 0 297 906 0 933 431 0 566 55 0 0 647 959 965 0 0 692 769 893 849 0 353 878 424 190 194 277 190 567 514 848 0 325 760 971 239 280 755 691 746 951 147 460 789 0 231 0 751 159 375 968 0 213 214 178 857 884 96 489 0 320 255 80 0 810 978 0 421 216 860 471 0 0 15 239 270 217 193 519 522 372 0 258 0 118 26 129 0 554 959 792 164 323 0 301 386 14 0 0 0 0 710 416 266 812 0 154 946 954 0 51 675 401 16 154 0 0 779 610 486 629 731 184 0 996 0 607 0 835 0 0 441 70 614 965 0 0 0 0 396 132 0 0 318 54 598 391 168 71 0 677 564 611 149 0 912 88 208 0 874 906 506 586 127 639 0 599 0 23 842 557 0 68 0 617 0 0 391 297 0 706 0 791 843 554 985 694 0 0 0 0 369 647 0 646 
603 297 0 907 834 889 0 52 980 0 0 0 129 0 668 0 426 313 896 458 151 0 331 308 0 676 725 571 0 400 68 0 681 185 461 0 697 232 498 153 879 320 899 602 763 331 319 45 937 14 204 454 0 391 635 179 54 265 480 238 455 850 969 0 0 840 403 345 327 0 723 926 0 0 857 377 571 976 156 0 303 431 627 964 944 279 487 572 359 447 349 0 521 393 231 296 0 765 0 154 0 147 934 607 229 139 318 401 127 500 151 621 840 773 874 534 0 0 950 954 92 890 990 216 211 0 0 427 0 573 499 503 381 122 801 185 567 706 80 50 0 237 213 963 0 835 354 128 89 999 476 880 477 176 370 918 0 872 0 678 798 509 395 955 600 0 676 971 906 0 586 285 267 0 683 0 685 135 106 613 449 419 670 460 805 764 123 348 0 244 513 0 853 866 750 658 
23 906 907 0 0 252 681 498 916 0 0 910 926 863 524 0 960 0 429 991 627 8 254 18 442 246 684 420 969 806 0 494 105 628 867 0 282 0 945 94 12 873 138 694 0 278 977 82 164 0 0 403 515 322 659 697 25 126 338 661 351 440 8 517 649 32 109 0 432 40 608 396 0 855 837 801 255 0 0 318 0 620 0 22 404 215 235 70 839 316 134 535 389 0 0 783 562 560 411 0 969 832 0 764 261 204 0 786 0 850 990 176 120 618 972 378 274 869 140 781 0 960 0 141 0 0 193 141 807 0 71 822 692 861 344 61 521 0 10 959 135 523 364 301 121 0 0 0 150 0 314 781 988 0 580 0 304 0 0 451 0 7 0 597 0 0 974 0 336 818 119 760 107 0 0 99 454 529 299 297 582 353 568 964 238 0 666 242 218 0 805 68 310 885 463 828 
0 0 834 0 0 713 218 401 140 949 0 989 0 0 100 559 0 392 785 50 43 382 808 559 0 530 0 310 858 774 420 236 98 804 0 401 831 919 767 986 247 466 151 549 0 804 905 251 900 550 0 0 12 797 326 413 945 366 383 470 0 856 50 49 95 577 22 772 59 0 20 901 0 57 618 126 461 612 0 646 895 606 358 0 190 0 535 0 0 390 597 0 413 578 0 280 638 0 155 0 0 911 890 915 196 0 884 755 146 149 671 0 0 0 213 79 215 0 71 565 135 0 158 686 0 522 982 313 0 972 471 350 965 0 42 864 996 717 232 0 308 390 698 602 716 84 643 140 659 894 0 911 0 196 917 292 597 0 305 995 413 880 37 437 1 310 707 544 262 367 0 0 685 462 274 671 709 32 815 0 865 0 626 51 676 797 137 0 626 0 0 11 680 0 0 0 
787 933 889 252 713 0 0 429 151 944 142 0 529 377 0 895 627 0 550 504 942 362 0 133 709 269 0 219 0 0 0 622 102 832 339 985 408 299 867 0 5 738 619 938 891 453 856 752 291 0 411 868 77 189 165 191 0 280 567 24 143 0 685 747 280 676 813 380 734 620 780 949 561 669 0 589 143 146 0 382 17 344 0 634 0 934 0 971 617 586 3 219 797 965 586 0 538 517 0 0 413 664 869 444 271 0 0 897 416 338 170 84 0 0 159 775 692 336 0 697 168 792 663 282 0 136 134 316 0 0 0 0 762 2 947 0 428 910 913 378 828 445 615 847 434 0 149 612 0 972 516 628 0 0 281 0 13 783 777 0 785 927 993 362 590 721 825 124 458 996 734 16 0 857 0 682 0 0 534 599 289 982 0 511 555 519 0 796 338 0 285 151 206 0 961 497 
261 431 0 681 218 0 0 694 796 719 779 28 0 352 811 55 429 445 406 334 0 335 200 951 0 411 0 382 0 191 0 0 668 58 704 793 474 513 828 65 13 793 29 0 130 0 0 745 0 526 529 0 1 0 507 0 271 0 409 190 296 990 816 0 228 851 601 876 945 139 591 0 0 524 0 581 675 62 0 356 671 555 820 256 0 0 926 750 935 0 427 764 71 0 59 0 532 549 647 0 769 59 358 0 145 422 588 461 367 231 780 0 552 0 825 0 0 0 0 523 542 48 910 0 0 26 0 987 0 295 714 823 697 615 626 0 0 822 131 947 288 216 597 521 626 0 887 454 860 881 0 0 817 0 0 237 47 0 709 670 339 852 0 770 912 666 161 922 458 332 710 0 309 829 0 430 0 0 632 959 67 54 359 0 0 515 0 678 857 918 331 115 18 0 935 465 
973 0 52 498 401 429 694 0 201 707 998 868 835 240 218 0 493 0 0 712 100 262 613 42 33 235 693 0 109 868 179 152 381 94 410 446 113 202 493 696 0 173 0 678 920 160 972 227 852 299 982 0 180 90 88 578 606 0 0 455 444 216 0 393 0 187 337 0 929 165 0 212 0 229 330 851 5 705 0 671 0 187 741 504 0 588 0 0 0 0 0 836 455 0 0 920 0 394 206 851 0 0 0 797 590 505 767 168 100 0 954 990 275 534 0 218 26 152 229 75 0 732 0 0 282 0 641 176 795 275 231 93 0 214 248 110 962 379 372 847 274 581 499 819 133 15 37 931 120 905 570 0 165 824 533 225 539 456 147 117 868 0 737 976 438 304 320 995 783 750 0 358 856 0 348 0 780 100 229 0 778 0 22 0 755 411 317 0 123 826 399 573 940 411 87 278 
892 566 980 916 140 151 796 201 0 431 520 0 569 748 0 0 123 912 750 985 814 46 483 247 0 688 700 690 658 289 235 286 0 78 0 0 0 668 909 275 963 343 0 528 294 0 914 831 833 703 683 270 375 0 0 370 777 622 955 294 948 926 590 552 657 0 0 0 344 210 0 513 0 545 524 468 487 0 0 0 0 0 0 883 447 49 247 831 0 681 636 271 16 0 277 0 542 843 718 884 29 0 635 0 0 234 0 617 741 0 0 0 0 548 173 16 36 735 383 162 826 873 904 672 0 0 340 383 380 240 388 227 860 643 640 84 486 890 382 195 0 0 197 373 0 847 496 568 556 270 540 38 645 287 421 496 475 709 216 518 11 717 809 401 663 115 442 0 959 880 0 557 787 0 764 258 871 553 0 569 392 792 56 774 489 0 203 864 764 0 304 935 508 174 808 0 
0 55 0 0 949 944 719 707 431 0 121 0 677 157 134 0 140 322 483 412 419 655 276 762 288 0 38 0 563 532 630 290 155 424 0 208 573 0 445 0 0 204 136 143 179 710 843 979 759 0 571 562 304 77 520 320 696 0 865 0 634 497 678 0 395 0 938 0 16 32 0 59 298 931 0 390 828 0 0 554 135 0 905 961 865 658 0 369 884 0 301 0 115 806 963 0 501 5 995 800 665 132 0 208 335 233 578 4 708 505 0 263 0 0 1 0 646 171 0 326 0 246 74 0 0 984 0 156 0 844 430 0 877 845 311 128 52 0 814 563 741 647 617 0 509 0 176 0 251 0 33 0 855 986 568 388 566 138 840 147 743 0 580 646 420 499 0 986 0 246 800 141 651 0 978 0 485 914 403 480 684 0 12 681 0 578 182 0 903 0 318 674 177 0 230 435 
0 0 0 0 0 142 779 998 520 121 0 148 285 242 867 552 508 540 625 731 0 234 0 290 964 886 223 627 280 385 731 478 0 0 0 894 0 773 894 844 197 682 145 0 0 0 190 614 635 0 853 9 692 65 197 386 452 963 893 915 935 718 978 894 590 466 482 0 0 391 301 920 0 773 602 0 140 0 0 881 209 563 300 733 0 59 605 824 746 617 672 0 696 115 948 0 137 176 868 380 0 0 0 711 106 465 0 333 901 0 524 562 499 0 986 0 0 491 611 252 0 517 0 600 0 915 156 428 498 0 350 609 0 349 200 729 979 86 0 382 174 403 521 108 0 0 956 157 961 915 225 871 681 329 647 571 43 0 694 320 943 50 713 0 90 58 232 963 58 309 579 971 410 0 994 980 0 420 79 0 878 61 0 832 956 804 919 674 176 795 791 831 171 74 963 563 
994 0 0 910 989 0 28 868 0 0 148 0 922 366 470 299 957 458 711 130 0 583 0 0 921 646 194 788 329 941 0 925 32 0 350 0 746 0 931 47 122 0 152 430 727 468 830 368 227 311 0 735 0 0 0 232 530 0 494 285 0 175 0 0 472 28 454 0 104 153 0 354 0 0 461 467 521 899 0 0 190 0 6 639 341 0 302 783 911 750 0 212 572 801 240 488 51 672 624 737 352 281 323 927 56 533 566 0 294 65 438 994 375 558 226 402 212 258 212 0 0 579 0 0 0 836 500 335 637 0 279 675 262 376 656 163 878 456 0 0 413 171 0 781 495 954 274 856 0 616 825 976 201 829 154 308 430 0 516 9 622 467 347 173 886 233 727 346 29 904 786 0 431 546 693 98 889 311 316 0 295 61 4 698 624 85 423 837 0 0 0 312 0 522 409 420 
0 647 129 926 0 529 0 835 569 677 285 922 0 254 155 0 117 937 632 0 420 995 0 0 840 0 301 818 728 518 0 0 0 259 220 978 407 784 928 998 0 0 854 304 373 0 0 792 337 256 427 95 932 0 593 725 16 162 602 70 349 263 0 0 0 988 413 258 543 697 367 142 175 691 0 0 170 608 489 504 398 919 466 325 178 156 895 90 702 0 292 126 648 432 573 498 0 855 17 883 205 567 268 0 0 394 502 573 157 516 895 856 386 287 407 457 875 214 755 801 634 120 598 733 598 162 0 0 723 776 950 720 0 593 831 0 34 0 0 708 625 0 166 0 394 791 613 123 777 483 429 371 744 536 349 0 534 0 576 128 0 0 0 616 0 0 734 979 12 0 254 633 979 0 804 859 871 300 742 0 0 0 0 296 0 126 158 279 240 462 0 148 0 569 439 447 
0 959 0 863 0 377 352 240 748 157 242 366 254 0 618 473 944 0 163 428 534 0 825 0 513 871 0 762 167 886 0 421 0 313 0 715 828 740 0 474 234 145 980 514 247 240 0 195 304 0 0 331 0 0 30 0 748 478 105 711 727 0 884 422 924 931 0 269 29 525 307 641 689 124 197 405 683 867 722 32 0 296 180 321 359 526 771 551 0 0 0 0 26 902 0 706 249 692 592 71 906 960 0 20 0 746 0 0 362 0 0 576 0 423 108 972 279 353 433 897 941 250 0 849 0 811 0 885 5 976 0 0 0 582 991 769 795 766 913 853 0 0 179 124 316 97 537 133 933 0 0 31 455 0 897 668 494 0 939 260 756 286 0 0 280 356 994 197 980 804 0 0 909 0 699 373 608 166 167 216 12 0 417 0 28 0 259 889 315 854 944 238 0 629 521 591 
828 965 668 524 100 0 811 218 0 134 867 470 155 618 0 0 0 848 740 279 178 625 792 345 122 28 984 949 0 71 0 581 818 0 601 0 528 305 799 0 894 234 3 95 167 8 66 544 0 0 140 0 0 61 635 970 448 0 476 661 0 0 129 297 191 732 0 977 0 0 224 788 0 393 818 0 0 287 911 742 425 172 25 815 0 615 976 205 8 514 0 477 0 385 688 0 230 590 0 0 531 0 25 58 964 294 383 397 263 247 589 0 50 628 818 0 0 545 0 0 65 462 0 238 0 103 453 853 52 818 414 981 737 0 0 524 0 728 541 608 536 920 876 0 71 0 64 0 0 537 863 0 606 0 0 142 878 958 0 0 216 0 957 176 61 0 618 412 734 436 0 150 459 86 680 0 982 375 0 77 720 17 10 0 726 580 0 535 830 0 503 0 0 0 343 832 
587 0 0 0 559 895 55 0 0 0 552 299 0 473 0 0 152 0 208 455 0 0 0 0 0 442 790 0 0 787 36 664 690 525 268 0 0 723 526 179 886 811 662 123 0 886 890 138 13 371 0 754 0 253 616 0 950 72 0 0 710 56 0 500 877 80 983 435 0 366 275 809 158 330 578 0 524 395 434 0 258 708 990 839 431 889 791 439 453 792 850 0 0 967 635 842 274 131 437 790 75 832 48 45 136 0 20 41 25 91 174 0 966 354 0 0 195 944 685 347 736 678 377 365 675 391 672 893 998 820 546 0 131 909 501 242 201 888 0 0 104 529 853 73 715 0 783 0 854 515 0 0 409 635 302 133 733 777 118 251 11 693 552 0 145 613 633 531 0 373 993 822 237 449 685 888 562 64 747 751 890 506 822 0 0 964 763 12 989 0 371 0 457 466 447 525 
751 0 426 960 0 627 429 493 123 140 508 957 117 944 0 152 0 811 529 328 0 411 0 880 453 807 576 496 832 898 848 61 487 887 0 43 266 526 464 889 350 562 593 0 508 0 287 200 195 552 0 0 960 335 721 925 674 631 0 734 732 998 46 0 171 186 166 154 0 536 0 593 109 582 0 296 0 860 902 170 0 846 152 95 270 96 747 40 238 0 731 0 486 436 167 149 404 580 368 710 938 0 0 317 419 956 0 744 0 0 189 358 392 583 67 0 259 0 0 254 529 140 0 719 374 0 257 292 118 690 206 69 801 563 284 0 0 541 513 0 0 329 0 561 799 0 989 723 860 0 21 716 741 0 347 248 706 0 539 406 0 652 545 0 466 579 531 30 0 451 272 0 421 658 245 758 0 916 290 1 777 0 125 941 100 189 346 241 0 664 0 236 929 785 0 174 
468 692 313 0 392 0 445 0 912 322 540 458 937 0 848 0 811 0 774 460 0 130 905 397 947 585 16 643 562 922 0 337 212 442 357 0 548 957 0 0 941 718 485 820 148 0 650 0 179 527 811 0 958 887 135 0 0 498 758 493 702 0 0 464 961 134 757 583 0 790 67 628 641 253 595 371 111 380 587 813 806 451 0 0 522 163 0 394 202 608 512 563 132 837 305 667 9 716 0 740 225 0 94 263 0 0 851 504 0 280 547 939 638 742 47 334 360 0 0 644 0 0 191 655 562 0 29 405 50 795 125 130 0 396 534 0 959 319 333 860 0 506 51 0 126 446 563 346 331 194 0 0 0 996 798 781 881 956 145 808 0 0 362 833 452 796 32 788 535 924 248 380 10 231 943 0 298 0 787 655 899 0 123 0 701 777 543 131 680 882 0 718 562 363 529 0 
502 769 896 429 785 550 406 0 750 483 625 711 632 163 740 208 529 774 0 701 888 38 300 741 5 851 230 282 297 674 0 184 18 887 403 140 186 224 558 822 897 0 456 890 719 435 0 0 728 195 810 361 283 306 241 0 660 844 860 0 671 220 821 0 0 420 0 0 0 30 938 0 857 536 252 169 430 497 405 48 156 554 0 540 592 687 0 618 0 0 828 589 235 552 0 952 0 581 711 462 599 294 928 0 347 261 732 275 573 0 373 855 140 0 747 529 0 303 143 422 0 591 0 689 715 456 681 175 0 556 484 872 610 504 0 704 335 839 605 0 247 40 449 0 35 995 898 922 0 153 145 878 144 385 782 710 0 230 875 309 483 164 289 208 0 100 838 30 0 593 462 228 600 523 919 509 856 699 553 0 0 629 570 562 885 844 987 306 690 517 702 774 785 187 31 833 
244 893 458 991 50 504 334 712 985 412 731 130 0 428 279 455 328 460 701 0 858 0 142 418 763 237 3 364 45 0 0 918 37 566 562 0 708 0 0 916 53 357 415 117 611 234 463 593 839 0 431 411 842 464 279 442 0 0 286 715 0 426 468 0 970 812 0 839 0 693 523 0 0 447 0 0 474 698 964 39 0 399 80 190 866 593 717 0 61 0 485 0 202 287 211 795 0 248 878 811 714 0 186 267 241 0 657 354 0 421 661 0 914 361 543 710 807 683 0 115 945 0 696 983 889 559 376 536 322 973 0 88 668 0 47 749 163 0 0 0 0 616 623 0 250 211 0 0 672 325 0 860 55 26 15 221 122 628 815 618 866 557 0 746 986 540 287 127 507 703 883 0 0 879 922 252 0 0 974 0 625 0 674 146 579 646 0 0 0 0 0 609 574 0 0 315 
0 849 151 627 43 942 0 100 814 419 0 0 420 534 178 0 0 0 888 858 0 581 759 2 0 407 23 0 164 394 255 0 0 922 732 26 18 600 66 943 87 453 762 674 833 265 320 296 586 342 230 459 431 327 315 902 775 340 847 301 382 973 541 0 146 0 820 0 216 0 729 690 310 0 89 398 816 541 0 820 417 685 0 155 0 905 394 885 992 887 97 192 0 187 138 969 0 259 486 166 412 79 0 962 617 0 576 0 997 785 450 0 718 801 297 455 0 0 0 154 677 888 0 156 881 841 111 866 697 4 397 0 468 344 0 471 182 189 812 230 0 586 21 0 0 0 722 447 0 0 646 916 0 622 883 19 532 584 0 899 525 916 732 645 290 625 621 269 980 457 0 159 339 63 0 95 0 356 0 44 0 0 0 433 841 981 194 547 88 0 0 576 927 596 0 350 
0 0 0 8 382 362 335 262 46 655 234 583 995 0 625 0 411 130 38 0 581 0 466 329 953 0 529 653 318 0 670 0 353 0 696 0 890 135 850 420 929 74 410 584 681 0 127 826 225 742 0 469 10 39 1 856 617 527 871 648 381 298 280 0 90 0 0 0 118 593 0 121 815 26 140 926 538 907 965 0 762 0 892 295 0 278 224 12 101 311 0 655 62 120 25 0 673 592 854 0 0 330 0 779 0 550 717 245 851 66 479 373 316 573 494 184 309 491 287 569 404 842 483 307 317 0 0 552 115 374 968 0 305 0 423 853 798 0 78 0 462 326 100 64 880 0 781 165 0 626 503 934 880 114 0 584 407 655 505 232 872 209 0 0 75 113 819 0 0 459 177 0 495 0 0 0 684 0 312 950 9 0 0 689 0 61 326 575 824 329 0 412 672 820 0 325 
0 353 331 254 808 0 200 613 483 276 0 0 0 825 792 0 0 905 300 142 759 466 0 0 387 578 292 119 783 0 492 259 756 581 0 389 0 796 170 222 0 0 941 0 130 790 377 958 0 682 844 160 119 430 0 769 106 867 59 0 477 561 650 0 0 0 977 0 953 421 335 194 298 116 731 0 0 0 0 213 858 0 0 0 763 0 0 224 852 0 910 831 97 268 621 442 0 165 826 430 0 768 0 546 699 0 439 0 0 0 439 401 67 404 0 92 313 690 32 86 942 69 386 752 849 0 440 82 96 0 666 482 50 23 0 802 0 0 0 861 0 8 862 210 0 570 0 691 0 510 910 647 137 0 547 0 382 0 132 457 0 444 0 704 708 820 699 0 535 0 409 636 889 308 840 596 435 562 95 0 627 246 584 865 695 792 508 498 243 944 636 0 0 953 539 0 
84 878 308 18 559 133 951 42 247 762 290 0 0 0 345 0 880 397 741 418 2 329 0 0 0 944 0 0 64 337 827 414 802 641 0 0 254 263 123 869 99 316 911 284 609 957 0 0 337 647 21 886 617 0 0 493 508 878 60 790 0 846 892 0 772 410 327 0 243 0 0 0 785 851 59 891 884 0 634 540 504 715 292 0 300 0 26 0 468 249 0 0 590 548 0 732 0 931 15 542 837 561 0 0 0 759 0 345 0 782 0 974 376 622 0 0 161 491 0 0 0 428 940 272 578 96 268 0 556 385 127 243 440 946 691 18 0 276 0 0 536 0 942 991 0 245 331 798 293 0 0 0 936 754 869 764 103 61 0 209 820 862 0 299 0 556 0 0 0 0 376 947 0 125 166 816 794 473 0 729 200 0 386 969 0 475 71 278 446 928 0 722 401 415 0 499 
205 424 0 442 0 709 0 33 0 288 964 921 840 513 122 0 453 947 5 763 0 953 387 0 0 722 0 908 0 166 480 0 225 220 752 271 276 464 777 6 775 0 195 798 701 191 590 0 0 869 0 375 993 53 0 183 539 826 617 431 788 930 869 910 415 276 249 607 193 466 564 888 54 0 891 177 532 582 0 563 0 722 184 156 52 439 345 0 622 0 630 196 0 223 483 0 87 526 880 617 999 0 498 782 0 45 0 773 458 0 0 911 496 0 573 367 597 538 503 527 436 816 878 798 166 516 0 0 0 0 636 385 852 603 529 171 42 0 0 0 0 8 10 313 895 792 502 131 918 0 203 0 0 469 0 803 654 502 773 960 395 736 0 927 410 0 0 0 0 0 936 956 439 377 0 132 0 165 892 283 726 57 70 0 902 951 677 694 398 10 485 0 0 824 690 217 
0 190 676 246 530 269 411 235 688 0 886 646 0 871 28 442 807 585 851 237 407 0 578 944 722 0 0 323 546 0 893 0 662 272 336 87 300 0 852 743 0 401 0 0 208 691 634 188 896 0 783 125 0 0 981 0 805 169 0 0 924 139 0 554 742 0 721 527 478 732 654 194 554 0 128 173 36 0 772 0 147 794 0 42 20 550 477 0 372 952 1 813 302 654 483 584 373 0 416 227 492 0 938 157 286 658 0 0 888 58 690 962 644 333 0 88 38 0 359 8 83 495 233 619 738 0 114 108 0 0 121 699 54 526 613 386 923 688 0 183 676 326 251 563 699 115 748 219 622 1 0 0 393 540 0 210 30 0 0 184 794 250 433 229 0 293 431 120 0 305 511 0 117 579 0 689 279 0 0 548 0 0 479 387 699 0 0 787 155 870 0 992 0 587 515 973 
404 194 725 684 0 0 0 693 700 38 223 194 301 0 984 790 576 16 230 3 23 529 292 0 0 0 0 830 606 393 652 205 0 895 673 534 52 197 492 583 0 240 718 565 434 421 140 358 917 273 47 821 629 0 167 0 968 496 628 704 683 0 438 0 205 0 681 324 0 887 0 910 356 781 588 693 653 910 583 923 635 829 457 603 353 0 940 251 401 0 944 157 0 978 0 361 751 274 77 437 560 778 996 498 0 0 0 448 0 0 241 435 0 737 0 148 0 0 0 78 121 947 985 375 849 0 69 0 0 122 862 930 466 6 808 975 606 46 73 237 593 233 532 313 366 951 0 913 25 665 0 955 62 969 0 134 428 0 847 0 6 381 23 885 460 0 0 260 193 113 0 769 0 669 990 0 382 705 557 0 976 0 0 634 125 455 0 841 264 413 108 0 130 0 829 603 
0 277 571 420 310 219 382 0 690 0 627 788 818 762 949 0 496 643 282 364 0 653 119 0 908 323 830 0 662 0 609 174 573 0 0 545 869 944 169 432 427 123 378 509 0 780 370 0 119 0 763 571 224 391 375 152 809 487 555 257 0 804 989 0 882 621 2 620 0 475 32 0 307 0 950 770 39 808 14 914 0 879 55 682 756 765 715 984 913 0 748 72 552 923 314 615 275 672 988 310 461 0 0 256 0 50 0 140 0 0 0 400 591 0 181 48 738 0 0 183 34 335 0 0 194 137 225 150 565 402 500 0 254 836 260 649 0 300 0 987 0 558 0 188 783 280 37 444 640 0 541 3 551 267 0 591 166 24 628 597 615 701 0 48 409 324 335 829 712 0 0 957 470 89 715 0 0 940 505 118 642 967 875 249 170 296 896 608 335 0 782 693 0 218 0 467 
199 190 0 969 858 0 0 109 658 563 280 329 728 167 0 0 832 562 297 45 164 318 783 64 0 546 606 662 0 235 0 140 0 464 696 863 0 150 606 821 179 580 985 536 105 821 734 725 0 0 618 435 0 338 656 506 596 345 153 255 964 330 195 0 635 374 764 785 289 751 6 942 850 360 39 444 0 991 0 0 0 431 204 678 0 579 714 0 20 40 0 600 790 0 0 0 658 580 785 761 975 562 287 514 994 0 526 383 342 0 807 598 242 250 998 107 247 0 35 614 162 0 747 345 527 0 0 942 976 885 0 144 713 70 0 71 819 0 968 638 28 234 635 0 866 0 178 0 302 757 0 0 767 848 963 79 0 497 873 0 852 453 0 237 515 0 261 0 610 0 697 0 929 743 891 0 0 477 357 0 159 295 211 0 0 538 461 967 539 99 0 70 615 0 544 314 
178 567 400 806 774 0 191 868 289 532 385 941 518 886 71 787 898 922 674 0 394 0 0 337 166 0 393 0 235 0 0 375 167 0 530 675 851 60 0 444 0 439 0 505 409 335 852 156 829 983 762 313 681 0 0 723 910 58 829 0 917 0 898 133 521 451 467 970 54 64 413 580 898 71 511 953 180 214 62 942 0 0 487 0 819 353 822 26 481 0 0 206 6 55 0 853 448 64 747 739 178 168 151 0 95 62 883 274 2 770 251 0 307 800 913 684 146 204 36 152 0 239 0 66 0 0 954 0 237 44 0 134 36 703 175 280 67 922 0 0 0 142 906 0 614 130 46 259 105 953 14 825 216 13 801 0 593 654 262 416 25 385 373 99 0 741 436 751 360 809 971 461 719 772 491 476 990 323 858 0 271 0 532 938 387 811 257 508 53 0 140 0 52 958 0 0 
0 514 68 0 420 0 0 179 235 630 731 0 0 0 0 36 848 0 0 0 255 670 492 827 480 893 652 609 0 0 0 0 621 164 0 2 124 9 0 12 0 0 730 0 851 947 0 0 113 403 364 0 0 141 791 825 232 561 284 93 151 238 0 880 522 0 0 886 614 0 0 326 455 584 755 0 167 581 0 444 0 929 702 813 69 0 11 0 0 579 387 0 0 776 571 405 10 584 487 85 582 7 522 664 350 0 848 653 819 587 0 344 0 0 301 507 346 792 780 35 0 752 818 555 520 192 170 221 716 558 0 757 644 517 662 23 0 0 483 514 0 70 267 849 0 0 661 0 0 935 0 173 0 209 0 101 918 842 0 747 18 975 935 268 536 914 660 852 856 0 0 0 201 0 493 491 103 700 870 605 227 788 320 693 834 0 0 403 0 0 0 151 68 572 836 249 
963 848 0 494 236 622 0 152 286 290 478 925 0 421 581 664 61 337 184 918 0 0 259 414 0 0 205 174 140 375 0 0 828 212 0 776 0 472 936 48 459 964 991 803 630 316 245 287 402 229 22 744 976 0 229 253 603 311 0 0 742 0 167 0 747 0 485 283 583 479 0 0 763 113 54 0 885 89 149 893 435 40 193 33 987 227 345 653 197 0 230 502 501 156 941 491 714 217 306 781 602 334 221 674 0 326 0 509 789 335 393 0 0 916 870 758 548 488 566 45 571 211 156 124 34 512 0 0 571 0 171 878 389 442 10 735 0 710 948 70 395 619 0 0 422 503 745 0 8 235 0 6 76 458 970 0 572 0 0 862 337 904 951 889 4 757 958 263 728 616 0 603 0 811 0 99 0 944 572 606 0 0 424 851 601 0 111 875 847 636 268 363 927 134 319 942 
947 0 681 105 98 102 668 381 0 155 0 32 0 0 818 690 487 212 18 37 0 353 756 802 225 662 0 573 0 167 621 828 0 75 862 172 292 0 302 57 691 0 477 0 0 729 0 66 127 690 525 524 576 421 365 244 813 541 287 525 929 374 130 0 401 326 0 610 225 615 914 715 983 293 954 654 0 512 884 77 806 0 386 55 0 180 876 636 208 23 283 149 573 767 509 70 228 283 596 0 567 0 127 951 437 307 395 128 234 495 0 868 74 0 123 839 0 840 64 846 450 698 224 581 283 667 44 751 0 62 81 0 538 55 211 122 0 650 591 0 637 0 108 0 228 109 642 303 860 948 166 0 0 925 963 0 0 822 0 0 514 488 0 178 357 874 246 0 86 833 515 762 769 957 201 175 903 589 0 997 874 462 0 981 513 0 139 960 171 0 0 525 631 577 801 0 
739 325 185 628 804 832 58 94 78 424 0 0 259 313 0 525 887 442 887 566 922 0 581 641 220 272 895 0 464 0 164 212 75 0 766 21 593 986 872 141 479 0 380 198 684 265 299 0 197 845 997 517 0 252 932 385 336 616 604 693 991 37 0 995 939 423 84 4 36 565 161 383 0 0 0 72 319 0 0 313 647 665 584 575 98 272 0 0 0 475 0 2 104 546 580 291 0 275 899 953 772 0 232 726 22 461 452 391 730 0 590 555 336 522 193 237 290 937 0 40 866 0 814 163 848 972 708 0 723 0 0 0 211 383 44 752 444 202 337 949 858 163 458 908 0 898 599 164 7 163 911 677 647 917 780 0 230 848 426 860 813 36 0 501 188 103 0 249 451 855 0 0 0 0 0 144 576 286 122 565 635 0 0 488 823 197 0 980 775 487 0 0 130 360 994 890 
0 760 461 867 0 339 704 410 0 0 0 350 220 0 601 268 0 357 403 562 732 696 0 0 752 336 673 0 696 530 0 0 862 766 0 326 760 87 982 196 519 709 0 92 865 0 257 0 744 993 0 0 0 285 606 475 214 830 593 38 64 380 38 960 214 705 0 0 535 157 970 0 868 510 0 0 792 0 707 675 168 796 881 914 626 362 448 962 354 114 80 329 0 106 0 0 122 714 0 0 511 0 446 449 0 220 23 726 0 5 839 0 242 426 102 522 389 0 266 765 0 368 912 664 88 47 0 0 0 296 508 490 980 327 0 741 823 0 533 432 925 961 0 993 795 918 60 114 626 571 0 863 994 168 443 191 0 153 711 38 40 817 631 543 0 295 687 601 0 5 706 809 639 999 0 752 0 0 342 224 0 177 164 313 38 233 846 645 0 540 120 246 0 350 539 565 
956 971 0 0 401 985 793 446 0 208 894 0 978 715 0 0 43 0 140 0 26 0 389 0 271 87 534 545 863 675 2 776 172 21 326 0 0 775 957 518 335 0 170 660 0 649 213 243 879 947 624 838 0 922 598 866 980 0 0 354 915 583 15 281 393 371 120 115 245 680 0 818 259 544 600 0 676 327 0 90 676 473 0 81 663 158 497 0 550 314 0 32 382 518 202 132 989 0 178 0 282 0 117 902 44 497 426 816 612 621 652 0 661 33 225 96 461 984 763 661 0 6 0 212 0 194 506 388 774 173 872 589 0 759 215 55 436 0 0 0 309 120 757 856 500 0 556 629 0 0 369 0 505 128 623 775 216 338 296 507 156 554 0 912 792 844 418 874 922 911 0 0 0 0 0 266 0 608 552 551 0 0 0 520 785 476 414 986 74 0 677 460 820 626 0 0 
949 239 697 282 831 408 474 113 0 573 0 746 407 828 528 0 266 548 186 708 18 890 0 254 276 300 52 869 0 851 124 0 292 593 760 0 0 681 474 96 0 669 378 579 727 0 966 830 497 296 0 0 460 716 0 0 811 675 409 649 102 50 0 276 0 988 923 0 695 189 0 666 157 0 553 892 573 973 876 655 498 0 263 734 210 600 925 468 122 0 28 346 0 975 0 0 555 277 942 280 0 558 490 729 219 972 469 839 898 714 0 827 946 819 683 328 0 853 119 646 562 833 131 90 758 97 858 354 100 840 525 442 981 531 0 958 365 977 614 758 0 621 566 0 563 0 0 50 0 530 512 603 765 465 0 509 200 0 86 94 405 305 116 0 520 225 643 956 883 0 452 735 0 542 0 0 652 0 595 795 43 0 515 529 268 444 391 0 367 0 178 911 135 514 871 573 
435 280 232 0 919 299 513 202 668 0 773 0 784 740 305 723 526 957 224 0 600 135 796 263 464 0 197 944 150 60 9 472 0 986 87 775 681 0 944 782 240 863 0 96 998 320 812 790 502 270 136 607 905 257 664 745 533 0 586 839 336 82 714 0 542 848 593 765 0 0 0 86 0 804 492 0 216 0 953 981 772 609 922 614 561 139 200 575 0 0 335 973 356 318 801 658 585 389 975 750 393 731 406 840 313 0 399 0 139 643 0 0 974 0 0 939 833 667 696 929 928 870 0 302 172 234 951 663 0 192 866 0 409 615 522 0 782 285 145 616 438 24 242 0 959 0 216 969 140 493 534 130 34 771 691 647 247 0 528 473 702 232 323 477 0 176 978 932 818 169 508 79 0 381 743 612 130 0 433 457 0 300 0 531 485 606 148 168 0 502 663 149 0 0 0 393 
262 755 498 945 767 867 828 493 909 445 894 931 928 0 799 526 464 0 558 0 66 850 170 123 777 852 492 169 606 0 0 936 302 872 982 957 474 944 0 464 31 85 0 302 315 25 0 0 0 0 0 511 266 0 0 0 827 0 916 300 578 250 186 814 675 829 825 932 701 319 509 946 190 0 807 365 713 138 39 543 859 103 754 0 0 382 0 0 616 904 35 733 0 861 71 623 154 533 0 265 429 0 298 78 0 701 0 348 114 320 494 0 380 0 181 284 992 0 0 0 141 800 499 0 1 195 518 0 937 0 0 0 0 402 806 0 874 0 871 448 116 354 0 708 974 0 0 677 841 47 841 180 384 479 0 958 234 298 0 114 313 0 0 653 210 806 142 331 0 0 796 249 130 316 0 0 994 101 0 542 0 252 689 0 0 279 296 342 0 670 644 443 0 300 0 222 
312 691 153 94 986 0 65 696 275 0 844 47 998 474 0 179 889 0 822 916 943 420 222 869 6 743 583 432 821 444 12 48 57 141 196 518 96 782 464 0 961 0 0 893 188 314 0 508 649 541 0 259 110 509 0 362 345 721 347 915 7 410 418 0 542 0 694 682 265 0 0 737 0 564 911 761 64 971 437 628 897 375 763 139 0 0 576 0 661 531 405 0 954 0 367 204 536 0 285 0 399 267 91 753 370 20 508 290 869 45 506 888 503 748 332 0 468 996 388 0 298 873 0 706 0 0 72 716 583 928 932 0 688 417 799 0 621 662 0 664 0 850 21 0 374 513 290 185 612 56 0 0 0 603 65 0 0 0 0 514 0 843 0 0 289 987 0 0 948 273 0 745 259 360 0 529 583 958 23 0 112 528 0 648 460 0 0 0 0 342 894 243 276 38 0 0 
328 746 879 12 247 5 13 0 963 0 197 122 0 234 894 886 350 941 897 53 87 929 0 99 775 0 0 427 179 0 0 459 691 479 519 335 0 240 31 961 0 609 111 423 61 0 560 749 546 0 924 459 902 428 160 0 0 828 625 935 0 735 0 709 903 511 212 85 0 931 278 590 170 68 0 712 327 17 991 556 978 875 0 35 0 201 586 508 686 0 623 864 0 454 221 715 0 0 428 259 238 597 68 0 299 0 122 115 0 0 873 0 0 0 168 0 313 0 196 0 67 133 629 889 288 370 60 706 248 0 813 61 892 503 164 0 638 686 230 0 0 862 960 190 836 530 289 357 722 600 651 0 316 0 243 838 705 649 0 341 427 490 817 1 472 942 0 93 293 730 122 808 994 0 51 54 365 418 0 423 585 907 322 0 221 948 615 731 295 0 902 555 604 763 823 721 
843 951 320 873 466 738 793 173 343 204 682 0 0 145 234 811 562 718 0 357 453 74 0 316 0 401 240 123 580 439 0 964 0 0 709 0 669 863 85 0 609 0 0 732 805 892 195 769 191 561 0 986 840 105 687 832 556 270 590 861 212 337 234 551 163 43 930 893 503 0 894 821 295 435 635 914 572 0 559 682 984 0 541 697 162 97 0 988 672 915 672 721 623 174 0 994 891 227 884 148 0 0 0 546 30 244 0 0 302 959 766 199 502 337 0 984 279 786 719 15 0 380 729 612 0 670 333 47 46 545 0 76 773 0 593 422 549 386 0 0 0 162 0 46 596 243 533 464 0 0 0 129 0 523 230 144 247 0 787 853 164 0 47 0 329 337 984 429 906 584 640 229 286 0 571 181 826 522 911 0 750 883 0 225 639 0 689 588 15 0 813 0 0 824 263 51 
542 147 899 138 151 619 29 0 0 136 145 152 854 980 3 662 593 485 456 415 762 410 941 911 195 0 718 378 985 0 730 991 477 380 0 170 378 0 0 0 111 0 0 369 0 787 318 265 0 307 992 395 365 130 823 274 326 908 0 467 827 439 0 0 213 513 0 631 93 0 0 268 515 945 356 121 0 134 0 997 774 618 320 96 224 0 120 0 481 889 31 0 0 908 721 855 793 86 224 90 23 0 0 378 478 0 454 949 938 0 0 0 510 564 0 0 813 592 238 45 465 591 176 642 434 208 2 39 95 0 0 0 267 0 153 866 630 0 842 820 0 0 0 821 687 71 23 346 975 341 146 560 0 589 485 686 762 0 882 479 824 957 933 135 388 584 474 426 0 0 563 962 843 802 713 0 908 97 591 748 298 0 92 309 486 56 273 709 0 0 563 90 710 336 625 0 
0 460 602 694 549 938 0 678 528 143 0 430 304 514 95 123 0 820 890 117 674 584 0 284 798 0 565 509 536 505 0 803 0 198 92 660 579 96 302 893 423 732 369 0 0 0 267 0 633 640 512 488 0 70 0 42 389 608 0 0 0 114 51 713 11 511 461 980 964 555 924 0 425 456 11 102 904 0 685 8 118 0 867 0 0 897 2 727 0 407 188 0 29 24 253 431 708 97 377 0 322 566 909 409 681 295 0 959 228 149 0 883 651 988 236 362 960 744 12 589 89 551 844 0 114 278 152 720 0 389 497 532 670 0 204 200 484 0 171 353 927 67 0 50 0 672 970 721 940 882 220 240 234 872 148 271 457 509 762 780 76 0 670 151 647 0 927 442 599 0 52 0 155 964 496 963 792 0 0 805 142 672 692 351 829 639 113 0 0 0 319 0 712 0 0 662 
807 789 763 0 0 891 130 920 294 179 0 727 373 247 167 0 508 148 719 611 833 681 130 609 701 208 434 0 105 409 851 630 0 684 865 0 727 998 315 188 61 805 0 0 0 582 757 252 281 234 341 0 460 937 943 330 41 0 487 535 707 0 248 0 310 978 580 49 92 567 377 447 88 760 185 0 822 228 798 282 0 919 0 7 662 623 434 756 169 102 570 469 812 0 897 138 407 537 746 730 0 724 17 585 18 975 242 184 0 133 0 0 576 752 666 466 0 0 0 0 799 404 349 120 307 92 0 0 286 518 98 623 663 834 531 0 0 743 173 0 527 129 551 0 933 968 453 287 197 84 0 1 172 0 74 458 54 0 0 292 246 505 917 0 0 791 683 946 323 0 651 766 175 900 357 10 743 649 0 732 0 934 373 969 379 995 191 700 768 833 351 0 765 398 476 362 
212 0 331 278 804 453 0 160 0 710 0 468 0 240 8 886 0 0 435 234 265 0 790 957 191 691 421 780 821 335 947 316 729 265 0 649 0 320 25 314 0 892 787 0 582 0 147 981 835 618 0 729 433 38 459 723 188 336 523 0 313 421 314 539 513 0 68 0 0 356 606 3 880 819 351 293 668 461 290 0 268 403 504 848 573 110 664 0 209 0 739 471 0 986 338 825 630 208 674 600 78 73 328 824 185 199 543 67 875 451 0 876 82 617 127 707 0 549 49 0 486 0 519 381 466 815 0 0 0 394 373 602 939 0 819 183 905 181 0 844 0 0 698 208 980 43 151 0 310 128 951 403 860 0 196 974 0 0 777 718 811 0 978 25 382 0 267 58 0 0 623 0 778 0 0 787 0 0 903 0 514 0 0 697 546 646 520 665 878 298 526 321 319 416 248 466 
781 231 319 977 905 856 0 972 914 843 190 830 0 0 66 890 287 650 0 463 320 127 377 0 590 634 140 370 734 852 0 245 0 299 257 213 966 812 0 0 560 195 318 267 757 147 0 493 659 752 0 656 0 960 0 259 903 0 512 843 136 137 544 0 682 207 739 509 983 249 0 202 1 749 0 0 423 640 616 0 715 713 0 789 715 959 208 745 445 253 187 696 439 297 0 829 302 0 803 299 498 950 441 632 601 31 911 721 713 392 0 220 0 86 0 579 16 0 715 303 132 0 62 930 0 0 0 731 590 584 321 540 705 401 0 495 380 532 751 884 796 48 754 0 0 289 658 0 0 202 641 728 759 0 816 0 0 162 7 45 0 0 108 910 694 187 0 303 228 514 482 0 111 534 755 408 497 958 35 0 0 72 794 416 372 892 760 844 595 0 938 900 884 0 423 483 
0 0 45 82 251 752 745 227 831 979 614 368 792 195 544 138 200 0 0 593 296 826 958 0 0 188 358 0 725 156 0 287 66 0 0 243 830 790 0 508 749 769 265 0 252 981 493 0 976 677 300 938 877 338 156 413 195 137 282 752 135 710 303 0 0 308 375 0 959 957 985 773 901 869 904 47 709 8 155 556 42 0 0 953 846 0 213 509 147 639 906 533 860 550 0 222 875 321 422 508 328 118 778 880 77 262 586 0 31 156 469 587 746 588 378 377 385 279 656 81 326 443 0 0 691 0 992 780 248 386 658 0 782 0 5 802 6 175 202 625 18 0 560 564 773 127 981 760 839 55 0 478 368 113 958 0 615 942 242 232 786 262 880 0 0 514 0 465 0 531 651 0 792 995 708 778 702 902 541 12 567 109 899 47 695 162 0 968 546 0 638 582 0 0 0 0 
209 751 937 164 900 291 0 852 833 759 635 227 337 304 0 13 195 179 728 839 586 225 0 337 0 896 917 119 0 829 113 402 127 197 744 879 497 502 0 649 546 191 0 633 281 835 659 976 0 0 420 508 369 381 733 0 341 787 695 722 660 497 866 0 247 0 239 79 274 852 895 0 0 949 40 0 0 0 913 583 400 0 224 552 727 420 973 0 936 0 779 0 0 549 0 0 769 142 41 0 632 17 994 415 279 565 650 0 899 660 980 784 948 613 959 115 0 478 368 692 458 0 329 662 0 211 195 0 252 723 671 343 934 795 803 437 382 55 530 785 379 0 733 790 277 947 654 708 934 17 316 803 558 382 602 98 760 124 0 0 672 133 669 0 510 0 789 656 48 413 0 0 98 0 117 594 430 949 2 617 702 561 899 0 0 339 912 740 624 789 0 0 60 0 184 324 
713 159 14 0 550 0 526 299 703 0 0 311 256 0 0 371 552 527 195 0 342 742 682 647 869 0 273 0 0 983 403 229 690 845 993 947 296 270 0 541 0 561 307 640 234 618 752 677 0 0 582 446 377 151 637 561 0 74 513 0 503 252 478 11 143 611 759 293 823 166 6 118 276 513 766 920 740 355 42 793 481 0 810 963 739 0 481 445 61 991 0 125 95 937 0 0 529 932 0 907 0 845 561 986 656 454 623 0 0 0 292 0 357 855 165 0 407 786 312 168 0 0 859 403 280 0 783 972 584 359 0 0 0 538 985 979 135 0 401 0 293 717 710 441 952 542 586 431 840 87 616 584 982 63 805 327 0 893 975 625 442 680 11 263 808 894 85 11 755 53 583 809 0 121 0 826 0 0 864 623 0 0 370 0 826 863 0 0 770 930 410 0 520 275 639 161 
0 375 204 0 0 411 529 982 683 571 853 0 427 0 140 0 0 811 810 431 230 0 844 21 0 783 47 763 618 762 364 22 525 997 0 624 0 136 0 0 924 0 992 512 341 0 0 300 420 582 0 682 313 240 0 60 989 0 749 760 0 0 451 354 532 224 110 58 971 0 0 21 0 339 500 324 0 692 925 167 298 967 24 767 470 0 584 216 916 43 0 181 489 306 918 255 467 364 338 119 0 0 0 104 309 0 938 565 0 636 912 184 984 821 0 305 987 356 0 261 752 292 824 468 466 300 997 231 345 829 596 0 806 449 812 559 0 422 982 0 374 433 257 389 135 460 0 2 0 318 0 737 4 845 853 903 733 437 536 236 380 605 67 594 107 240 793 0 444 0 440 662 452 890 742 336 792 404 0 284 810 0 204 0 453 377 434 0 0 0 329 668 409 280 876 711 
444 968 454 403 0 868 0 0 270 562 9 735 95 331 0 754 0 0 361 411 459 469 160 886 375 125 821 571 435 313 0 744 524 517 0 838 0 607 511 259 459 986 395 488 0 729 656 938 508 446 682 0 623 0 286 852 0 0 207 6 292 532 0 482 462 0 902 0 201 746 569 685 50 0 187 0 0 449 469 0 479 66 0 557 967 793 0 134 133 168 174 330 996 330 929 287 516 507 890 0 831 145 0 92 754 439 37 0 0 0 0 136 64 0 708 385 392 94 0 511 714 0 719 8 708 981 100 179 701 0 707 193 144 947 0 0 286 0 440 362 539 0 594 0 0 0 167 0 180 353 21 0 783 306 820 740 727 0 343 344 275 475 0 830 527 917 0 194 703 605 911 949 874 0 0 345 179 0 516 710 2 638 348 0 217 0 0 0 0 76 0 702 0 477 0 263 
451 0 0 515 12 77 1 180 375 304 692 0 932 0 0 0 960 958 283 842 431 10 119 617 993 0 629 224 0 681 0 976 576 0 0 0 460 905 266 110 902 840 365 0 460 433 0 877 369 377 313 623 0 143 151 0 473 409 0 554 532 923 0 429 0 0 0 754 118 594 496 498 561 261 540 683 395 589 139 431 0 164 565 287 209 425 884 0 0 488 0 507 959 587 102 9 868 115 0 809 123 0 822 198 737 267 363 240 639 500 895 0 0 0 319 598 419 0 98 79 952 0 502 0 147 0 289 934 36 605 0 0 0 130 447 111 164 0 37 670 766 540 432 663 0 242 208 880 749 861 766 75 380 203 0 896 305 106 384 459 59 0 525 694 490 681 181 133 0 603 281 901 948 41 133 327 171 789 0 619 0 0 0 310 0 0 814 423 991 731 437 0 770 352 0 429 
0 213 391 322 797 189 0 90 0 77 65 0 0 0 61 253 335 887 306 464 327 39 430 0 53 0 0 391 338 0 141 0 421 252 285 922 716 257 0 509 428 105 130 70 937 38 960 338 381 151 240 0 143 0 0 474 0 777 0 0 732 251 797 266 819 311 0 288 62 268 0 835 0 0 41 0 376 71 391 116 535 0 0 686 959 709 42 0 376 277 330 580 590 0 994 525 263 233 44 530 855 486 941 521 311 227 645 511 271 0 313 0 33 205 827 0 679 52 259 218 213 0 356 392 473 700 0 134 113 166 886 0 601 0 382 0 686 442 0 0 113 837 552 883 0 789 935 71 128 0 390 760 0 454 281 563 0 156 0 397 0 328 545 394 914 621 543 876 209 245 195 0 269 700 0 585 416 825 604 608 0 36 156 950 309 810 401 114 173 480 697 185 306 375 46 238 
458 214 635 659 326 165 507 88 0 520 197 0 593 30 635 616 721 135 241 279 315 1 0 0 0 981 167 375 656 0 791 229 365 932 606 598 0 664 0 0 160 687 823 0 943 459 0 156 733 637 0 286 151 0 0 0 259 38 998 0 426 132 0 0 0 49 140 596 0 0 112 648 123 562 668 29 58 622 46 0 512 882 0 0 578 74 0 463 800 44 292 0 919 139 0 855 268 120 391 767 972 473 747 976 0 70 0 952 936 506 181 117 968 118 341 334 984 378 378 903 27 990 0 0 0 461 939 458 536 703 707 649 3 689 0 169 577 52 178 0 0 372 74 0 0 293 506 724 0 0 867 0 153 521 632 487 0 0 0 768 954 0 0 585 0 102 983 0 182 736 361 87 591 224 818 663 513 808 0 605 648 661 634 810 916 521 414 230 664 136 441 348 474 0 76 864 
612 178 179 697 413 191 0 578 370 320 386 232 725 0 970 0 925 0 0 442 902 856 769 493 183 0 0 152 506 723 825 253 244 385 475 866 0 745 0 362 0 832 274 42 330 723 259 413 0 561 60 852 0 474 0 0 517 271 606 794 303 0 0 0 385 289 698 747 938 311 301 816 245 860 464 222 570 426 326 446 0 112 0 763 409 0 0 703 0 607 320 0 0 0 260 308 165 525 453 0 0 0 466 0 879 806 681 0 824 300 495 537 0 248 261 769 207 398 415 0 624 391 833 104 203 0 414 597 856 704 139 527 437 943 656 84 481 0 70 421 247 0 997 368 0 0 0 876 0 452 196 303 426 581 235 15 99 0 0 442 69 778 0 0 179 545 695 0 167 0 18 675 399 964 769 573 44 130 145 731 0 463 0 643 877 547 745 246 57 0 5 549 0 86 0 996 
0 857 54 25 945 0 271 606 777 696 452 530 16 748 448 950 674 0 660 0 775 617 106 508 539 805 968 809 596 910 232 603 813 336 214 980 811 533 827 345 0 556 326 389 41 188 903 195 341 0 989 0 473 0 259 517 0 0 0 141 537 0 491 915 703 889 0 805 831 0 108 291 663 898 0 891 25 0 0 0 0 0 971 729 733 953 775 636 332 254 442 495 139 16 0 800 941 363 495 98 349 391 587 398 245 433 987 0 0 345 909 233 263 704 0 47 0 696 505 268 950 0 0 183 313 0 56 0 960 96 0 415 0 245 940 77 0 971 918 37 169 581 0 0 22 905 0 412 448 659 471 288 0 0 377 991 496 507 693 0 212 854 100 334 973 0 257 0 0 0 865 886 185 906 506 71 290 386 0 0 501 156 545 0 746 450 91 94 784 444 57 251 927 274 867 889 
0 884 265 126 366 280 0 0 622 0 963 0 162 478 0 72 631 498 844 0 340 527 867 878 826 169 496 487 345 58 561 311 541 616 830 0 675 0 0 721 828 270 908 608 0 336 0 137 787 74 0 0 409 777 38 271 0 0 328 528 390 605 853 552 26 797 632 0 151 536 282 735 639 672 953 626 155 0 304 0 603 914 0 0 221 727 119 531 912 615 0 848 870 722 304 394 764 735 500 0 493 0 576 505 0 151 0 24 817 830 0 484 739 604 931 0 0 20 146 136 245 107 352 459 0 641 0 0 120 215 889 0 794 734 0 478 130 0 0 817 312 0 481 0 91 0 106 677 0 294 851 60 141 450 849 0 0 605 725 0 880 0 295 372 612 0 704 196 336 928 380 440 708 0 659 0 753 0 498 0 819 705 689 132 164 223 721 449 655 0 915 202 620 606 108 0 
227 96 480 338 383 567 409 0 955 865 893 494 602 105 476 0 0 758 860 286 847 871 59 60 617 0 628 555 153 829 284 0 287 604 593 0 409 586 916 347 625 590 0 0 487 523 512 282 695 513 749 207 0 0 998 606 0 328 0 586 0 486 328 832 307 197 0 360 0 0 457 963 466 2 355 382 0 935 813 712 930 156 0 710 0 899 58 431 698 179 434 0 371 0 441 0 319 382 0 423 0 59 180 227 857 188 0 855 173 542 0 583 878 368 651 336 426 470 0 389 435 102 892 792 633 548 490 0 440 268 194 0 0 182 993 0 362 565 594 299 559 0 0 110 151 904 991 274 956 447 771 91 705 636 986 108 639 0 815 658 185 935 811 969 314 360 0 655 0 58 781 210 39 461 431 98 554 216 666 697 992 586 467 628 298 619 0 987 0 152 22 0 80 574 963 835 
