0 0 712 781 395 17 655 267 944 429 285 732 926 395 0 684 919 0 334 59 0 0 749 53 936 415 673 698 0 265 214 0 62 238 517 349 0 19 533 592 760 0 254 0 999 0 868 136 532 995 928 241 997 875 916 24 963 930 884 0 0 864 79 683 0 57 876 0 498 263 787 0 0 199 394 791 233 863 52 895 716 237 68 0 0 47 889 0 649 59 139 874 292 222 0 178 262 0 0 333 984 676 231 797 367 452 886 0 0 547 583 410 586 0 839 489 882 924 401 967 67 0 663 0 519 974 0 389 0 985 6 197 0 306 540 0 68 945 632 301 568 111 0 666 0 648 334 0 0 575 428 433 729 342 621 327 795 765 572 0 480 119 548 27 959 0 663 0 981 0 282 0 528 590 555 752 457 961 185 824 0 26 
0 0 907 0 503 289 924 886 10 901 161 738 0 0 606 97 852 0 0 542 0 640 833 0 398 811 571 759 463 203 857 240 894 98 0 0 0 725 429 584 836 0 165 280 873 0 0 611 761 309 300 716 957 34 0 945 852 389 5 0 207 0 56 904 0 253 62 20 0 228 0 0 0 741 944 396 0 0 48 187 0 798 0 87 139 986 199 0 425 726 997 380 866 390 81 621 919 274 135 995 976 782 0 612 0 0 251 286 766 27 324 0 442 0 744 879 22 989 0 0 0 494 71 206 197 939 569 0 637 98 398 135 940 97 823 474 0 546 0 0 486 516 229 200 739 0 520 68 652 754 953 0 876 58 783 227 146 739 129 971 326 348 0 779 829 9 47 0 0 0 66 318 439 939 0 181 683 43 0 0 0 0 
712 907 0 617 0 0 0 132 326 580 356 0 339 0 445 804 362 0 0 839 0 145 990 0 907 0 647 923 0 487 534 720 689 0 33 156 297 617 734 402 250 497 190 164 10 225 260 413 0 724 458 704 795 825 83 695 449 959 673 602 0 756 0 720 0 806 0 371 951 336 0 0 20 525 631 958 68 898 779 0 970 0 752 905 63 46 413 654 496 264 461 0 596 610 0 0 80 0 0 581 70 0 916 0 253 484 0 89 568 489 0 0 390 0 903 950 404 574 913 0 408 378 0 178 0 0 0 0 732 433 448 128 0 522 490 920 171 572 0 96 0 802 314 446 570 890 306 0 774 348 468 732 202 847 0 79 433 548 492 551 282 538 466 0 354 758 0 377 12 0 315 516 441 954 14 785 163 344 406 628 466 0 
781 0 617 0 0 215 500 0 0 21 341 593 126 0 0 71 402 174 0 597 347 0 552 856 623 267 229 192 326 809 927 392 541 93 790 273 739 0 0 68 775 528 0 0 389 312 645 850 492 747 557 559 926 768 846 0 165 171 301 0 726 383 659 13 555 782 150 512 675 623 0 317 675 153 8 0 0 951 386 927 0 0 136 191 0 676 0 156 724 330 520 0 728 976 161 192 0 675 26 601 322 0 0 0 0 0 180 0 748 901 592 627 0 892 470 759 0 367 923 639 439 786 0 625 261 0 277 805 494 824 0 0 111 300 381 701 741 703 102 400 792 0 0 994 371 0 313 737 230 483 0 713 0 0 0 69 666 686 0 0 5 311 770 647 0 0 313 64 521 690 948 0 0 398 0 22 0 0 0 959 0 510 
395 503 0 0 0 0 622 0 130 210 0 859 0 768 872 402 382 376 231 945 293 982 0 963 735 0 355 0 286 740 0 477 814 641 400 242 183 143 310 179 412 0 0 495 410 794 176 106 0 40 0 638 0 939 915 282 148 777 0 0 0 333 190 398 776 608 0 701 505 607 925 990 641 0 601 0 702 564 769 0 0 854 304 112 425 0 0 0 312 969 0 0 101 555 80 0 0 0 539 314 572 488 127 900 0 497 151 430 267 0 42 271 578 69 938 339 0 249 159 0 853 210 981 113 0 0 0 0 920 198 996 340 640 0 536 866 228 577 548 417 514 898 196 296 891 901 0 139 0 958 0 581 529 880 643 261 0 921 0 941 833 22 610 539 492 695 538 348 741 220 0 0 0 0 843 489 905 0 787 828 774 658 
17 289 0 215 0 0 456 0 0 220 872 572 787 0 350 34 939 946 887 0 0 0 141 0 165 148 959 0 777 857 809 635 798 652 423 525 0 994 57 636 594 853 0 435 757 151 0 931 188 918 238 645 882 278 922 181 85 229 672 656 427 557 0 85 0 760 822 0 885 137 0 155 266 948 0 0 0 512 55 446 370 345 497 585 691 0 325 635 426 0 278 483 379 897 387 410 873 452 335 463 0 850 952 407 937 177 0 399 808 109 0 276 276 904 906 398 491 0 579 421 189 217 0 440 910 441 960 231 0 346 109 0 0 151 972 39 34 192 884 609 480 500 139 496 916 577 71 974 611 474 0 610 364 787 67 406 86 8 135 535 0 264 443 274 0 568 939 504 201 0 258 15 125 0 0 142 409 857 0 326 17 213 
655 924 0 500 622 456 0 995 0 0 0 101 476 0 0 145 317 203 306 604 301 481 975 162 926 386 316 484 3 687 0 349 574 0 226 398 0 0 0 681 0 0 235 0 87 120 857 942 161 811 933 524 123 371 613 0 613 267 756 969 345 298 0 0 215 358 956 0 456 358 0 901 950 215 599 225 873 248 861 138 442 779 565 655 0 487 0 899 309 237 0 726 0 738 499 971 138 0 0 994 0 965 171 0 0 637 0 0 725 507 0 931 0 808 441 492 712 518 749 607 82 328 53 555 243 502 65 794 0 0 300 230 0 312 0 466 685 0 15 0 183 196 264 160 595 113 114 69 0 801 0 430 730 0 199 515 199 859 38 0 584 385 899 0 0 564 0 872 30 0 596 755 660 993 542 273 0 462 0 989 0 709 
267 886 132 0 0 0 995 0 800 0 0 355 523 112 27 945 737 378 0 642 506 493 414 37 0 0 184 233 580 0 981 569 706 298 0 0 919 591 0 13 0 0 293 724 0 577 982 0 799 747 0 2 463 0 0 754 230 454 0 408 732 495 0 621 33 0 0 114 0 0 350 345 101 909 0 289 0 64 399 718 164 168 268 153 0 284 7 761 0 961 963 0 214 981 906 690 987 160 560 401 61 473 87 0 420 219 45 346 0 723 154 312 290 0 636 0 0 0 437 872 723 3 654 244 665 584 765 118 392 861 584 495 0 1 179 822 292 31 557 393 786 765 156 187 405 549 897 38 452 338 610 0 680 577 0 27 512 273 849 0 498 858 0 337 740 0 0 334 0 131 0 332 812 647 788 517 762 816 596 173 78 207 
944 10 326 0 130 0 0 800 0 365 0 0 847 977 708 983 236 443 377 279 795 253 437 83 71 0 0 14 695 0 197 0 0 0 932 107 0 0 512 394 79 887 421 664 0 0 0 139 0 568 547 0 0 821 0 5 427 826 0 414 821 225 709 623 145 0 926 765 366 205 983 0 0 914 0 53 855 341 697 9 0 0 330 910 947 886 697 236 15 9 511 0 0 651 0 290 0 374 862 331 0 0 0 0 0 53 936 0 0 0 31 727 223 458 797 161 322 215 798 468 0 0 181 0 686 174 113 440 847 80 244 969 0 0 11 370 613 423 443 0 811 384 217 0 755 0 828 159 954 496 386 271 0 268 698 0 47 42 0 340 429 941 220 0 267 0 894 531 528 0 916 859 0 295 20 618 18 370 828 782 8 57 
429 901 580 21 210 220 0 0 365 0 796 596 593 563 0 661 849 990 794 918 594 0 621 585 286 440 0 447 0 0 351 194 407 140 189 808 939 94 0 323 579 555 993 636 0 958 409 266 234 0 0 974 0 202 380 536 453 309 0 110 203 881 884 370 205 523 371 0 0 0 0 761 562 555 256 294 931 341 662 275 792 667 351 0 981 788 91 422 834 414 0 940 0 77 50 0 625 0 0 988 0 298 395 0 0 486 800 275 396 846 111 0 92 499 0 506 901 827 640 52 178 883 171 954 7 508 611 267 890 258 408 0 312 746 421 0 611 574 215 550 739 0 440 0 273 151 864 358 89 959 286 966 753 810 997 658 643 0 192 467 616 0 971 851 0 0 246 405 80 659 31 223 968 0 247 0 726 365 0 940 774 799 
285 161 356 341 0 872 0 0 0 796 0 780 157 816 280 0 197 0 919 200 507 293 0 826 246 778 0 744 817 825 202 0 110 550 0 0 356 0 544 0 690 639 0 0 409 0 703 0 0 802 811 677 990 534 0 323 805 478 691 761 616 0 183 530 852 659 199 0 0 0 722 478 0 60 220 122 0 136 188 532 373 732 351 309 681 0 85 616 0 0 349 0 557 847 856 71 577 586 0 536 140 545 720 463 529 0 0 0 648 0 382 201 427 443 0 745 922 964 976 933 811 566 0 351 990 313 799 715 10 680 68 0 0 69 270 228 510 0 322 711 240 704 536 50 628 27 211 0 791 821 883 955 652 155 0 72 216 977 0 352 571 666 302 24 184 341 330 855 57 711 34 911 297 272 910 491 206 825 191 923 304 419 
732 738 0 593 859 572 101 355 0 596 780 0 0 798 468 910 0 733 78 990 712 0 512 512 697 348 0 699 212 0 0 608 85 134 236 37 455 435 430 433 7 790 919 169 562 580 262 532 421 564 318 483 204 260 911 692 551 148 362 988 0 0 196 903 576 501 0 0 510 189 387 911 655 315 77 0 269 962 62 889 455 0 31 58 297 263 37 281 0 741 0 518 891 916 0 0 740 828 0 291 0 703 479 0 284 855 50 0 89 959 575 434 788 557 512 683 479 0 0 934 955 13 0 20 608 0 0 781 928 550 839 755 0 127 255 668 193 0 633 760 721 953 277 597 875 770 841 146 0 366 808 339 205 0 571 126 427 0 655 440 0 0 6 25 486 353 280 461 45 447 0 58 0 0 294 0 0 535 476 497 0 887 
926 0 339 126 0 787 476 523 847 593 157 0 0 32 272 453 850 0 484 833 760 56 0 204 0 0 0 0 0 572 748 0 177 493 276 918 676 0 898 900 210 303 0 0 86 511 593 837 0 0 295 774 271 735 761 0 407 82 0 607 0 0 944 288 999 0 191 0 8 0 188 0 864 42 896 326 0 37 267 0 612 108 180 810 159 0 0 0 0 481 0 0 389 922 710 637 615 76 0 945 16 314 0 588 0 0 299 692 0 194 58 600 400 4 297 0 305 0 515 168 899 640 0 760 935 978 649 670 790 0 605 909 248 0 600 456 855 58 443 0 0 658 822 580 0 792 0 662 0 270 0 489 310 360 199 698 282 841 0 47 140 878 0 0 179 270 861 133 0 84 440 232 0 0 833 14 625 778 803 0 764 0 
395 0 0 0 768 0 0 112 977 563 816 798 32 0 0 0 411 150 0 718 0 701 928 0 93 0 725 303 439 248 671 453 517 27 606 0 719 49 632 522 666 817 0 0 0 399 955 0 276 652 520 936 558 808 598 450 0 103 0 241 706 0 248 0 240 0 385 362 41 0 397 808 703 623 351 770 535 345 0 0 922 0 0 356 453 423 58 554 972 667 0 0 976 0 616 232 770 0 956 654 102 723 0 752 931 0 960 0 186 0 244 804 446 405 0 201 278 209 277 669 639 894 29 169 108 464 431 612 0 985 718 0 52 186 0 0 200 597 0 946 194 223 0 516 783 654 339 213 0 719 178 643 925 604 935 536 315 13 948 292 0 0 39 0 746 571 212 0 596 652 781 189 633 0 0 0 886 403 41 0 996 710 
0 606 445 0 872 350 0 27 708 0 280 468 272 0 0 652 0 483 567 383 615 610 0 685 818 0 383 301 272 865 903 0 290 324 85 66 487 0 0 592 229 0 280 212 0 0 0 557 553 0 566 694 0 596 655 0 399 427 878 719 197 401 657 879 123 0 147 0 463 301 777 607 0 605 440 881 0 71 317 0 226 0 250 639 844 735 170 977 615 0 0 831 19 658 441 821 996 282 495 762 508 666 254 79 904 659 0 608 749 544 420 0 647 148 51 651 0 0 416 765 457 0 544 938 0 0 580 496 0 0 0 0 0 182 812 0 0 675 0 0 616 960 0 419 760 698 592 791 174 930 776 676 0 808 163 581 350 0 0 0 935 351 681 143 302 2 573 613 0 501 507 839 0 0 622 758 159 583 0 15 207 863 
684 97 804 71 402 34 145 945 983 661 0 910 453 0 652 0 176 54 868 0 0 792 945 0 185 395 191 400 433 856 0 261 90 0 219 864 370 231 216 838 24 793 94 127 149 897 848 857 364 74 799 523 427 681 155 57 553 8 848 0 187 0 594 231 223 613 0 0 570 656 0 634 421 551 0 470 73 107 0 865 842 298 330 939 138 369 0 835 64 305 26 640 415 278 270 0 610 857 0 20 134 797 0 0 837 0 718 0 0 164 799 623 0 0 0 158 701 0 0 0 108 0 743 198 594 162 75 326 157 926 910 753 303 123 410 777 260 0 171 203 747 733 479 968 370 976 362 831 205 555 500 116 0 0 136 974 0 504 0 0 375 953 225 0 77 897 474 989 0 985 144 431 315 0 704 833 336 179 585 61 671 211 
919 852 362 402 382 939 317 737 236 849 197 0 850 411 0 176 0 46 0 309 0 0 565 0 658 201 0 0 448 669 382 0 33 858 0 753 940 70 120 345 586 73 915 809 537 286 827 176 469 0 0 636 665 0 357 640 351 302 530 29 0 523 436 145 586 587 952 666 55 586 683 764 418 0 0 0 983 0 286 868 244 0 988 872 515 356 479 77 3 374 824 533 434 254 642 0 0 848 699 219 0 989 201 366 709 0 376 486 925 514 177 208 109 467 959 346 0 0 736 341 80 213 5 435 163 369 665 390 662 565 562 571 818 113 66 1 221 823 0 748 716 707 384 745 639 493 0 79 132 0 0 410 940 0 344 832 977 811 0 522 941 95 0 526 0 244 332 206 546 231 206 918 0 158 278 843 615 336 0 0 825 0 
0 0 0 174 376 946 203 378 443 990 0 733 0 150 483 54 46 0 0 291 53 402 0 81 0 0 169 0 0 0 893 691 821 575 913 357 0 700 0 0 319 890 148 602 383 124 119 71 73 488 327 400 840 231 894 346 0 580 46 454 0 363 232 181 980 433 0 0 854 647 0 712 155 498 393 0 0 230 929 599 0 0 319 91 361 816 293 787 22 287 0 0 490 0 108 594 795 442 0 62 961 317 0 350 347 654 433 960 272 211 353 556 879 223 0 837 669 0 156 212 245 274 423 589 362 398 0 0 0 182 746 0 0 0 964 458 618 905 139 0 0 539 408 0 0 851 845 194 0 59 0 291 897 0 601 536 660 778 32 557 127 704 697 837 369 96 130 874 805 587 942 153 862 63 0 477 0 288 971 834 0 817 
334 0 0 0 231 887 306 0 377 794 919 78 484 0 567 868 0 0 0 691 971 46 460 572 263 0 0 629 0 213 0 447 209 74 305 631 156 598 811 189 704 733 530 587 707 238 412 339 626 35 0 529 416 0 571 0 367 328 796 0 508 183 658 0 332 800 548 121 0 224 437 278 78 622 0 324 702 0 609 420 87 278 930 0 422 767 0 698 0 309 354 71 0 386 0 77 204 886 868 0 0 570 0 119 55 497 912 446 0 0 39 579 0 853 0 132 0 0 530 184 243 0 0 413 689 965 329 392 259 378 0 998 728 415 0 372 913 0 0 712 272 443 289 0 216 432 0 484 0 0 694 683 0 685 909 160 839 0 0 939 0 413 468 723 285 0 231 162 147 104 836 893 0 0 65 0 666 220 132 914 0 929 
59 542 839 597 945 0 604 642 279 918 200 990 833 718 383 0 309 291 691 0 427 783 873 264 355 151 592 0 661 869 916 991 318 0 6 610 351 411 633 0 980 520 0 539 385 897 586 0 209 0 0 0 603 885 870 0 116 458 31 89 920 781 761 290 0 0 380 676 463 588 0 740 479 123 0 0 0 0 0 0 372 720 821 603 313 394 955 587 411 72 271 251 58 538 362 428 49 0 153 100 662 97 0 77 0 0 470 0 0 0 173 371 823 0 775 33 0 388 634 0 46 966 190 150 0 0 55 87 524 54 41 54 166 0 0 993 0 415 428 591 0 0 0 145 0 517 0 0 826 0 974 319 340 6 738 577 862 0 0 0 0 20 0 605 0 97 0 349 822 0 0 462 288 518 0 998 0 164 0 72 624 109 
0 0 0 347 293 0 301 506 795 594 507 712 760 0 615 0 0 53 971 427 0 220 753 421 646 377 238 721 583 183 401 858 875 342 110 817 0 33 0 42 190 0 605 767 325 572 370 0 429 0 555 790 984 970 268 199 59 479 659 547 121 0 481 891 0 828 945 0 592 969 934 997 0 492 913 856 0 261 0 974 756 638 0 374 0 492 849 956 667 0 0 491 422 356 0 962 0 865 0 403 651 35 0 323 686 127 892 170 981 0 153 167 607 500 382 285 0 217 0 716 687 271 25 523 487 790 0 283 443 601 366 325 73 170 142 406 653 0 0 625 258 712 468 770 907 0 696 804 0 0 677 180 0 886 9 0 397 763 606 0 110 710 0 602 452 57 727 525 561 786 204 959 693 487 495 543 236 35 509 682 461 0 
0 640 145 0 982 0 481 493 253 0 293 0 56 701 610 792 0 402 46 783 220 0 0 337 348 792 0 0 392 365 668 572 480 532 979 690 374 257 0 432 0 686 239 0 44 534 488 0 439 0 0 925 515 468 0 157 554 787 350 0 0 0 110 114 0 796 0 379 405 923 914 409 416 0 626 981 575 867 126 402 437 353 0 0 599 0 171 476 577 756 261 163 445 308 143 153 379 797 337 755 528 0 369 0 510 0 0 299 745 458 719 983 198 489 0 353 721 883 454 261 75 23 0 787 551 641 0 652 0 638 0 0 499 0 657 546 0 301 814 985 309 368 745 995 69 805 558 294 440 123 863 0 430 665 0 348 70 330 761 246 522 529 0 975 40 509 860 0 507 120 947 880 0 0 124 435 221 53 384 0 662 0 
749 833 990 552 0 141 975 414 437 621 0 512 0 928 0 945 565 0 460 873 753 0 0 634 0 732 772 327 61 0 0 529 391 472 763 0 851 416 0 370 695 153 0 137 509 544 0 0 815 967 0 0 0 731 879 0 960 226 0 770 925 765 0 71 0 489 0 52 495 808 0 950 0 0 718 620 185 383 0 150 0 639 874 810 179 912 312 0 61 144 0 0 978 718 282 285 112 219 519 118 0 131 543 991 562 361 420 644 931 521 422 885 926 0 299 0 206 0 966 480 90 6 624 0 860 598 721 833 117 112 23 900 968 387 0 711 847 353 469 650 615 561 483 147 823 610 286 879 308 0 561 0 0 573 455 0 23 612 608 0 0 0 0 709 0 0 0 352 931 803 257 902 0 0 498 185 705 0 61 0 0 251 
53 0 0 856 963 0 162 37 83 585 826 512 204 0 685 0 0 81 572 264 421 337 634 0 987 863 319 0 376 414 0 628 0 81 325 605 205 0 0 844 634 612 612 0 831 0 81 319 214 140 784 842 720 0 813 0 341 761 0 282 414 191 198 512 530 686 0 701 0 195 730 0 977 50 770 0 774 358 0 715 502 616 780 57 0 969 810 223 486 617 0 472 208 0 902 40 585 277 265 951 0 807 0 0 557 0 0 915 0 848 905 106 0 808 0 451 0 579 0 622 865 688 764 702 0 910 391 751 430 310 0 867 395 462 92 259 0 924 354 917 314 730 569 0 853 49 710 0 209 82 62 0 669 45 837 0 534 807 0 856 0 897 403 98 16 0 0 0 559 178 253 0 874 706 797 266 599 516 468 464 0 970 
936 398 907 623 735 165 926 0 71 286 246 697 0 93 818 185 658 0 263 355 646 348 0 987 0 515 563 0 774 0 50 972 851 387 629 0 175 0 186 346 822 0 174 359 132 43 948 610 132 0 0 107 554 376 75 368 263 379 0 55 270 116 14 915 0 794 203 824 282 216 0 341 64 682 486 811 790 0 453 0 205 0 64 284 729 287 884 0 945 796 873 669 244 226 480 847 928 659 928 640 0 525 0 965 27 469 833 855 0 476 674 61 155 135 359 0 0 756 623 0 0 859 0 0 0 483 0 324 428 254 759 340 962 401 600 0 167 0 995 708 442 562 484 162 848 0 398 58 481 776 273 103 0 38 219 564 365 111 241 489 8 275 179 576 493 794 916 915 0 795 866 824 0 452 730 434 154 0 393 0 468 624 
415 811 0 267 0 148 386 0 0 440 778 348 0 0 0 395 201 0 0 151 377 792 732 863 515 0 881 10 0 397 0 0 312 607 414 66 965 340 105 731 492 165 0 0 916 541 978 371 884 0 0 0 534 402 453 0 426 908 662 245 850 0 262 692 0 0 529 759 0 379 212 72 899 156 0 598 152 723 428 670 751 376 0 0 0 619 0 270 8 827 503 223 85 168 266 627 0 941 0 936 801 289 401 280 970 95 569 317 626 97 0 0 336 0 888 620 622 633 355 0 768 92 973 478 823 1 874 64 611 0 363 790 0 288 393 408 50 152 22 772 8 0 680 0 869 787 744 88 282 837 769 223 162 550 811 773 442 824 965 143 366 2 0 236 235 481 0 533 0 128 71 139 157 0 631 742 907 134 791 841 891 55 
673 571 647 229 355 959 316 184 0 0 0 0 0 725 383 191 0 169 0 592 238 0 772 319 563 881 0 0 345 550 0 659 741 980 710 242 73 0 931 906 354 0 885 715 0 557 37 518 890 410 0 430 576 641 82 417 123 874 6 420 960 660 0 453 9 91 961 612 0 345 78 436 339 553 441 0 956 951 876 121 781 438 816 65 0 729 628 74 0 0 126 790 772 0 961 114 974 844 0 465 462 852 878 0 872 690 0 264 438 0 864 567 225 997 930 239 315 295 997 0 94 710 0 345 290 605 0 305 189 0 0 588 350 960 605 0 152 597 961 234 0 0 864 474 625 812 988 133 598 458 558 0 821 415 534 957 674 75 0 106 0 848 113 31 0 817 354 808 453 0 337 449 262 0 376 0 0 73 0 899 341 0 
698 759 923 192 0 0 484 233 14 447 744 699 0 303 301 400 0 0 629 0 721 0 327 0 0 10 0 0 470 926 110 0 471 175 0 0 597 0 338 0 408 638 347 368 0 123 985 62 142 490 449 73 24 157 0 534 911 540 0 979 0 677 0 509 798 0 432 302 107 0 281 0 160 445 231 0 364 0 0 540 558 285 266 102 705 537 270 984 417 0 36 74 714 721 964 457 229 0 256 665 877 336 726 701 0 0 212 0 314 516 702 0 677 741 450 0 307 68 664 10 702 927 0 0 487 987 3 934 0 88 111 134 492 0 893 0 562 547 528 856 105 404 974 296 192 699 955 999 597 0 415 204 452 769 228 0 994 7 0 875 0 0 794 778 523 988 750 150 79 957 0 507 477 102 0 36 0 2 142 40 36 0 
0 463 0 326 286 777 3 580 695 0 817 212 0 439 272 433 448 0 0 661 583 392 61 376 774 0 345 470 0 348 822 413 0 794 241 77 565 569 386 860 812 0 160 663 574 8 404 0 599 204 338 176 818 0 998 513 0 541 85 243 129 486 484 462 805 585 996 466 803 0 937 963 920 625 502 836 0 813 888 464 154 113 15 0 555 688 610 678 0 611 6 785 354 198 568 0 0 852 584 30 282 264 611 477 208 244 0 571 498 431 793 862 233 717 222 729 855 969 773 156 523 524 0 354 128 89 0 176 101 549 390 934 0 358 461 353 532 665 434 0 903 747 283 0 0 0 304 298 0 906 157 165 165 434 253 260 460 907 6 578 485 980 0 228 475 441 462 0 984 183 882 830 124 225 604 505 732 0 562 839 0 174 
265 203 487 809 740 857 687 0 0 0 825 0 572 248 865 856 669 0 213 869 183 365 0 414 0 397 550 926 348 0 249 146 0 775 71 0 140 391 789 0 0 466 710 244 923 70 0 158 0 0 438 848 0 81 403 432 646 330 583 332 0 0 244 150 254 0 0 0 258 262 656 369 599 493 0 488 0 620 423 0 861 618 930 403 295 101 153 0 0 216 186 684 477 544 335 197 211 0 54 332 702 125 0 0 310 469 0 0 662 479 0 967 759 874 95 642 0 0 947 141 57 995 0 0 861 0 0 24 589 0 428 791 215 787 206 765 0 385 622 945 105 869 675 168 208 598 386 307 295 0 47 435 0 905 0 0 0 128 186 287 0 659 0 586 576 0 444 45 359 172 647 0 0 27 0 975 0 0 0 148 401 963 
214 857 534 927 0 809 0 981 197 351 202 0 748 671 903 0 382 893 0 916 401 668 0 0 50 0 0 110 822 249 0 870 0 361 542 0 198 193 74 304 766 52 764 158 150 138 297 991 590 166 383 408 0 789 689 964 728 410 251 616 606 404 504 637 229 660 268 290 504 0 105 793 785 269 626 842 555 107 789 0 0 196 593 660 72 0 0 862 271 656 0 556 568 193 0 465 735 0 0 0 0 0 546 0 264 0 841 0 19 589 645 880 799 467 140 278 0 616 0 0 167 944 975 987 487 326 0 163 222 641 516 658 182 12 56 0 58 854 918 0 761 0 949 728 272 142 368 552 0 305 718 0 590 449 0 122 423 0 822 0 781 280 88 846 490 0 706 934 263 650 441 476 247 0 0 128 732 820 0 0 470 757 
0 240 720 392 477 635 349 569 0 194 0 608 0 453 0 261 0 691 447 991 858 572 529 628 972 0 659 0 413 146 870 0 0 346 948 447 635 685 525 526 725 0 343 613 514 378 0 432 254 708 17 0 489 503 0 130 828 0 0 917 281 0 146 0 671 0 952 688 127 442 307 76 357 572 246 0 27 882 0 0 828 988 256 184 0 655 0 0 0 0 347 0 928 0 782 851 333 258 0 0 378 0 198 310 0 958 297 162 0 670 12 532 0 321 104 332 236 0 756 579 373 0 224 127 607 0 405 0 0 0 0 0 508 519 295 638 254 297 808 430 685 790 52 989 923 88 0 368 802 499 0 0 0 370 414 0 788 649 688 844 769 436 360 664 0 830 0 166 919 0 111 713 675 351 359 18 0 492 0 37 654 0 
62 894 689 541 814 798 574 706 0 407 110 85 177 517 290 90 33 821 209 318 875 480 391 0 851 312 741 471 0 0 0 0 0 113 0 653 412 500 934 991 0 643 70 558 309 0 0 0 0 130 0 886 909 0 0 310 361 36 182 257 757 81 598 447 0 883 0 892 552 665 521 491 0 598 243 0 716 711 0 0 0 837 0 372 19 172 830 208 974 497 776 184 773 0 0 0 83 0 898 0 0 575 0 31 277 978 118 292 0 719 0 418 29 0 0 134 924 939 353 993 0 0 886 215 755 784 834 456 114 482 0 76 0 0 844 0 999 0 408 953 943 253 646 936 597 428 926 0 752 0 0 187 0 875 421 0 402 501 726 0 125 636 763 442 0 284 763 0 117 13 481 945 456 976 569 69 194 483 818 0 439 985 
238 98 0 93 641 652 0 298 0 140 550 134 493 27 324 0 858 575 74 0 342 532 472 81 387 607 980 175 794 775 361 346 113 0 0 0 892 298 818 449 431 646 0 551 596 224 318 0 824 51 504 723 339 816 713 24 0 0 793 0 653 333 703 5 980 563 818 595 297 698 526 72 642 629 599 499 0 0 368 359 0 161 0 844 954 0 0 64 407 0 895 0 930 527 371 104 570 752 322 610 287 196 0 594 0 72 0 327 470 432 655 680 754 687 0 641 705 167 262 274 479 0 308 0 573 787 916 689 0 30 996 0 722 538 709 328 996 385 441 339 177 0 0 125 969 529 0 0 0 348 29 352 456 78 52 0 848 200 765 783 0 0 197 349 856 884 0 549 322 651 585 646 116 893 491 637 0 318 0 0 0 727 
517 0 33 790 400 423 226 0 932 189 0 236 276 606 85 219 0 913 305 6 110 979 763 325 629 414 710 0 241 71 542 948 0 0 0 0 0 0 15 407 88 141 531 347 489 0 888 245 180 691 83 633 741 824 778 154 654 0 0 70 744 450 603 467 0 354 111 190 0 831 0 677 276 85 283 438 0 0 815 0 691 961 0 0 466 279 812 500 269 782 823 233 85 829 476 962 777 958 838 65 459 850 858 212 229 83 0 478 0 481 98 372 0 857 765 639 691 382 649 0 46 41 622 32 770 484 221 65 297 468 182 317 146 273 0 518 622 0 0 372 432 0 0 107 0 0 636 539 135 493 156 157 584 0 936 241 692 0 0 938 0 396 288 0 453 171 689 9 651 339 871 0 992 968 386 722 266 0 931 441 151 572 
349 0 156 273 242 525 398 0 107 808 0 37 918 0 66 864 753 357 631 610 817 690 0 605 0 66 242 0 77 0 0 447 653 0 0 0 0 210 928 203 261 871 16 915 558 667 0 0 0 0 401 711 56 384 43 0 716 111 110 565 660 9 591 44 17 297 127 704 841 301 171 664 737 93 0 938 536 789 34 118 0 53 622 381 804 345 0 53 646 418 328 0 0 0 402 0 192 48 12 457 0 0 385 401 221 0 162 607 883 878 466 0 241 683 532 122 0 2 125 0 441 861 766 13 425 151 807 490 401 91 602 0 0 432 778 835 232 609 654 265 0 700 839 298 664 9 401 0 0 167 950 0 0 553 863 0 0 58 0 527 152 283 663 429 491 57 684 384 0 347 794 481 426 405 477 0 49 913 384 979 97 317 
0 0 297 739 183 0 0 919 0 939 356 455 676 719 487 370 940 0 156 351 0 374 851 205 175 965 73 597 565 140 198 635 412 892 0 0 0 191 228 382 43 0 15 701 0 0 576 0 882 334 341 505 60 0 0 82 185 0 666 0 612 0 0 0 0 626 0 894 0 531 243 558 54 964 736 0 127 0 103 37 896 690 157 342 0 95 678 0 488 884 0 778 448 0 423 76 0 0 341 0 205 0 398 952 0 916 0 916 2 831 0 99 0 484 0 898 715 425 0 698 473 0 608 560 851 996 54 575 313 547 385 53 0 825 290 658 428 0 0 449 142 715 744 280 244 932 0 982 0 0 0 537 613 0 804 0 282 0 491 28 360 662 865 723 408 422 769 19 0 0 865 280 960 0 372 716 0 738 578 26 0 0 
19 725 617 0 143 994 0 591 0 94 0 435 0 49 0 231 70 700 598 411 33 257 416 0 0 340 0 0 569 391 193 685 500 298 0 210 191 0 838 410 543 659 0 925 632 728 138 566 321 843 733 198 0 409 974 0 174 0 0 13 0 838 890 742 0 650 0 750 110 0 524 0 270 760 0 0 726 957 2 282 397 804 837 71 999 383 334 109 447 332 822 408 745 0 816 767 0 817 0 475 676 682 863 531 97 249 824 0 597 61 955 496 302 730 619 876 723 459 50 0 10 0 0 434 911 0 756 462 971 189 913 997 0 295 862 0 578 124 984 0 0 414 0 465 198 0 525 973 379 479 306 621 0 381 290 329 12 49 0 491 670 819 0 312 138 499 704 4 0 809 512 940 109 243 405 914 187 0 0 23 0 383 
533 429 734 0 310 57 0 0 512 0 544 430 898 632 0 216 120 0 811 633 0 0 0 0 186 105 931 338 386 789 74 525 934 818 15 928 228 838 0 476 627 888 747 326 711 0 983 268 200 206 40 774 0 259 168 133 383 327 0 776 786 582 0 443 852 551 265 114 221 0 916 527 457 0 322 665 0 0 486 563 0 778 0 0 348 98 287 340 0 766 628 448 0 991 0 604 0 733 713 737 304 133 490 0 759 0 0 710 292 185 553 977 774 163 222 91 485 699 882 0 119 803 0 709 163 0 0 868 0 391 0 0 870 203 0 0 0 0 549 263 857 0 77 608 205 0 0 209 52 352 200 362 284 788 863 0 924 347 85 401 0 996 0 726 682 508 0 692 648 416 0 60 0 38 338 985 379 422 0 521 210 761 
592 584 402 68 179 636 681 13 394 323 0 433 900 522 592 838 345 0 189 0 42 432 370 844 346 731 906 0 860 0 304 526 991 449 407 203 382 410 476 0 482 0 692 732 0 0 480 861 0 841 327 293 478 440 0 34 701 662 440 517 0 0 798 867 264 351 307 156 101 155 383 378 0 713 0 0 878 391 122 254 683 956 426 0 0 697 311 79 0 506 717 328 0 284 250 928 700 196 274 429 0 0 711 692 0 472 804 0 250 160 443 726 341 397 0 782 314 687 0 707 641 143 0 27 0 714 0 410 0 990 0 978 530 231 0 504 721 524 0 525 0 0 892 797 0 319 0 530 916 325 942 487 666 0 0 247 959 0 780 445 69 875 315 0 0 205 864 931 647 900 0 719 0 823 304 0 719 289 21 332 110 0 
760 836 250 775 412 594 0 0 79 579 690 7 210 666 229 24 586 319 704 980 190 0 695 634 822 492 354 408 812 0 766 725 0 431 88 261 43 543 627 482 0 198 0 0 564 753 44 645 0 0 723 0 244 451 790 372 0 190 888 169 219 629 769 726 0 924 356 367 0 0 567 21 0 0 514 304 0 717 604 0 173 656 138 0 474 0 224 0 523 190 507 0 405 424 292 0 62 504 0 360 0 0 0 958 0 0 390 0 257 185 432 561 734 390 682 0 220 851 0 509 147 0 89 152 0 0 623 43 459 396 664 640 0 36 867 128 207 232 125 341 0 477 538 0 311 193 0 627 587 565 587 292 0 577 20 467 821 111 933 0 203 0 0 24 151 248 847 533 421 256 829 330 326 67 0 947 0 212 0 0 311 195 
0 0 497 528 0 853 0 0 887 555 639 790 303 817 0 793 73 890 733 520 0 686 153 612 0 165 0 638 0 466 52 0 643 646 141 871 0 659 888 0 198 0 0 0 6 793 0 537 370 193 38 0 769 648 275 876 359 672 589 589 957 368 409 0 124 286 220 589 219 671 62 958 0 548 486 0 74 0 60 161 0 576 0 904 792 561 41 89 416 328 931 577 0 0 448 20 520 0 364 0 952 1 15 129 292 811 529 896 0 0 75 568 611 0 0 169 0 419 0 961 902 492 538 775 0 548 245 407 74 0 280 0 71 940 242 22 147 193 611 583 519 12 518 669 916 45 0 954 685 0 839 976 834 536 674 0 581 0 889 83 437 811 511 561 231 0 215 214 675 777 561 453 527 0 24 225 983 869 0 594 366 262 
254 165 190 0 0 0 235 293 421 993 0 919 0 0 280 94 915 148 530 0 605 239 0 612 174 0 885 347 160 710 764 343 70 0 531 16 15 0 747 692 0 0 0 0 661 0 138 0 0 116 307 547 0 890 1 62 925 587 798 849 187 39 239 265 0 233 803 0 913 469 801 0 216 695 57 0 0 949 304 0 895 477 290 799 0 0 191 0 790 227 685 0 476 509 643 131 834 95 333 405 366 800 0 622 601 0 999 148 0 99 429 160 642 0 548 731 249 251 126 495 0 0 33 372 678 165 784 0 655 554 0 689 0 868 896 0 0 579 0 935 148 0 636 308 390 0 175 645 414 219 366 291 382 0 0 0 0 0 976 131 652 976 589 254 0 497 590 893 0 337 0 0 232 969 326 466 0 0 779 0 879 72 
0 280 164 0 495 435 0 724 664 636 0 169 0 0 212 127 809 602 587 539 767 0 137 0 359 0 715 368 663 244 158 613 558 551 347 915 701 925 326 732 0 0 0 0 399 0 556 0 247 345 476 746 579 403 451 468 862 369 839 538 38 949 0 952 196 602 168 122 821 832 855 0 642 851 0 605 6 171 47 403 0 718 470 311 159 316 534 864 313 913 0 73 702 937 297 510 976 893 908 956 779 269 722 0 0 0 118 386 803 0 779 932 983 65 0 216 172 978 0 198 164 816 0 898 343 52 601 335 0 0 355 732 0 0 447 443 370 710 0 564 399 427 231 212 843 264 426 0 42 0 0 334 0 568 89 906 638 0 303 0 473 0 865 0 0 923 0 417 332 0 776 0 846 764 8 860 879 968 326 952 647 976 
999 873 10 389 410 757 87 0 0 0 409 562 86 0 0 149 537 383 707 385 325 44 509 831 132 916 0 0 574 923 150 514 309 596 489 558 0 632 711 0 564 6 661 399 0 0 0 775 359 196 0 201 761 411 123 60 0 111 577 800 997 296 249 168 382 455 670 81 10 436 686 0 734 0 79 0 0 913 0 647 93 934 0 971 0 506 442 851 0 465 644 0 365 922 848 0 0 0 0 0 0 878 748 0 244 29 796 522 401 545 974 956 0 7 79 79 320 984 0 629 478 950 0 842 625 698 727 899 0 347 811 151 225 330 0 427 563 765 646 703 295 38 715 808 238 345 15 73 717 760 68 744 719 0 0 393 674 553 0 293 0 966 572 0 608 984 285 255 691 277 0 279 398 115 0 540 741 27 0 0 508 650 
0 0 225 312 794 151 120 577 0 958 0 580 511 399 0 897 286 124 238 897 572 534 544 0 43 541 557 123 8 70 138 378 0 224 0 667 0 728 0 0 753 793 0 0 0 0 387 471 208 671 317 0 760 459 62 765 457 751 102 0 168 852 757 674 826 0 567 869 0 151 937 520 644 461 0 891 63 656 0 193 0 809 0 604 45 0 698 228 62 0 276 498 467 125 446 197 893 0 92 425 52 1 372 292 542 0 0 0 45 405 956 0 363 0 0 0 795 636 966 0 777 958 731 590 848 919 0 0 559 390 310 150 915 0 532 142 196 0 733 0 449 400 872 978 631 0 0 650 864 761 933 251 931 59 386 0 161 980 0 753 11 429 0 964 0 305 317 231 348 10 0 784 632 0 540 852 839 685 331 0 178 0 
868 0 260 645 176 0 857 982 0 409 703 262 593 955 0 848 827 119 412 586 370 488 0 81 948 978 37 985 404 0 297 0 0 318 888 0 576 138 983 480 44 0 138 556 0 387 0 874 0 258 397 956 643 0 726 170 492 613 153 0 781 732 181 0 0 832 0 0 674 403 444 710 0 534 897 0 104 646 0 855 551 27 586 0 65 544 105 0 0 0 684 463 854 500 848 216 889 548 986 984 0 800 772 0 189 412 0 0 282 760 907 0 249 664 0 0 75 612 0 331 0 0 285 665 869 0 582 0 0 279 148 360 0 209 383 0 702 508 345 527 481 37 125 353 818 391 667 223 0 552 860 697 0 42 282 17 251 926 207 0 360 0 0 600 962 0 717 945 0 642 870 873 916 262 185 360 888 192 0 0 825 0 
136 611 413 850 106 931 942 0 139 266 0 532 837 0 557 857 176 71 339 0 0 0 0 319 610 371 518 62 0 158 991 432 0 0 245 0 0 566 268 861 645 537 0 0 775 471 874 0 0 94 741 344 750 811 0 0 0 861 0 743 821 417 0 234 0 981 729 82 432 995 154 485 458 901 429 319 300 731 808 716 150 937 355 0 788 707 0 154 494 900 462 656 0 668 549 676 303 0 737 232 838 230 217 0 0 592 153 266 0 492 774 919 468 0 0 0 945 696 0 0 317 721 674 0 877 396 0 993 636 0 397 364 320 509 877 377 0 0 796 0 450 931 0 703 190 572 0 71 387 746 1 278 254 922 925 298 205 220 285 893 416 300 929 764 972 995 0 765 292 300 633 352 127 670 763 233 782 301 374 341 0 713 
532 761 0 492 0 188 161 799 0 234 0 421 0 276 553 364 469 73 626 209 429 439 815 214 132 884 890 142 599 0 590 254 0 824 180 0 882 321 200 0 0 370 0 247 359 208 0 0 0 389 433 112 0 992 0 0 362 769 714 250 322 0 869 503 413 0 0 780 195 904 764 494 747 118 399 966 336 0 703 298 73 0 474 0 884 262 0 0 629 196 409 0 475 0 609 254 468 705 674 522 570 0 676 0 0 708 965 648 494 0 820 0 979 140 242 869 180 0 826 915 437 289 998 0 588 295 983 0 155 898 281 984 754 209 942 207 601 659 547 656 47 474 0 0 906 274 274 0 0 609 895 0 420 992 905 0 726 486 0 0 0 116 582 0 146 168 888 433 0 351 973 0 0 0 0 3 163 0 416 517 486 103 
995 309 724 747 40 918 811 747 568 0 802 564 0 652 0 74 0 488 35 0 0 0 967 140 0 0 410 490 204 0 166 708 130 51 691 0 334 843 206 841 0 193 116 345 196 671 258 94 389 0 231 0 210 963 276 151 297 895 777 119 95 92 671 923 710 872 0 470 130 0 77 439 161 554 619 0 532 0 438 0 0 753 173 0 91 0 149 0 811 220 141 21 215 87 0 127 191 865 0 498 651 295 924 91 501 93 0 0 0 0 0 0 375 0 209 913 0 0 330 254 918 361 0 0 577 368 261 0 50 0 739 423 0 973 399 441 742 35 200 0 154 694 285 121 459 0 0 270 217 545 0 680 0 110 835 220 475 992 0 437 572 206 407 97 2 0 34 954 177 378 154 25 472 386 0 0 234 526 0 611 0 188 
928 300 458 557 0 238 933 0 547 0 811 318 295 520 566 799 0 327 0 0 555 0 0 784 0 0 0 449 338 438 383 17 0 504 83 401 341 733 40 327 723 38 307 476 0 317 397 741 433 231 0 872 781 294 373 157 0 784 497 0 0 0 0 207 922 594 941 230 108 304 709 177 0 218 541 981 27 0 0 0 829 113 129 268 0 625 859 902 440 709 0 500 0 0 707 569 0 46 0 587 0 851 138 397 0 251 406 215 912 0 960 875 294 853 93 757 60 0 934 136 107 932 211 0 631 485 469 704 665 463 902 545 609 0 148 993 337 772 74 34 250 0 9 795 552 129 0 778 0 624 0 31 93 407 206 221 439 916 993 344 0 0 0 351 691 844 0 598 20 510 963 0 729 297 895 0 782 299 900 982 313 764 
241 716 704 559 638 645 524 2 0 974 677 483 774 936 694 523 636 400 529 0 790 925 0 842 107 0 430 73 176 848 408 0 886 723 633 711 505 198 774 293 0 0 547 746 201 0 956 344 112 0 872 0 363 668 405 962 65 0 92 0 376 0 777 118 504 307 25 0 0 256 988 691 0 113 202 681 0 0 20 659 650 0 502 368 0 0 992 0 561 0 43 101 0 292 0 546 190 370 0 391 224 298 0 165 847 0 617 390 24 493 51 135 0 0 178 927 539 8 0 673 766 0 92 255 0 466 745 423 0 88 28 913 675 483 945 93 0 0 27 278 637 689 267 617 185 0 234 0 252 0 459 490 81 0 454 2 604 210 671 576 0 0 0 945 0 62 768 421 467 465 164 0 269 904 337 97 659 502 0 741 176 104 
997 957 795 926 0 882 123 463 0 0 990 204 271 558 0 427 665 840 416 603 984 515 0 720 554 534 576 24 818 0 0 489 909 339 741 56 60 0 0 478 244 769 0 579 761 760 643 750 0 210 781 363 0 8 495 956 0 0 525 62 56 130 210 859 24 339 0 446 190 188 338 521 509 466 571 0 885 0 0 796 710 455 974 524 444 537 840 654 517 782 0 503 993 410 962 543 0 296 581 324 879 521 694 0 223 698 418 383 249 0 837 846 0 617 921 562 995 528 716 0 328 203 696 360 0 541 290 708 320 290 865 0 711 631 0 527 640 0 826 649 0 0 982 542 134 374 402 0 353 0 259 820 852 0 0 891 999 588 806 148 518 0 0 3 527 0 153 114 0 72 769 804 620 605 922 895 543 701 0 433 936 763 
875 34 825 768 939 278 371 0 821 202 534 260 735 808 596 681 0 231 0 885 970 468 731 0 376 402 641 157 0 81 789 503 0 816 824 384 0 409 259 440 451 648 890 403 411 459 0 811 992 963 294 668 8 0 954 0 893 388 28 960 320 0 590 904 203 149 0 761 216 516 193 0 365 0 328 973 758 0 497 0 0 905 737 0 476 125 335 547 987 64 630 883 0 169 793 522 318 627 271 0 254 373 837 163 961 464 296 903 889 772 586 56 336 414 979 645 798 656 419 457 516 474 82 963 0 979 213 0 719 585 346 646 265 0 54 856 173 740 479 57 0 664 919 331 685 0 472 661 515 389 409 962 813 741 165 906 759 145 0 601 0 0 618 267 0 476 4 0 0 790 238 915 409 108 917 869 0 0 30 754 220 0 
916 0 83 846 915 922 613 0 0 380 0 911 761 598 655 155 357 894 571 870 268 0 879 813 75 453 82 0 998 403 689 0 0 713 778 43 0 974 168 0 790 275 1 451 123 62 726 0 0 276 373 405 495 954 0 731 957 565 627 0 574 360 0 233 262 854 737 349 697 0 609 526 170 948 492 297 422 554 0 812 641 889 599 461 0 91 468 0 467 976 892 551 68 816 702 829 607 0 430 249 0 556 759 815 634 741 371 0 272 192 584 738 989 72 371 430 334 0 0 709 143 558 0 0 473 0 0 0 126 720 680 825 251 0 742 782 134 0 511 0 0 928 917 634 679 0 565 630 438 103 480 626 341 997 266 622 313 636 867 0 124 742 641 91 544 959 645 650 769 0 717 458 622 408 0 227 741 578 979 99 259 0 
24 945 695 0 282 181 0 754 5 536 323 692 0 450 0 57 640 346 0 0 199 157 0 0 368 0 417 534 513 432 964 130 310 24 154 0 82 0 133 34 372 876 62 468 60 765 170 0 0 151 157 962 956 0 731 0 920 720 215 0 162 532 187 0 0 71 0 381 188 0 0 649 387 960 0 0 0 547 641 416 588 0 89 367 279 268 636 0 0 530 920 594 876 949 357 433 0 0 0 0 281 276 0 116 669 0 473 349 519 0 983 101 111 273 70 210 956 944 181 579 88 0 181 118 0 0 306 74 734 108 606 932 451 783 954 628 0 119 330 461 378 783 351 747 635 0 413 726 294 597 815 847 46 35 286 607 0 0 356 126 479 239 0 0 799 0 0 0 554 89 39 846 638 303 0 0 20 471 0 207 0 313 
963 852 449 165 148 85 613 230 427 453 805 551 407 0 399 553 351 0 367 116 59 554 960 341 263 426 123 911 0 646 728 828 361 0 654 716 185 174 383 701 0 359 925 862 0 457 492 0 362 297 0 65 0 893 957 920 0 159 0 192 394 473 750 0 600 786 682 925 84 529 688 239 434 186 831 425 365 304 980 570 0 0 956 652 44 0 0 111 66 96 0 0 366 211 709 974 0 13 0 19 0 689 765 380 549 714 320 0 90 0 187 0 421 579 853 0 700 0 0 530 740 0 764 633 386 0 955 708 916 994 0 526 0 337 59 0 548 531 684 142 249 906 163 979 342 944 0 897 789 162 815 357 463 865 0 235 87 546 0 452 696 0 298 733 500 68 0 459 364 0 167 752 0 17 779 373 0 0 101 143 0 596 
930 389 959 171 777 229 267 454 826 309 478 148 82 103 427 8 302 580 328 458 479 787 226 761 379 908 874 540 541 330 410 0 36 0 0 111 0 0 327 662 190 672 587 369 111 751 613 861 769 895 784 0 0 388 565 720 159 0 405 653 434 772 411 179 0 601 156 834 235 108 0 194 760 0 453 845 0 847 435 225 401 53 814 648 0 470 893 0 847 417 0 537 0 651 0 615 19 36 637 999 299 0 306 0 450 0 735 541 57 0 935 0 62 40 850 0 0 12 0 0 0 1 673 450 0 0 988 0 0 0 901 689 729 460 0 0 169 802 333 208 0 525 0 0 421 177 0 215 0 0 0 0 123 976 0 845 677 785 987 0 881 19 100 158 372 383 629 755 843 595 302 0 38 135 162 94 0 730 624 0 714 0 
884 5 673 301 0 672 756 0 0 0 691 362 0 0 878 848 530 46 796 31 659 350 0 0 0 662 6 0 85 583 251 0 182 793 0 110 666 0 0 440 888 589 798 839 577 102 153 0 714 777 497 92 525 28 627 215 0 405 0 906 0 741 0 0 59 507 822 0 255 719 813 0 600 727 275 694 710 702 483 886 821 0 654 800 326 262 0 753 0 46 711 780 76 0 0 76 676 0 512 211 0 55 592 773 856 362 905 62 0 710 813 985 0 0 634 978 14 928 0 230 185 311 784 577 533 0 749 944 754 687 0 0 494 24 956 901 303 457 297 0 898 510 730 897 365 632 866 270 902 733 550 9 433 0 361 0 254 424 397 0 556 0 45 721 677 383 898 0 228 918 822 581 42 0 641 839 0 0 110 0 582 0 
0 0 602 0 0 656 969 408 414 110 761 988 607 241 719 0 29 454 0 89 547 0 770 282 55 245 420 979 243 332 616 917 257 0 70 565 0 13 776 517 169 589 849 538 800 0 0 743 250 119 0 0 62 960 0 0 192 653 906 0 712 193 0 264 138 0 886 0 328 87 401 580 419 849 284 0 0 690 0 0 0 642 403 636 517 926 780 714 868 0 933 323 0 166 691 418 452 25 763 0 774 888 904 0 0 0 517 993 772 834 774 16 788 149 784 219 281 425 268 0 212 2 107 692 0 724 256 940 908 747 232 0 251 307 597 696 0 29 467 364 603 396 838 988 326 999 255 0 543 264 0 356 118 580 44 195 708 526 232 231 682 145 680 0 944 389 544 781 104 0 734 800 0 135 527 541 657 0 582 835 0 0 
0 207 0 726 0 427 345 732 821 203 616 0 0 706 197 187 0 0 508 920 121 0 925 414 270 850 960 0 129 0 606 281 757 653 744 660 612 0 786 0 219 957 187 38 997 168 781 821 322 95 0 376 56 320 574 162 394 434 0 712 0 371 0 230 583 913 570 979 678 0 0 147 0 759 48 33 48 838 182 0 647 316 0 661 903 36 0 585 512 344 387 474 727 834 0 847 625 573 0 733 383 625 443 0 162 0 164 0 0 510 706 0 0 463 703 259 985 0 618 0 245 0 658 0 6 746 249 557 623 0 0 26 257 0 0 237 841 267 533 0 322 433 103 0 155 0 466 750 217 425 0 0 737 999 996 667 649 368 233 687 132 0 373 49 528 234 0 460 112 0 378 0 191 504 31 718 798 12 0 892 545 404 
864 0 756 383 333 557 298 495 225 881 0 0 0 0 401 0 523 363 183 781 0 0 765 191 116 0 660 677 486 0 404 0 81 333 450 9 0 838 582 0 629 368 39 949 296 852 732 417 0 92 0 0 130 0 360 532 473 772 741 193 371 0 304 0 104 0 352 933 0 0 555 147 66 4 0 702 772 997 663 994 846 686 703 484 0 970 0 280 315 661 116 14 817 532 720 934 30 648 0 266 636 704 938 0 314 958 893 0 0 0 806 711 815 0 68 925 0 449 799 905 639 4 0 0 0 255 515 0 866 187 227 61 569 644 449 234 0 788 836 190 901 130 0 728 782 517 523 779 0 0 276 759 19 638 0 366 757 664 114 884 0 977 0 0 0 174 432 523 160 772 485 592 279 342 0 260 273 0 0 123 0 0 
79 56 0 659 190 0 0 0 709 884 183 196 944 248 657 594 436 232 658 761 481 110 0 198 14 262 0 0 484 244 504 146 598 703 603 591 0 890 0 798 769 409 239 0 249 757 181 0 869 671 0 777 210 590 0 187 750 411 0 0 0 304 0 298 968 0 0 636 71 334 568 249 809 690 0 807 0 753 27 0 0 408 972 249 0 929 380 0 380 524 784 769 183 0 547 967 71 159 316 102 0 47 0 0 111 618 557 719 998 279 833 0 335 104 0 0 631 811 0 512 807 0 230 0 658 886 0 0 521 0 556 563 788 765 0 0 313 544 273 903 875 0 530 7 752 0 692 790 702 809 821 67 0 0 0 0 671 235 0 0 0 872 534 0 91 418 655 0 0 0 607 112 565 464 691 555 492 845 958 429 57 0 
683 904 720 13 398 85 0 621 623 370 530 903 288 0 879 231 145 181 0 290 891 114 71 512 915 692 453 509 462 150 637 0 447 5 467 44 0 742 443 867 726 0 265 952 168 674 0 234 503 923 207 118 859 904 233 0 0 179 0 264 230 0 298 0 882 329 516 431 223 476 0 117 240 0 614 278 607 0 587 128 262 366 0 765 779 590 760 912 454 0 541 0 638 603 338 579 455 230 284 704 917 172 0 0 19 328 210 64 0 566 0 103 0 455 0 0 65 750 0 304 18 0 0 0 0 967 137 0 535 823 81 0 0 437 978 957 754 64 657 0 578 31 10 186 359 504 0 179 200 906 0 881 63 0 336 799 535 778 615 686 906 363 384 0 511 931 680 0 0 499 0 562 74 907 8 630 0 847 0 395 708 835 
