0 428 0 0 769 794 366 412 0 490 916 768 692 0 483 240 722 983 291 623 572 207 65 469 874 757 793 0 932 0 0 917 301 0 132 223 0 0 882 592 420 62 0 42 317 0 0 468 546 0 0 0 918 0 0 0 845 0 0 942 27 0 231 590 79 809 0 516 964 0 536 750 0 615 391 424 107 404 82 293 610 210 269 96 191 327 0 0 770 845 110 
428 0 925 44 465 554 638 378 785 967 990 121 49 957 957 0 194 0 972 687 0 231 528 988 472 564 477 0 783 0 987 158 333 77 230 301 0 291 0 15 0 0 0 887 735 220 52 332 98 519 834 730 757 79 948 166 832 0 39 215 811 0 0 700 0 124 0 0 606 326 733 570 0 307 0 977 302 282 462 0 0 0 662 0 0 390 190 86 495 915 38 
0 925 0 93 58 662 135 946 695 468 586 0 987 119 0 196 831 543 54 766 153 0 827 408 0 726 253 0 113 713 857 821 0 900 416 602 0 0 10 0 596 840 0 561 600 739 281 364 786 930 886 402 343 33 617 649 0 145 37 598 342 645 833 274 675 655 989 578 206 879 0 467 0 307 0 546 567 803 0 510 386 197 974 0 0 711 47 591 9 886 0 
0 44 93 0 0 0 591 91 0 11 0 616 971 969 985 504 693 0 521 792 851 175 485 14 911 970 261 544 846 821 0 351 31 963 0 0 219 0 525 697 732 47 727 828 423 996 0 819 939 456 149 0 513 0 0 120 469 191 763 0 800 0 360 0 104 0 0 0 418 905 0 852 0 324 0 878 622 193 0 456 0 316 286 962 201 129 0 0 595 801 0 
769 465 58 0 0 0 953 0 267 951 67 929 0 981 0 338 548 796 806 0 120 0 288 920 0 0 505 11 630 823 543 93 0 256 0 0 0 0 566 501 0 293 0 0 138 710 327 814 0 615 913 12 268 908 677 47 253 0 0 614 657 334 845 545 706 261 129 639 0 564 807 566 0 259 879 923 0 0 858 547 126 996 752 0 144 145 0 391 671 0 434 
794 554 662 0 0 0 719 0 228 724 754 134 48 0 477 0 229 171 0 176 269 0 0 313 746 0 861 0 0 615 107 630 0 925 951 849 750 0 659 665 91 0 0 282 282 749 0 0 955 864 418 0 664 885 789 381 239 0 743 551 521 648 0 902 713 77 253 0 261 929 243 876 620 254 378 887 281 574 729 165 193 361 794 646 24 823 60 603 0 0 230 
366 638 135 591 953 719 0 253 698 940 436 489 0 614 711 0 86 0 0 118 449 968 322 578 0 247 0 741 962 960 100 122 49 719 684 0 0 39 567 590 985 409 733 491 0 864 997 923 426 343 146 265 850 0 0 722 855 802 607 175 0 0 115 669 259 948 772 0 214 732 330 261 814 0 61 0 0 608 644 989 0 436 0 808 0 288 659 886 0 0 6 
412 378 946 91 0 0 253 0 0 858 0 786 503 669 716 210 691 777 136 596 479 471 54 522 0 226 0 817 829 577 811 841 751 0 0 448 597 901 935 0 0 648 0 751 123 818 0 182 350 189 852 515 662 823 762 505 958 22 0 579 672 246 868 592 396 159 885 102 0 0 0 89 0 0 0 602 787 256 196 667 0 840 875 246 0 985 355 101 0 582 697 
0 785 695 0 267 228 698 0 0 756 475 353 0 259 880 104 192 0 555 535 0 854 663 505 0 87 92 184 65 0 428 0 0 597 0 799 0 660 410 547 0 0 303 533 396 792 829 393 836 450 302 0 203 658 0 745 114 914 997 972 781 0 905 348 134 773 242 351 360 379 211 988 33 426 730 932 883 622 0 0 763 0 493 570 0 404 0 277 0 799 781 
490 967 468 11 951 724 940 858 756 0 0 330 723 282 0 0 317 915 796 405 0 428 0 0 779 0 832 291 929 0 243 909 157 0 538 0 0 149 100 115 417 261 615 225 468 700 663 577 128 107 553 0 0 522 27 0 920 307 871 649 0 383 508 850 160 69 0 0 0 382 0 0 354 641 777 36 336 0 993 455 0 620 744 217 121 0 0 346 586 51 858 
916 990 586 0 67 754 436 0 475 0 0 0 854 413 724 776 512 571 0 0 0 353 776 610 24 941 220 719 297 0 0 0 759 0 422 947 67 232 673 139 359 0 0 23 295 113 0 0 370 846 525 0 0 913 187 540 590 616 0 0 733 243 20 527 962 0 221 356 0 0 879 487 0 558 0 694 185 917 14 127 432 0 0 586 840 379 699 771 0 197 553 
768 121 0 616 929 134 489 786 353 330 0 0 60 0 0 317 0 658 661 144 849 0 565 700 350 839 720 0 775 891 47 23 914 304 537 0 0 572 661 617 270 548 734 87 787 535 0 678 145 0 658 0 0 792 597 0 971 858 39 133 257 637 0 235 963 705 566 878 325 401 544 200 406 638 985 850 0 55 907 570 635 246 149 448 278 876 493 74 979 0 0 
692 49 987 971 0 48 0 503 0 723 854 60 0 473 984 225 670 981 0 372 162 95 838 330 12 903 72 717 461 0 960 582 86 136 42 941 109 510 578 505 0 139 0 985 453 417 0 975 144 0 0 119 0 11 0 0 10 0 313 347 212 0 956 877 587 177 870 0 286 584 492 204 0 0 839 468 352 856 612 188 361 447 38 664 286 656 0 365 54 0 764 
0 957 119 969 981 0 614 669 259 282 413 0 473 0 0 467 835 589 78 815 0 449 247 182 214 793 305 122 0 453 599 50 0 0 941 701 915 599 0 0 638 419 973 0 0 5 883 0 0 0 565 62 968 753 0 345 901 626 0 725 725 538 249 303 0 277 0 840 0 879 824 297 777 0 182 464 488 978 898 414 160 279 935 952 79 0 972 0 310 0 443 
483 957 0 985 0 477 711 716 880 0 724 0 984 0 0 0 160 231 904 0 43 523 635 0 367 719 545 836 0 0 992 614 704 827 802 0 647 208 223 209 0 903 961 41 50 0 0 428 320 788 972 0 0 0 524 0 0 0 1 964 436 342 914 724 419 0 0 23 0 721 0 568 0 127 609 0 0 0 69 0 272 215 591 0 970 750 0 723 0 578 0 
240 0 196 504 338 0 0 210 104 0 776 317 225 467 0 0 0 0 0 0 336 0 0 0 693 0 117 0 0 195 374 943 774 977 418 297 126 261 408 657 191 145 479 0 0 0 643 189 935 533 937 66 637 857 693 121 397 871 632 507 91 754 0 303 811 118 556 46 610 747 175 0 539 59 609 151 588 399 14 0 155 447 659 604 343 0 292 4 856 392 43 
722 194 831 693 548 229 86 691 192 317 512 0 670 835 160 0 0 983 88 0 961 689 208 797 286 337 383 650 510 508 632 621 48 0 800 999 109 357 0 522 815 270 150 426 766 445 323 167 660 0 437 759 899 0 64 118 0 277 562 0 856 933 0 798 0 0 173 18 69 996 457 670 0 0 689 139 500 107 77 398 633 807 533 305 310 673 0 249 948 538 0 
983 0 543 0 796 171 0 777 0 915 571 658 981 589 231 0 983 0 844 883 459 0 714 908 718 955 309 604 0 62 574 438 550 0 166 153 0 457 122 309 156 196 0 235 0 0 445 118 109 329 16 0 21 0 111 618 20 867 408 360 0 326 0 0 0 76 0 166 257 0 972 0 101 750 335 25 975 0 415 0 190 0 495 651 872 521 0 783 827 761 934 
291 972 54 521 806 0 0 136 555 796 0 661 0 78 904 0 88 844 0 50 790 845 481 42 850 0 550 45 859 110 0 222 0 667 880 393 601 353 332 513 479 527 702 0 589 374 0 0 28 518 0 923 0 184 464 721 0 176 161 0 701 837 162 336 0 0 560 395 493 0 641 934 181 169 801 985 0 208 428 75 61 533 232 955 0 773 160 811 786 942 920 
623 687 766 792 0 176 118 596 535 405 0 144 372 815 0 0 0 883 50 0 134 0 897 342 0 270 489 415 317 860 650 379 920 0 542 605 10 853 0 716 121 0 0 692 629 426 312 0 907 917 943 0 846 600 999 0 0 0 347 652 427 0 842 742 489 0 800 152 888 235 772 857 645 164 103 536 393 717 468 841 590 244 0 922 727 231 526 346 73 498 678 
572 0 153 851 120 269 449 479 0 0 0 849 162 0 43 336 961 459 790 134 0 836 160 797 0 429 617 800 669 586 419 32 219 482 431 0 0 837 49 852 0 0 371 0 493 0 283 884 0 801 177 580 616 373 101 0 0 146 0 794 693 0 483 990 885 263 0 0 585 878 538 212 0 0 0 363 259 604 951 657 437 181 336 0 484 294 219 12 0 429 770 
207 231 0 175 0 0 968 471 854 428 353 0 95 449 523 0 689 0 845 0 836 0 513 351 437 679 0 971 958 863 228 724 0 949 289 0 0 739 255 759 820 319 857 524 731 556 546 0 14 879 622 735 251 652 378 259 63 0 433 85 0 0 0 773 686 0 61 768 0 217 619 0 0 219 595 345 727 0 24 675 457 116 0 49 540 6 986 194 0 623 0 
65 528 827 485 288 0 322 54 663 0 776 565 838 247 635 0 208 714 481 897 160 513 0 0 542 788 779 505 485 294 916 192 0 282 949 410 936 277 504 321 435 0 251 461 448 505 576 0 546 261 10 42 275 0 723 325 352 649 906 0 0 439 0 887 807 426 682 561 512 0 0 398 454 414 206 0 381 309 0 44 775 980 854 0 0 0 383 632 212 514 66 
469 988 408 14 920 313 578 522 505 0 610 700 330 182 0 0 797 908 42 342 797 351 0 0 11 0 0 665 665 934 954 539 0 428 449 208 968 0 722 0 0 896 250 61 0 0 0 991 608 594 158 0 587 675 0 149 719 774 433 0 0 0 0 0 804 0 0 900 205 533 635 149 0 0 619 273 0 779 0 682 164 51 0 453 946 8 973 570 415 370 95 
874 472 0 911 0 746 0 0 0 779 24 350 12 214 367 693 286 718 850 0 0 437 542 11 0 690 916 284 5 0 753 896 170 5 0 518 240 0 753 695 414 0 19 0 982 530 963 265 0 371 0 0 114 535 158 214 809 425 224 523 695 283 596 0 259 560 957 393 780 745 779 492 0 397 0 758 524 168 840 149 461 0 382 0 947 850 157 0 427 126 364 
757 564 726 970 0 0 247 226 87 0 941 839 903 793 719 0 337 955 0 270 429 679 788 0 690 0 87 242 673 196 660 164 0 14 41 823 0 258 971 750 0 469 716 537 723 367 779 0 927 477 244 777 175 691 532 467 853 212 0 606 0 858 0 311 389 647 373 890 749 0 425 25 392 994 829 845 47 0 271 518 0 669 874 582 0 0 201 74 755 688 770 
793 477 253 261 505 861 0 0 92 832 220 720 72 305 545 117 383 309 550 489 617 0 779 0 916 87 0 596 0 0 0 892 834 0 0 774 0 0 0 0 511 750 850 978 479 613 397 0 441 250 0 125 461 0 988 61 725 0 861 208 0 793 695 653 0 794 431 718 0 0 718 493 0 0 689 371 0 532 0 604 936 646 344 411 529 919 982 751 0 815 68 
0 0 0 544 11 0 741 817 184 291 719 0 717 122 836 0 650 604 45 415 800 971 505 665 284 242 596 0 48 176 0 0 410 504 0 699 0 278 922 0 789 338 626 69 0 573 710 720 849 0 537 0 736 735 256 787 464 633 0 0 602 878 567 114 0 0 108 565 0 89 88 447 559 67 0 854 417 275 966 148 272 488 789 656 0 583 176 979 187 902 0 
932 783 113 846 630 0 962 829 65 929 297 775 461 0 0 0 510 0 859 317 669 958 485 665 5 673 0 48 0 589 0 862 229 297 755 0 2 83 676 352 88 831 160 286 549 776 400 467 711 17 717 453 0 64 144 485 982 37 181 950 836 260 74 0 0 236 93 611 677 978 0 0 0 922 14 300 575 0 0 621 440 794 720 555 816 314 0 51 0 137 699 
0 0 713 821 823 615 960 577 0 0 0 891 0 453 0 195 508 62 110 860 586 863 294 934 0 196 0 176 589 0 0 363 561 624 692 480 534 251 632 0 775 553 0 0 0 618 751 155 542 998 311 0 0 0 0 607 622 0 259 0 0 0 0 901 452 99 0 0 622 0 0 454 0 260 0 207 822 0 0 673 82 259 0 0 0 492 20 0 453 0 826 
0 987 857 0 543 107 100 811 428 243 0 47 960 599 992 374 632 574 0 650 419 228 916 954 753 660 0 0 0 0 0 622 973 664 0 0 837 0 992 498 0 616 0 0 728 243 0 386 742 36 0 659 906 418 439 959 238 643 432 624 718 0 125 59 644 773 516 0 236 101 0 290 560 272 982 523 394 412 40 733 154 992 751 0 837 0 683 0 0 201 0 
917 158 821 351 93 630 122 841 0 909 0 23 582 50 614 943 621 438 222 379 32 724 192 539 896 164 892 0 862 363 622 0 510 271 113 425 781 992 497 745 0 323 0 62 0 15 0 153 0 752 136 171 0 53 338 767 433 50 0 0 0 238 552 601 0 0 0 575 280 851 154 0 754 734 836 411 786 445 380 343 0 630 625 0 189 453 816 0 27 284 35 
301 333 0 31 0 0 49 751 0 157 759 914 86 0 704 774 48 550 0 920 219 0 0 0 170 0 834 410 229 561 973 510 0 0 0 221 691 129 78 708 490 767 386 0 837 0 758 0 27 273 855 0 343 616 297 85 0 211 0 697 0 667 707 635 987 219 0 0 836 798 810 718 355 533 0 180 558 571 0 269 113 553 0 970 8 239 324 714 834 494 412 
0 77 900 963 256 925 719 0 597 0 0 304 136 0 827 977 0 0 667 0 482 949 282 428 5 14 0 504 297 624 664 271 0 0 0 754 9 303 0 634 550 680 605 410 2 0 18 910 0 354 87 602 0 441 954 0 816 570 155 654 239 54 633 531 65 713 868 853 0 284 870 612 123 990 53 731 641 376 299 0 0 125 977 862 0 678 0 826 451 119 125 
132 230 416 0 0 951 684 0 0 538 422 537 42 941 802 418 800 166 880 542 431 289 949 449 0 41 0 0 755 692 0 113 0 0 0 0 795 173 923 640 902 2 645 0 0 0 596 0 631 112 244 456 557 211 986 0 251 0 502 0 0 771 0 0 0 476 67 835 716 0 0 302 350 0 411 343 638 883 516 0 947 310 0 823 20 0 927 554 548 18 71 
223 301 602 0 0 849 0 448 799 0 947 0 941 701 0 297 999 153 393 605 0 0 410 208 518 823 774 699 0 480 0 425 221 754 0 0 774 676 0 601 826 0 1 435 0 0 585 664 5 298 0 0 225 0 0 499 258 0 770 731 654 714 48 0 0 534 0 826 0 168 613 282 0 62 0 301 922 190 624 672 40 707 0 128 356 38 0 0 0 0 220 
0 0 0 219 0 750 0 597 0 0 67 0 109 915 647 126 109 0 601 10 0 0 936 968 240 0 0 0 2 534 837 781 691 9 795 774 0 162 943 291 0 0 0 0 800 876 5 270 0 0 576 0 215 66 705 0 893 219 397 538 795 219 185 921 826 781 820 171 856 634 0 348 602 805 200 571 820 336 48 231 639 669 0 611 0 866 0 0 858 575 0 
0 291 0 0 0 0 39 901 660 149 232 572 510 599 208 261 357 457 353 853 837 739 277 0 0 258 0 278 83 251 0 992 129 303 173 676 162 0 924 425 357 102 0 563 0 836 0 43 698 709 147 35 23 471 221 50 0 0 112 309 82 902 875 670 0 353 568 855 384 0 513 171 87 489 0 255 583 437 468 720 494 985 85 470 201 503 0 746 72 0 871 
882 0 10 525 566 659 567 935 410 100 673 661 578 0 223 408 0 122 332 0 49 255 504 722 753 971 0 922 676 632 992 497 78 0 923 0 943 924 0 0 187 623 159 352 0 144 680 315 217 349 799 686 0 455 406 605 0 729 331 82 623 495 0 943 0 483 444 213 776 16 0 0 36 553 695 0 914 712 900 159 0 0 575 440 0 0 0 114 210 0 0 
592 15 0 697 501 665 590 0 547 115 139 617 505 0 209 657 522 309 513 716 852 759 321 0 695 750 0 0 352 0 498 745 708 634 640 601 291 425 0 0 0 0 0 387 887 132 457 0 629 166 472 492 893 0 151 0 55 0 73 241 702 387 114 740 0 983 0 104 407 854 346 642 125 577 701 576 950 78 668 45 876 0 704 575 858 828 826 685 778 387 767 
420 0 596 732 0 91 985 0 0 417 359 270 0 638 0 191 815 156 479 121 0 820 435 0 414 0 511 789 88 775 0 0 490 550 902 826 0 357 187 0 0 508 63 0 529 0 0 658 548 384 177 66 0 0 0 765 0 993 98 2 0 0 0 0 0 265 379 0 0 0 0 662 0 78 0 347 608 392 916 191 0 632 73 0 0 413 342 0 201 268 302 
62 0 840 47 293 0 409 648 0 261 0 548 139 419 903 145 270 196 527 0 0 319 0 896 0 469 750 338 831 553 616 323 767 680 2 0 0 102 623 0 508 0 0 74 549 0 297 270 395 452 437 690 0 0 0 914 0 612 0 274 0 719 0 774 0 919 0 956 969 409 984 0 342 127 0 630 322 0 0 329 0 0 593 0 0 0 76 0 824 200 704 
0 0 0 727 0 0 733 0 303 615 0 734 0 973 961 479 150 0 702 0 371 857 251 250 19 716 850 626 160 0 0 0 386 605 645 1 0 0 159 0 63 0 0 561 496 452 539 909 0 556 0 521 0 0 464 759 835 227 561 0 347 454 0 0 711 0 401 320 295 0 808 746 409 736 109 0 961 0 201 807 497 269 223 715 0 0 893 0 0 212 0 
42 887 561 828 0 282 491 751 533 225 23 87 985 0 41 0 426 235 0 692 0 524 461 61 0 537 978 69 286 0 0 62 0 410 0 435 0 563 352 387 0 74 561 0 96 937 0 195 831 466 931 267 362 614 0 770 0 501 748 61 937 0 656 806 661 829 0 450 80 426 212 523 196 38 840 495 264 842 0 0 383 78 0 0 145 0 0 0 0 808 499 
317 735 600 423 138 282 0 123 396 468 295 787 453 0 50 0 766 0 589 629 493 731 448 0 982 723 479 0 549 0 728 0 837 2 0 0 800 0 0 887 529 549 496 96 0 967 745 661 0 495 890 197 958 914 453 134 910 105 340 852 0 540 359 177 643 905 0 631 832 0 0 495 0 793 86 0 163 988 475 400 0 260 282 0 762 708 0 713 734 58 0 
0 220 739 996 710 749 864 818 792 700 113 535 417 5 0 0 445 0 374 426 0 556 505 0 530 367 613 573 776 618 243 15 0 0 0 0 876 836 144 132 0 0 452 937 967 0 878 402 368 231 0 884 48 3 484 852 973 341 639 570 323 334 0 0 259 49 912 0 346 435 756 734 514 189 788 777 0 198 0 570 212 369 356 880 0 616 832 151 159 598 0 
0 52 281 0 327 0 997 0 829 663 0 0 0 883 0 643 323 445 0 312 283 546 576 0 963 779 397 710 400 751 0 0 758 18 596 585 5 0 680 457 0 297 539 0 745 878 0 814 966 0 819 123 96 991 638 219 0 198 0 717 157 884 214 0 592 286 602 0 526 80 386 565 0 0 0 281 662 705 0 0 338 301 911 744 448 719 942 124 457 239 0 
468 332 364 819 814 0 923 182 393 577 0 678 975 0 428 189 167 118 0 0 884 0 0 991 265 0 0 720 467 155 386 153 0 910 0 664 270 43 315 0 658 270 909 195 661 402 814 0 0 0 378 131 119 562 745 237 203 0 9 987 784 0 0 733 0 341 86 747 785 918 175 0 424 178 247 0 908 0 207 899 804 71 19 78 437 1 60 535 998 884 256 
546 98 786 939 0 955 426 350 836 128 370 145 144 0 320 935 660 109 28 907 0 14 546 608 0 927 441 849 711 542 742 0 27 0 631 5 0 698 217 629 548 395 0 831 0 368 966 0 0 0 251 796 597 913 870 0 0 903 579 0 11 103 95 811 981 379 0 0 0 850 166 87 0 704 0 760 978 0 881 0 270 685 63 472 168 477 280 653 684 0 0 
0 519 930 456 615 864 343 189 450 107 846 0 0 0 788 533 0 329 518 917 801 879 261 594 371 477 250 0 17 998 36 752 273 354 112 298 0 709 349 166 384 452 556 466 495 231 0 0 0 0 333 482 902 152 0 43 515 852 0 495 623 623 492 0 157 666 0 958 0 0 276 290 689 801 261 998 922 166 84 0 331 130 855 474 0 824 291 964 680 590 484 
0 834 886 149 913 418 146 852 302 553 525 658 0 565 972 937 437 16 0 943 177 622 10 158 0 244 0 537 717 311 0 136 855 87 244 0 576 147 799 472 177 437 0 931 890 0 819 378 251 333 0 697 355 980 789 744 203 0 817 78 531 240 820 953 765 0 384 674 454 145 24 414 121 377 485 144 460 713 467 0 972 0 0 925 0 0 929 863 560 0 880 
0 730 402 0 12 0 265 515 0 0 0 0 119 62 0 66 759 0 923 0 580 735 42 0 0 777 125 0 453 0 659 171 0 602 456 0 0 35 686 492 66 690 521 267 197 884 123 131 796 482 697 0 860 0 856 226 953 115 783 179 0 220 0 912 231 434 396 893 0 248 266 0 733 873 27 0 478 0 43 217 746 215 341 777 652 499 714 74 647 466 0 
918 757 343 513 268 664 850 662 203 0 0 0 0 968 0 637 899 21 0 846 616 251 275 587 114 175 461 736 0 0 906 0 343 0 557 225 215 23 0 893 0 0 0 362 958 48 96 119 597 902 355 860 0 723 359 425 0 0 0 829 0 925 0 562 946 88 0 846 865 643 0 0 0 423 304 728 749 820 952 416 941 160 525 0 800 571 0 460 375 977 220 
0 79 33 0 908 885 0 823 658 522 913 792 11 753 0 857 0 0 184 600 373 652 0 675 535 691 0 735 64 0 418 53 616 441 211 0 66 471 455 0 0 0 0 614 914 3 991 562 913 152 980 0 723 0 0 360 998 146 490 53 234 0 561 893 0 141 494 410 893 0 904 139 179 268 326 179 840 0 235 0 182 31 515 434 831 335 171 0 0 0 50 
0 948 617 0 677 789 0 762 0 27 187 597 0 0 524 693 64 111 464 999 101 378 723 0 158 532 988 256 144 0 439 338 297 954 986 0 705 221 406 151 0 0 464 0 453 484 638 745 870 0 789 856 359 0 0 835 724 377 779 56 0 91 0 427 0 666 0 0 417 106 0 489 661 436 341 0 169 94 711 403 223 233 0 0 261 234 0 983 981 895 576 
0 166 649 120 47 381 722 505 745 0 540 0 0 345 0 121 118 618 721 0 0 259 325 149 214 467 61 787 485 607 959 767 85 0 0 499 0 50 605 0 765 914 759 770 134 852 219 237 0 43 744 226 425 360 835 0 726 978 88 170 82 334 0 635 185 0 525 290 931 0 500 609 780 837 493 845 0 196 582 95 859 0 177 765 0 371 0 0 182 172 776 
845 832 0 469 253 239 855 958 114 920 590 971 10 901 0 397 0 20 0 0 0 63 352 719 809 853 725 464 982 622 238 433 0 816 251 258 893 0 0 55 0 0 835 0 910 973 0 203 0 515 203 953 0 998 724 726 0 609 795 662 733 0 593 0 401 0 130 966 80 767 974 328 977 296 648 0 0 470 649 381 267 0 439 86 0 0 707 596 0 0 195 
0 0 145 191 0 0 802 22 914 307 616 858 0 626 0 871 277 867 176 0 146 0 649 774 425 212 0 633 37 0 643 50 211 570 0 0 219 0 729 0 993 612 227 501 105 341 198 0 903 852 0 115 0 146 377 978 609 0 64 427 841 985 860 0 98 344 418 0 776 301 0 391 784 742 319 725 74 106 0 371 389 147 0 0 0 532 726 863 429 375 262 
0 39 37 763 0 743 607 0 997 871 0 39 313 0 1 632 562 408 161 347 0 433 906 433 224 0 861 0 181 259 432 0 0 155 502 770 397 112 331 73 98 0 561 748 340 639 0 9 579 0 817 783 0 490 779 88 795 64 0 486 275 995 187 0 0 946 556 88 0 317 0 955 237 594 38 152 657 94 0 0 61 690 330 0 0 627 38 173 600 410 201 
942 215 598 0 614 551 175 579 972 649 0 133 347 725 964 507 0 360 0 652 794 85 0 0 523 606 208 0 950 0 624 0 697 654 0 731 538 309 82 241 2 274 0 61 852 570 717 987 0 495 78 179 829 53 56 170 662 427 486 0 0 368 0 0 275 235 528 399 365 692 196 680 228 0 276 495 118 862 927 0 325 429 0 0 993 481 859 103 202 577 190 
27 811 342 800 657 521 0 672 781 0 733 257 212 725 436 91 856 0 701 427 693 0 0 0 695 0 0 602 836 0 718 0 0 239 0 654 795 82 623 702 0 0 347 937 0 323 157 784 11 623 531 0 0 234 0 82 733 841 275 0 0 0 932 705 523 0 96 959 0 754 671 720 39 630 286 468 278 910 74 251 972 237 209 717 363 477 889 867 234 372 703 
0 0 645 0 334 648 0 246 0 383 243 637 0 538 342 754 933 326 837 0 0 0 439 0 283 858 793 878 260 0 0 238 667 54 771 714 219 902 495 387 0 719 454 0 540 334 884 0 103 623 240 220 925 0 91 334 0 985 995 368 0 0 791 386 823 583 26 981 0 962 467 0 24 666 603 609 975 821 425 0 432 394 478 978 958 577 180 0 655 214 710 
231 0 833 360 845 0 115 868 905 508 20 0 956 249 914 0 0 0 162 842 483 0 0 0 596 0 695 567 74 0 125 552 707 633 0 48 185 875 0 114 0 0 0 656 359 0 214 0 95 492 820 0 0 561 0 0 593 860 187 0 932 791 0 478 134 0 0 0 0 21 0 130 528 0 549 765 224 594 0 989 81 0 0 0 0 573 0 565 475 0 221 
590 700 274 0 545 902 669 592 348 850 527 235 877 303 724 303 798 0 336 742 990 773 887 0 0 311 653 114 0 901 59 601 635 531 0 0 921 670 943 740 0 774 0 806 177 0 0 733 811 0 953 912 562 893 427 635 0 0 0 0 705 386 478 0 708 619 776 0 374 381 363 773 80 476 677 774 400 688 100 0 548 782 250 0 319 701 44 795 0 441 825 
79 0 675 104 706 713 259 396 134 160 962 963 587 0 419 811 0 0 0 489 885 686 807 804 259 389 0 0 0 452 644 0 987 65 0 0 826 0 0 0 0 0 711 661 643 259 592 0 981 157 765 231 946 0 0 185 401 98 0 275 523 823 134 708 0 155 89 423 487 0 61 0 251 339 0 0 0 969 346 183 648 268 128 807 0 0 0 170 0 995 301 
809 124 655 0 261 77 948 159 773 69 0 705 177 277 0 118 0 76 0 0 263 0 426 0 560 647 794 0 236 99 773 0 219 713 476 534 781 353 483 983 265 919 0 829 905 49 286 341 379 666 0 434 88 141 666 0 0 344 946 235 0 583 0 619 155 0 250 184 805 989 0 0 173 529 98 886 737 0 631 651 28 626 7 489 23 990 0 401 711 913 128 
0 0 989 0 129 253 772 885 242 0 221 566 870 0 0 556 173 0 560 800 0 61 682 0 957 373 431 108 93 0 516 0 0 868 67 0 820 568 444 0 379 0 401 0 0 912 602 86 0 0 384 396 0 494 0 525 130 418 556 528 96 26 0 776 89 250 0 0 427 853 774 956 515 993 0 947 18 130 0 732 137 905 257 0 584 0 279 185 0 0 368 
516 0 578 0 639 0 0 102 351 0 356 878 0 840 23 46 18 166 395 152 0 768 561 900 393 890 718 565 611 0 0 575 0 853 835 826 171 855 213 104 0 956 320 450 631 0 0 747 0 958 674 893 846 410 0 290 966 0 88 399 959 981 0 0 423 184 0 0 567 239 904 863 796 129 0 888 631 0 169 760 846 954 858 904 0 997 153 851 93 0 871 
964 606 206 418 0 261 214 0 360 0 0 325 286 0 0 610 69 257 493 888 585 0 512 205 780 749 0 0 677 622 236 280 836 0 716 0 856 384 776 407 0 969 295 80 832 346 526 785 0 0 454 0 865 893 417 931 80 776 0 365 0 0 0 374 487 805 427 567 0 780 128 0 875 954 503 555 540 655 0 0 364 735 810 61 0 0 254 778 94 16 0 
0 326 879 905 564 929 732 0 379 382 0 401 584 879 721 747 996 0 0 235 878 217 0 533 745 0 0 89 978 0 101 851 798 284 0 168 634 0 16 854 0 409 0 426 0 435 80 918 850 0 145 248 643 0 106 0 767 301 317 692 754 962 21 381 0 989 853 239 780 0 576 782 962 0 891 665 0 424 995 562 211 0 269 131 956 344 823 968 684 0 830 
536 733 0 0 807 243 330 0 211 0 879 544 492 824 0 175 457 972 641 772 538 619 0 635 779 425 718 88 0 0 0 154 810 870 0 613 0 513 0 346 0 984 808 212 0 756 386 175 166 276 24 266 0 904 0 500 974 0 0 196 671 467 0 363 61 0 774 904 128 576 0 0 723 117 0 632 0 300 999 0 0 280 90 0 685 56 905 978 7 376 0 
750 570 467 852 566 876 261 89 988 0 487 200 204 297 568 0 670 0 934 857 212 0 398 149 492 25 493 447 0 454 290 0 718 612 302 282 348 171 0 642 662 0 746 523 495 734 565 0 87 290 414 0 0 139 489 609 328 391 955 680 720 0 130 773 0 0 956 863 0 782 0 0 180 511 624 0 240 0 752 944 0 838 178 193 736 0 716 219 516 976 0 
0 0 0 0 0 620 814 0 33 354 0 406 0 777 0 539 0 101 181 645 0 0 454 0 0 392 0 559 0 0 560 754 355 123 350 0 602 87 36 125 0 342 409 196 0 514 0 424 0 689 121 733 0 179 661 780 977 784 237 228 39 24 528 80 251 173 515 796 875 962 723 180 0 0 342 816 643 709 632 344 465 319 0 0 974 447 883 835 570 0 0 
615 307 307 324 259 254 0 0 426 641 558 638 0 0 127 59 0 750 169 164 0 219 414 0 397 994 0 67 922 260 272 734 533 990 0 62 805 489 553 577 78 127 736 38 793 189 0 178 704 801 377 873 423 268 436 837 296 742 594 0 630 666 0 476 339 529 993 129 954 0 117 511 0 0 211 26 282 0 600 843 247 455 782 251 113 202 229 0 0 0 0 
391 0 0 0 879 378 61 0 730 777 0 985 839 182 609 609 689 335 801 103 0 595 206 619 0 829 689 0 14 0 982 836 0 53 411 0 200 0 695 701 0 0 109 840 86 788 0 247 0 261 485 27 304 326 341 493 648 319 38 276 286 603 549 677 0 98 0 0 503 891 0 624 342 211 0 0 0 977 737 878 996 820 27 77 232 988 189 0 691 0 804 
424 977 546 878 923 887 0 602 932 36 694 850 468 464 0 151 139 25 985 536 363 345 0 273 758 845 371 854 300 207 523 411 180 731 343 301 571 255 0 576 347 630 0 495 0 777 281 0 760 998 144 0 728 179 0 845 0 725 152 495 468 609 765 774 0 886 947 888 555 665 632 0 816 26 0 0 592 357 535 691 0 213 580 207 119 0 456 668 0 499 0 
107 302 567 622 0 281 0 787 883 336 185 0 352 488 0 588 500 975 0 393 259 727 381 0 524 47 0 417 575 822 394 786 558 641 638 922 820 583 914 950 608 322 961 264 163 0 662 908 978 922 460 478 749 840 169 0 0 74 657 118 278 975 224 400 0 737 18 631 540 0 0 240 643 282 0 592 0 448 703 423 835 175 503 727 325 670 0 0 406 452 844 
404 282 803 193 0 574 608 256 622 0 917 55 856 978 0 399 107 0 208 717 604 0 309 779 168 0 532 275 0 0 412 445 571 376 883 190 336 437 712 78 392 0 0 842 988 198 705 0 0 166 713 0 820 0 94 196 470 106 94 862 910 821 594 688 969 0 130 0 655 424 300 0 709 0 977 357 448 0 0 193 994 0 129 0 716 0 124 0 727 350 0 
82 462 0 0 858 729 644 196 0 993 14 907 612 898 69 14 77 415 428 468 951 24 0 0 840 271 0 966 0 0 40 380 0 299 516 624 48 468 900 668 916 0 201 0 475 0 0 207 881 84 467 43 952 235 711 582 649 0 0 927 74 425 0 100 346 631 0 169 0 995 999 752 632 600 737 535 703 0 0 795 939 18 0 82 936 317 58 159 0 1 344 
293 0 510 456 547 165 989 667 0 455 127 570 188 414 0 0 398 0 75 841 657 675 44 682 149 518 604 148 621 673 733 343 269 0 0 672 231 720 159 45 191 329 807 0 400 570 0 899 0 0 0 217 416 0 403 95 381 371 0 0 251 0 989 0 183 651 732 760 0 562 0 944 344 843 878 691 423 193 795 0 526 713 926 760 146 846 0 845 0 209 2 
610 0 386 0 126 193 0 0 763 0 432 635 361 160 272 155 633 190 61 590 437 457 775 164 461 0 936 272 440 82 154 0 113 0 947 40 639 494 0 876 0 0 497 383 0 212 338 804 270 331 972 746 941 182 223 859 267 389 61 325 972 432 81 548 648 28 137 846 364 211 0 0 465 247 996 0 835 994 939 526 0 914 447 707 326 0 0 692 228 0 424 
210 0 197 316 996 361 436 840 0 620 0 246 447 279 215 447 807 0 533 244 181 116 980 51 0 669 646 488 794 259 992 630 553 125 310 707 669 985 0 0 632 0 269 78 260 369 301 71 685 130 0 215 160 31 233 0 0 147 690 429 237 394 0 782 268 626 905 954 735 0 280 838 319 455 820 213 175 0 18 713 914 0 747 302 0 201 996 468 0 0 732 
269 662 974 286 752 794 0 875 493 744 0 149 38 935 591 659 533 495 232 0 336 0 854 0 382 874 344 789 720 0 751 625 0 977 0 0 0 85 575 704 73 593 223 0 282 356 911 19 63 855 0 341 525 515 0 177 439 0 330 0 209 478 0 250 128 7 257 858 810 269 90 178 0 782 27 580 503 129 0 926 447 747 0 15 0 0 489 891 909 833 940 
96 0 0 962 0 646 808 246 570 217 586 448 664 952 0 604 305 651 955 922 0 49 0 453 0 582 411 656 555 0 0 0 970 862 823 128 611 470 440 575 0 0 715 0 0 880 744 78 472 474 925 777 0 434 0 765 86 0 0 0 717 978 0 0 807 489 0 904 61 131 0 193 0 251 77 207 727 0 82 760 707 302 15 0 0 745 541 922 0 904 29 
191 0 0 201 144 24 0 0 0 121 840 278 286 79 970 343 310 872 0 727 484 540 0 946 947 0 529 0 816 0 837 189 8 0 20 356 0 201 0 858 0 0 0 145 762 0 448 437 168 0 0 652 800 831 261 0 0 0 0 993 363 958 0 319 0 23 584 0 0 956 685 736 974 113 232 119 325 716 936 146 326 0 0 0 0 116 0 100 0 551 447 
327 390 711 129 145 823 288 985 404 0 379 876 656 0 750 0 673 521 773 231 294 6 0 8 850 0 919 583 314 492 0 453 239 678 0 38 866 503 0 828 413 0 0 0 708 616 719 1 477 824 0 499 571 335 234 371 0 532 627 481 477 577 573 701 0 990 0 997 0 344 56 0 447 202 988 0 670 0 317 846 0 201 0 745 116 0 679 975 869 574 427 
0 190 47 0 0 60 659 355 0 0 699 493 0 972 0 292 0 0 160 526 219 986 383 973 157 201 982 176 0 20 683 816 324 0 927 0 0 0 0 826 342 76 893 0 0 832 942 60 280 291 929 714 0 171 0 0 707 726 38 859 889 180 0 44 0 0 279 153 254 823 905 716 883 229 189 456 0 124 58 0 0 996 489 541 0 679 0 0 312 795 923 
0 86 591 0 391 603 886 101 277 346 771 74 365 0 723 4 249 783 811 346 12 194 632 570 0 74 751 979 51 0 0 0 714 826 554 0 0 746 114 685 0 0 0 0 713 151 124 535 653 964 863 74 460 0 983 0 596 863 173 103 867 0 565 795 170 401 185 851 778 968 978 219 835 0 0 668 0 0 159 845 692 468 891 922 100 975 0 0 396 566 42 
770 495 9 595 671 0 0 0 0 586 0 979 54 310 0 856 948 827 786 73 0 0 212 415 427 755 0 187 0 453 0 27 834 451 548 0 858 72 210 778 201 824 0 0 734 159 457 998 684 680 560 647 375 0 981 182 0 429 600 202 234 655 475 0 0 711 0 93 94 684 7 516 570 0 691 0 406 727 0 0 228 0 909 0 0 869 312 396 0 214 9 
845 915 886 801 0 0 0 582 799 51 197 0 0 0 578 392 538 761 942 498 429 623 514 370 126 688 815 902 137 0 201 284 494 119 18 0 575 0 0 387 268 200 212 808 58 598 239 884 0 590 0 466 977 0 895 172 0 375 410 577 372 214 0 441 995 913 0 0 16 0 376 976 0 0 0 499 452 350 1 209 0 0 833 904 551 574 795 566 214 0 190 
110 38 0 0 434 230 6 697 781 858 553 0 764 443 0 43 0 934 920 678 770 0 66 95 364 770 68 0 699 826 0 35 412 125 71 220 0 871 0 767 302 704 0 499 0 0 0 256 0 484 880 0 220 50 576 776 195 262 201 190 703 710 221 825 301 128 368 871 0 830 0 0 0 0 804 0 844 0 344 2 424 732 940 29 447 427 923 42 9 190 0 
