0 0 0 992 221 596 0 175 0 599 0 705 659 773 325 509 220 0 133 0 361 68 95 559 72 0 214 0 0 773 0 243 637 839 725 283 571 155 0 777 760 0 382 384 533 467 577 370 910 347 831 857 319 559 997 740 159 592 817 0 799 211 684 0 0 457 0 0 685 646 512 0 106 887 640 407 717 763 434 0 185 148 0 0 202 689 409 569 0 0 391 0 736 89 181 164 550 0 91 76 403 637 712 152 990 198 997 0 849 401 97 378 182 585 233 161 262 785 13 
0 0 587 928 255 0 570 64 0 56 0 0 768 442 721 43 86 848 976 0 785 0 0 948 649 999 170 374 815 892 207 373 495 780 331 420 408 564 607 462 918 353 231 560 387 851 861 692 695 151 0 574 317 830 0 801 0 0 997 991 0 654 0 69 788 412 239 0 972 54 754 636 794 465 0 755 352 59 382 786 114 770 0 0 450 465 409 211 0 724 28 505 872 0 0 294 0 817 828 967 350 0 843 146 206 394 0 116 0 909 701 436 686 388 272 57 0 50 0 
0 587 0 17 0 999 0 226 638 521 840 0 441 0 2 660 0 228 0 163 0 276 321 0 629 405 0 758 524 0 0 453 627 0 0 659 663 566 53 243 0 397 881 341 431 989 834 612 169 376 0 0 0 865 0 701 337 0 452 670 0 0 5 225 997 405 0 0 278 296 820 906 320 624 824 863 191 964 0 344 195 948 0 47 211 0 0 794 335 42 220 724 247 0 82 0 0 188 0 879 0 454 664 821 974 214 776 291 941 0 503 859 858 242 179 176 48 440 355 
992 928 17 0 0 470 943 850 373 111 0 0 532 0 388 775 424 144 674 0 102 0 642 790 436 764 14 0 61 720 0 271 804 672 131 729 294 0 379 733 965 743 367 226 296 8 882 784 28 0 0 0 519 726 178 0 0 855 658 143 527 796 171 170 315 332 561 545 167 465 0 245 0 685 814 465 411 0 0 957 320 652 579 727 698 935 911 249 984 705 169 0 261 0 0 798 0 395 0 98 195 0 323 904 82 299 64 856 617 0 662 189 724 799 378 917 665 106 969 
221 255 0 0 0 0 338 618 0 462 0 726 0 41 187 0 234 539 170 973 0 757 0 989 0 0 267 643 0 997 0 411 0 723 825 633 815 0 848 190 255 278 320 626 583 0 638 185 771 0 791 973 0 0 948 116 102 873 663 13 409 0 0 746 684 535 861 426 317 0 65 402 241 0 0 0 284 0 349 849 538 613 0 0 374 0 358 0 981 778 18 0 154 445 859 290 135 238 756 138 224 878 0 849 0 695 53 433 865 486 27 906 139 820 0 0 516 174 0 
596 0 999 470 0 0 764 982 439 547 208 652 938 0 152 580 524 497 0 0 612 335 769 460 858 730 908 0 172 0 0 224 350 87 390 51 871 505 0 173 132 595 961 0 84 881 0 379 0 805 541 388 943 357 530 847 358 606 0 445 0 445 455 0 45 751 211 561 143 0 0 20 371 0 0 536 88 955 31 418 326 303 299 0 555 333 117 274 760 552 0 931 501 467 0 0 454 400 473 143 172 200 157 0 773 491 81 347 877 0 997 0 852 805 649 412 0 249 0 
0 570 0 943 338 764 0 0 0 954 0 260 26 867 280 952 902 107 953 451 262 0 500 835 0 199 622 442 650 300 422 0 317 60 650 97 143 456 0 0 171 613 0 254 0 0 0 591 0 56 658 928 0 538 935 384 383 0 469 0 805 0 333 0 605 774 0 647 968 891 40 879 660 113 18 824 436 971 91 0 0 576 947 768 932 0 0 0 289 883 0 19 0 0 735 241 925 9 691 954 414 0 655 238 0 129 967 810 222 0 922 497 0 0 0 651 827 904 498 
175 64 226 850 618 982 0 0 803 140 132 303 745 586 378 75 765 0 0 271 310 556 331 563 933 0 55 712 239 369 224 861 430 728 0 860 0 212 0 23 456 478 0 669 598 796 164 999 895 175 0 941 29 532 659 113 0 983 0 0 108 274 633 0 0 940 0 903 875 0 201 525 978 0 0 188 0 833 0 0 148 896 49 0 0 0 719 559 94 380 0 374 194 225 246 64 694 596 979 117 965 392 934 0 0 257 0 0 327 0 480 92 0 943 997 389 657 349 0 
0 0 638 373 0 439 0 803 0 692 0 367 579 922 544 0 365 0 405 910 0 845 997 0 86 204 759 0 56 17 861 630 766 0 604 759 781 0 965 814 846 439 978 537 0 189 97 888 488 0 80 144 201 659 0 0 388 683 0 0 760 380 735 0 0 708 0 287 821 737 711 173 305 423 786 554 82 160 794 416 144 586 774 757 230 147 582 883 804 140 150 900 679 415 0 0 0 586 903 730 268 0 768 0 0 31 0 640 724 410 881 0 162 424 985 444 0 221 577 
599 56 521 111 462 547 954 140 692 0 247 534 737 901 393 190 154 498 738 413 97 11 63 989 210 0 0 881 243 0 0 386 569 791 617 70 587 883 0 0 52 912 26 655 75 0 0 584 935 179 717 133 557 788 0 0 0 958 977 0 893 6 116 48 890 390 323 159 219 781 434 143 0 580 304 0 466 269 124 22 57 135 324 0 368 188 0 770 506 913 723 113 0 413 268 199 0 639 0 23 67 707 974 23 939 484 742 816 0 0 226 93 148 0 855 220 794 402 308 
0 0 840 0 0 208 0 132 0 247 0 622 39 891 135 481 670 747 773 0 0 990 482 130 0 943 0 0 618 669 0 0 847 0 0 0 0 0 57 0 699 0 0 478 430 758 0 698 734 417 133 440 0 0 122 0 866 738 0 94 815 0 536 396 0 517 0 244 0 179 803 0 0 0 633 0 675 639 842 0 567 857 51 281 0 510 920 0 835 158 0 0 867 241 500 78 596 21 35 894 199 0 480 0 846 0 329 762 665 0 983 993 869 596 0 102 44 0 482 
705 0 0 0 726 652 260 303 367 534 622 0 316 858 779 755 503 846 0 276 496 909 366 301 120 357 671 506 769 699 625 0 316 0 28 0 674 80 0 0 567 177 133 709 47 831 899 0 511 797 0 0 733 463 936 0 0 985 512 914 164 611 839 92 436 0 876 817 328 722 328 0 0 294 538 123 0 520 679 580 59 786 262 638 0 341 266 270 0 606 0 963 614 260 543 896 0 0 28 0 316 223 0 339 976 0 2 312 0 254 0 0 0 645 0 126 0 0 921 
659 768 441 532 0 938 26 745 579 737 39 316 0 54 456 629 684 144 226 997 10 0 815 521 723 611 123 947 0 492 698 0 431 50 320 501 551 0 0 516 204 0 321 0 0 0 0 755 57 676 0 0 0 284 0 0 0 591 0 588 83 271 245 0 0 44 957 780 0 0 132 770 537 324 209 774 440 0 855 356 932 0 964 0 150 642 260 183 117 344 758 688 375 280 963 843 0 152 262 545 661 317 379 0 971 221 920 0 715 612 939 776 958 338 610 917 707 614 691 
773 442 0 0 41 0 867 586 922 901 891 858 54 0 864 729 587 984 0 0 361 749 731 158 0 0 0 313 880 634 315 0 991 678 12 175 44 996 0 886 748 0 800 601 0 0 228 489 787 826 62 222 0 0 0 0 632 758 265 888 0 111 48 963 226 365 0 0 427 619 444 337 798 0 727 350 0 908 668 544 551 930 0 925 0 778 441 0 0 749 436 0 461 0 0 416 287 479 0 312 507 679 431 626 0 0 219 770 921 798 0 613 970 757 0 734 759 0 589 
325 721 2 388 187 152 280 378 544 393 135 779 456 864 0 0 816 818 415 0 0 454 0 92 666 0 168 931 220 0 987 882 512 217 898 727 320 0 588 0 523 0 0 751 256 421 0 0 826 469 90 24 416 261 293 442 328 442 0 705 689 251 0 237 236 222 753 0 646 0 0 444 702 855 151 997 130 197 141 935 452 775 855 0 347 42 769 0 149 999 0 618 0 131 480 0 921 311 0 58 373 571 359 684 720 491 494 563 315 53 161 164 938 0 383 490 514 0 642 
509 43 660 775 0 580 952 75 0 190 481 755 629 729 0 0 114 109 128 0 945 153 402 0 975 507 786 0 215 866 837 0 382 0 23 0 0 0 505 747 0 480 0 29 0 0 399 847 0 0 0 298 58 391 458 0 262 0 381 389 655 285 0 0 359 581 431 0 139 175 822 29 0 0 348 533 478 0 0 913 849 498 596 418 244 0 0 0 0 0 904 0 0 0 372 585 415 575 833 883 0 0 665 0 394 430 221 865 744 0 926 148 740 164 122 992 551 798 951 
220 86 0 424 234 524 902 765 365 154 670 503 684 587 816 114 0 984 152 0 356 555 125 869 170 751 185 519 458 735 0 313 5 0 0 92 887 0 464 772 136 0 0 243 0 701 295 0 825 548 0 541 0 375 826 516 476 231 367 650 374 0 769 132 109 239 0 38 558 101 174 392 277 53 312 7 218 381 297 0 641 387 0 456 963 857 0 224 296 966 669 501 352 373 880 358 985 927 488 588 580 0 544 760 0 243 632 706 815 624 336 0 297 563 0 0 0 171 0 
0 848 228 144 539 497 107 0 0 498 747 846 144 984 818 109 984 0 587 210 704 0 82 155 0 0 981 893 0 47 920 0 835 0 32 710 928 430 948 844 342 834 212 465 782 0 828 876 614 490 0 539 0 0 770 206 429 78 833 100 486 605 0 927 577 0 508 645 0 0 353 0 0 0 975 885 0 576 926 865 0 768 0 0 562 270 59 239 162 768 931 0 780 13 423 954 731 486 978 0 227 114 963 996 0 359 781 267 0 0 0 183 674 630 0 869 0 303 198 
133 976 0 674 170 0 953 0 405 738 773 0 226 0 415 128 152 587 0 141 0 0 0 95 190 620 0 729 192 0 955 52 664 0 156 539 824 727 0 931 233 54 359 21 659 908 686 370 549 0 960 834 579 0 849 0 410 951 84 0 634 938 0 633 628 0 432 0 340 0 914 0 116 739 164 609 931 531 0 0 308 940 369 0 579 0 590 985 872 98 672 138 572 107 594 36 307 677 242 296 692 0 243 0 0 42 879 776 645 594 293 755 895 66 0 0 960 31 0 
0 0 163 0 973 0 451 271 910 413 0 276 997 0 0 0 0 210 141 0 209 930 0 392 0 193 722 923 615 250 851 669 462 880 977 470 326 477 0 995 807 791 998 0 932 252 412 8 0 925 806 757 357 493 0 600 256 911 0 0 333 92 131 30 827 950 941 244 0 819 912 730 626 1 437 779 235 719 0 997 888 310 0 662 952 407 653 966 765 0 619 414 623 171 141 879 9 948 926 284 568 925 807 931 735 0 372 223 0 0 0 648 426 792 0 511 148 435 758 
361 785 0 102 0 612 262 310 0 97 0 496 10 361 0 945 356 704 0 209 0 0 0 0 240 0 456 698 842 487 110 840 745 864 0 436 763 0 228 0 774 959 0 913 291 0 715 682 814 546 861 789 267 434 0 206 828 557 623 0 848 186 0 723 546 0 116 0 564 666 373 788 394 253 45 923 0 809 39 274 12 81 0 583 263 863 603 543 0 110 705 104 6 718 506 0 836 453 733 71 647 0 0 336 73 748 21 419 569 694 793 0 0 185 766 375 190 60 756 
68 0 276 0 757 335 0 556 845 11 990 909 0 749 454 153 555 0 0 930 0 0 695 726 888 313 462 614 417 0 830 687 0 300 0 0 0 0 0 0 87 512 215 0 505 769 214 0 121 643 452 321 205 618 705 218 187 44 0 444 711 953 46 0 0 607 44 973 785 787 835 396 919 0 0 0 0 0 94 0 0 0 990 356 404 484 0 0 695 668 72 417 453 197 924 28 887 196 928 0 958 978 741 96 885 399 136 822 608 347 490 0 260 728 0 31 881 391 684 
95 0 321 642 0 769 500 331 997 63 482 366 815 731 0 402 125 82 0 0 0 695 0 0 315 511 129 824 96 754 561 266 0 0 0 0 354 41 767 0 907 376 959 28 305 730 196 891 0 0 0 446 0 701 0 277 959 0 788 27 373 0 28 993 0 0 329 942 810 917 200 0 864 869 23 308 299 280 978 385 532 717 0 173 892 572 363 0 651 398 0 11 974 81 186 0 835 463 830 0 455 542 28 729 0 194 87 800 0 769 102 0 505 254 0 0 220 0 0 
559 948 0 790 989 460 835 563 0 989 130 301 521 158 92 0 869 155 95 392 0 726 0 0 986 928 0 41 657 0 847 867 0 387 764 350 0 821 795 371 594 465 790 726 343 707 375 671 0 59 0 517 0 0 765 584 494 169 752 647 171 390 199 768 429 0 893 6 257 112 173 133 763 0 886 200 53 967 193 463 624 166 488 574 14 69 825 49 795 0 0 0 887 85 189 0 469 272 578 0 224 295 154 381 144 537 0 364 338 939 106 284 0 122 504 294 548 851 673 
72 649 629 436 0 858 0 933 86 210 0 120 723 0 666 975 170 0 190 0 240 888 315 986 0 0 703 839 0 524 0 0 651 388 359 77 0 546 53 85 0 384 0 232 935 45 593 0 676 714 590 816 638 0 0 309 819 507 0 741 303 0 642 0 12 385 0 25 299 929 0 0 689 723 0 484 444 0 894 0 0 174 709 0 282 360 169 262 828 0 830 293 890 35 619 0 562 0 53 0 216 0 0 126 0 333 0 93 399 0 459 997 0 246 922 489 287 675 622 
0 999 405 764 0 730 199 0 204 0 943 357 611 0 0 507 751 0 620 193 0 313 511 928 0 0 610 101 469 206 0 0 0 0 0 162 130 772 255 0 971 379 0 352 468 670 758 8 121 0 213 0 0 864 392 0 0 762 0 263 541 387 0 0 596 8 978 673 971 775 778 0 0 754 0 509 975 401 674 0 772 251 61 0 946 885 893 116 204 0 0 204 132 544 202 843 960 0 29 0 351 38 0 395 382 902 919 575 918 102 792 625 216 185 629 263 670 677 893 
214 170 0 14 267 908 622 55 759 0 0 671 123 0 168 786 185 981 0 722 456 462 129 0 703 610 0 325 542 656 0 0 766 612 0 156 978 0 0 126 429 85 372 146 291 0 123 0 0 742 513 185 693 236 871 302 68 268 0 597 53 29 389 0 436 488 0 761 754 142 781 224 76 948 795 0 187 84 706 542 882 461 0 0 827 536 0 36 0 392 160 0 414 0 0 745 152 809 0 0 943 0 740 0 57 354 0 452 474 264 842 0 41 659 0 53 157 111 424 
0 374 758 0 643 0 442 712 0 881 0 506 947 313 931 0 519 893 729 923 698 614 824 41 839 101 325 0 956 349 190 250 0 0 0 81 629 431 410 250 493 20 118 0 819 494 0 503 390 564 29 728 772 717 492 87 3 65 848 0 381 890 896 921 0 0 772 330 0 897 325 0 761 124 546 930 419 74 998 49 0 0 970 815 570 676 906 0 554 797 293 687 0 915 101 411 80 475 349 11 364 0 346 0 549 0 32 0 0 0 0 321 751 0 0 866 501 419 0 
0 815 524 61 0 172 650 239 56 243 618 769 0 880 220 215 458 0 192 615 842 417 96 657 0 469 542 956 0 921 125 0 876 709 610 25 0 0 604 324 667 144 898 0 0 804 312 106 812 873 571 458 715 250 0 116 0 75 0 0 744 0 0 0 822 54 631 194 0 0 0 0 76 0 182 411 0 0 0 867 863 0 0 0 618 799 0 224 891 950 168 0 253 0 367 0 44 302 936 0 0 0 612 0 0 351 772 0 471 807 441 71 505 804 161 0 603 808 307 
773 892 0 720 997 0 300 369 17 0 669 699 492 634 0 866 735 47 0 250 487 0 754 0 524 206 656 349 921 0 542 48 680 0 0 0 30 121 563 105 960 772 0 243 778 0 982 926 156 638 806 0 0 122 0 0 929 209 96 350 284 885 786 651 268 768 0 851 187 435 623 805 472 924 437 899 0 886 928 741 536 600 732 914 256 529 376 993 820 507 428 260 257 216 0 816 193 236 0 878 144 0 0 0 258 821 0 873 0 230 875 309 232 958 659 993 179 782 0 
0 207 0 0 0 0 422 224 861 0 0 625 698 315 987 837 0 920 955 851 110 830 561 847 0 0 0 190 125 542 0 0 539 807 0 0 621 976 0 232 592 0 913 950 318 659 0 271 0 849 0 0 0 804 921 394 664 256 413 372 82 166 507 589 253 118 990 733 221 453 317 574 873 46 0 531 109 64 440 200 431 410 0 0 506 0 0 447 490 528 978 0 19 0 0 94 125 4 0 0 340 713 0 796 350 0 69 572 0 638 14 0 245 204 582 0 942 562 0 
243 373 453 271 411 224 0 861 630 386 0 0 0 0 882 0 313 0 52 669 840 687 266 867 0 0 0 250 0 48 0 0 409 40 441 218 329 488 540 0 127 0 87 879 0 428 794 326 0 238 157 74 166 983 781 0 352 311 676 166 259 37 595 572 0 96 648 562 0 0 800 612 343 122 13 83 21 442 159 736 518 0 343 613 0 508 661 398 711 922 0 948 224 246 866 991 731 0 465 614 0 0 0 283 0 744 0 0 0 603 0 816 8 764 0 200 266 266 889 
637 495 627 804 0 350 317 430 766 569 847 316 431 991 512 382 5 835 664 462 745 0 0 0 651 0 766 0 876 680 539 409 0 0 276 36 0 524 530 706 196 311 204 586 542 46 808 186 549 306 781 516 67 168 0 0 0 949 179 0 132 0 824 186 975 571 362 301 976 424 0 363 620 766 0 0 0 615 844 967 8 488 235 125 0 0 307 714 935 723 0 644 826 602 0 89 0 792 0 989 36 881 873 0 483 444 0 0 523 915 546 596 0 0 326 644 353 529 543 
839 780 0 672 723 87 60 728 0 791 0 0 50 678 217 0 0 0 0 880 864 300 0 387 388 0 612 0 709 0 807 40 0 0 523 333 703 562 0 207 874 139 856 16 114 732 207 758 0 299 506 986 231 320 742 237 959 577 651 345 561 579 0 0 397 250 825 367 859 0 771 597 683 488 363 8 688 988 0 237 260 121 0 305 568 0 94 180 0 469 515 102 337 0 807 0 0 0 777 806 0 501 200 964 682 765 357 676 201 722 890 938 946 327 396 362 192 0 842 
725 331 0 131 825 390 650 0 604 617 0 28 320 12 898 23 0 32 156 977 0 0 0 764 359 0 0 0 610 0 0 441 276 523 0 197 0 0 32 858 0 0 713 988 481 959 0 353 0 0 0 425 322 271 2 940 0 357 176 557 640 818 311 0 211 0 106 785 83 87 0 40 0 191 734 257 566 706 802 553 447 141 45 822 814 0 705 80 287 57 0 180 602 421 0 334 598 421 128 0 106 934 0 440 0 0 0 828 736 0 971 794 766 803 583 272 80 0 0 
283 420 659 729 633 51 97 860 759 70 0 0 501 175 727 0 92 710 539 470 436 0 0 350 77 162 156 81 25 0 0 218 36 333 197 0 579 0 0 161 0 309 103 364 394 0 921 974 0 0 968 467 664 962 0 817 746 882 0 0 788 0 0 504 0 0 775 0 530 21 615 582 396 382 977 0 933 0 945 750 98 92 212 568 844 785 998 68 612 27 979 0 351 14 987 213 588 419 0 0 37 259 270 252 505 0 331 49 814 147 0 260 0 753 191 933 352 902 0 
571 408 663 294 815 871 143 0 781 587 0 674 551 44 320 0 887 928 824 326 763 0 354 0 0 130 978 629 0 30 621 329 0 703 0 579 0 954 647 329 519 0 171 0 0 855 125 65 138 252 814 363 0 25 0 0 846 204 374 104 0 873 519 284 0 0 971 0 178 862 372 485 383 325 665 520 520 427 317 0 749 0 837 513 917 0 0 779 0 0 648 325 0 158 397 694 0 500 973 0 888 318 147 130 0 636 280 684 257 0 326 0 36 417 814 0 643 0 0 
155 564 566 0 0 505 456 212 0 883 0 80 0 996 0 0 0 430 727 477 0 0 41 821 546 772 0 431 0 121 976 488 524 562 0 0 954 0 346 667 471 718 787 0 479 367 114 0 361 223 0 916 836 560 802 784 0 438 20 151 947 978 0 769 50 72 401 672 148 101 320 481 432 250 732 250 501 558 853 590 504 172 105 882 509 942 71 0 705 882 0 2 0 649 384 37 763 182 682 416 692 96 365 543 0 0 643 0 8 368 35 164 652 676 0 0 653 768 576 
0 607 53 379 848 0 0 0 965 0 57 0 0 0 588 505 464 948 0 0 228 0 767 795 53 255 0 410 604 563 0 540 530 0 32 0 647 346 0 144 51 16 937 557 628 0 656 96 53 0 0 380 0 239 95 0 217 469 0 634 459 0 0 160 640 771 148 273 822 0 749 769 755 0 404 328 924 558 301 944 737 980 857 107 630 58 713 369 0 0 0 0 641 462 831 655 0 693 0 0 637 0 808 310 745 77 314 779 985 245 224 892 228 114 0 122 0 31 769 
777 462 243 733 190 173 0 23 814 0 0 0 516 886 0 747 772 844 931 995 0 0 0 371 85 0 126 250 324 105 232 0 706 207 858 161 329 667 144 0 833 891 154 823 375 297 571 294 0 0 0 388 149 0 831 344 552 0 403 14 922 558 0 623 0 371 0 367 736 353 308 341 669 155 558 0 983 664 687 194 510 608 479 991 478 421 0 768 514 227 398 34 0 523 389 764 0 533 534 19 0 226 709 945 865 888 791 18 659 351 328 707 821 388 437 253 0 873 0 
760 918 0 965 255 132 171 456 846 52 699 567 204 748 523 0 136 342 233 807 774 87 907 594 0 971 429 493 667 960 592 127 196 874 0 0 519 471 51 833 0 82 0 598 269 409 0 913 383 589 950 308 701 423 674 790 963 0 983 470 436 84 333 0 55 0 747 750 0 753 164 430 136 470 800 865 534 930 171 232 712 0 627 221 830 624 815 0 497 670 811 799 795 15 0 0 577 0 0 712 753 0 779 49 0 726 184 606 414 723 933 526 0 910 0 749 690 814 218 
0 353 397 743 278 595 613 478 439 912 0 177 0 0 0 480 0 834 54 791 959 512 376 465 384 379 85 20 144 772 0 0 311 139 0 309 0 718 16 891 82 0 449 656 0 0 148 596 0 147 699 0 8 317 759 382 0 0 876 350 339 96 830 0 108 31 831 841 805 424 532 446 667 828 0 40 899 0 252 160 711 999 697 0 713 365 492 474 560 0 40 0 58 955 485 785 903 108 983 0 909 994 0 413 2 36 300 0 76 767 0 146 0 65 140 739 390 526 499 
382 231 881 367 320 961 0 0 978 26 0 133 321 800 0 0 0 212 359 998 0 215 959 790 0 0 372 118 898 0 913 87 204 856 713 103 171 787 937 154 0 449 0 921 530 535 452 736 248 346 429 404 223 739 345 767 0 538 0 659 836 120 13 159 568 0 771 338 981 0 0 425 586 315 416 14 712 0 0 0 387 820 131 165 143 71 0 945 0 483 0 798 536 655 609 859 838 98 183 0 3 31 0 374 443 446 199 0 845 471 108 0 358 0 723 162 0 154 119 
384 560 341 226 626 0 254 669 537 655 478 709 0 601 751 29 243 465 21 0 913 0 28 726 232 352 146 0 0 243 950 879 586 16 988 364 0 0 557 823 598 656 921 0 0 64 225 0 155 762 759 944 777 2 632 823 935 46 0 711 356 0 685 0 798 594 0 595 72 0 648 583 408 868 0 0 0 0 393 148 215 0 912 709 439 608 311 0 0 203 976 0 0 266 416 515 51 601 744 13 51 414 0 137 0 875 38 43 25 0 848 659 418 16 961 820 198 255 625 
533 387 431 296 583 84 0 598 0 75 430 47 0 0 256 0 0 782 659 932 291 505 305 343 935 468 291 819 0 778 318 0 542 114 481 394 0 479 628 375 269 0 530 0 0 0 3 337 0 615 787 59 383 0 120 269 208 0 0 0 305 531 0 279 677 510 531 150 537 260 330 420 0 94 0 43 44 763 807 0 346 852 631 0 0 813 410 791 268 0 941 978 236 0 866 905 142 867 0 265 0 76 118 975 67 932 790 940 466 403 626 767 680 838 309 662 653 0 0 
467 851 989 8 0 881 0 796 189 0 758 831 0 0 421 0 701 0 908 252 0 769 730 707 45 670 0 494 804 0 659 428 46 732 959 0 855 367 0 297 409 0 535 64 0 0 566 508 0 421 0 735 457 944 690 188 586 0 710 164 766 465 472 11 443 913 954 884 227 759 756 558 709 830 810 741 0 264 0 0 37 416 310 775 75 0 974 930 97 98 784 803 0 326 575 940 440 0 0 0 835 687 513 657 311 948 692 729 896 33 601 948 759 0 678 489 0 847 0 
577 861 834 882 638 0 0 164 97 0 0 899 0 228 0 399 295 828 686 412 715 214 196 375 593 758 123 0 312 982 0 794 808 207 0 921 125 114 656 571 0 148 452 225 3 566 0 0 480 0 489 889 0 0 0 0 0 0 193 447 68 262 260 0 489 634 491 0 151 959 214 0 666 0 0 772 0 841 116 759 309 960 267 241 425 572 615 0 549 400 811 837 560 235 149 145 0 239 0 774 891 943 18 513 173 0 889 779 827 0 741 302 0 714 41 0 537 342 108 
370 692 612 784 185 379 591 999 888 584 698 0 755 489 0 847 0 876 370 8 682 0 891 671 0 8 0 503 106 926 271 326 186 758 353 974 65 0 96 294 913 596 736 0 337 508 0 0 50 223 0 915 0 574 0 83 263 277 116 0 41 0 619 0 126 564 0 0 503 872 534 568 997 0 170 274 0 0 0 0 0 21 213 0 970 490 0 676 646 101 0 0 0 847 922 991 993 0 0 254 729 835 0 588 642 675 0 529 738 217 0 0 0 995 574 0 336 739 357 
910 695 169 28 771 0 0 895 488 935 734 511 57 787 826 0 825 614 549 0 814 121 0 0 676 121 0 390 812 156 0 0 549 0 0 0 138 361 53 0 383 0 248 155 0 0 480 50 0 0 248 199 0 757 242 0 454 0 202 227 20 995 686 815 0 87 0 398 752 19 126 849 704 640 150 382 310 170 728 0 0 155 27 81 0 688 0 0 816 982 649 261 402 655 0 0 231 0 815 0 978 0 73 115 953 0 790 0 705 718 0 0 375 458 0 0 29 202 315 
347 151 376 0 0 805 56 175 0 179 417 797 676 826 469 0 548 490 0 925 546 643 0 59 714 0 742 564 873 638 849 238 306 299 0 0 252 223 0 0 589 147 346 762 615 421 0 223 0 0 380 73 172 0 5 0 768 104 280 623 462 521 0 0 394 167 0 344 477 41 532 537 456 458 765 681 426 0 141 880 0 0 473 0 615 55 242 0 930 137 0 968 0 0 661 968 875 819 0 0 0 0 0 876 0 878 0 240 458 218 53 400 192 853 783 76 161 979 411 
831 0 0 0 791 541 658 0 80 717 133 0 0 62 90 0 0 0 960 806 861 452 0 0 590 213 513 29 571 806 0 157 781 506 0 968 814 0 0 0 950 699 429 759 787 0 489 0 248 380 0 0 396 729 446 304 485 848 404 0 512 0 0 923 996 879 507 588 177 47 991 72 21 138 544 518 0 278 0 0 410 0 0 917 570 15 0 282 0 16 0 645 8 917 566 0 0 660 0 0 0 207 703 0 0 30 700 0 852 918 0 0 63 517 582 79 503 776 584 
857 574 0 0 973 388 928 941 144 133 440 0 0 222 24 298 541 539 834 757 789 321 446 517 816 0 185 728 458 0 0 74 516 986 425 467 363 916 380 388 308 0 404 944 59 735 889 915 199 73 0 0 591 832 537 569 816 8 490 0 800 0 0 0 953 200 0 125 798 57 159 400 0 0 0 982 298 0 398 314 521 987 0 0 316 404 474 139 0 65 346 0 0 637 339 121 820 775 770 704 583 655 0 47 0 727 0 1 333 0 0 748 0 269 246 0 0 359 756 
319 317 0 519 0 943 0 29 201 557 0 733 0 0 416 58 0 0 579 357 267 205 0 0 638 0 693 772 715 0 0 166 67 231 322 664 0 836 0 149 701 8 223 777 383 457 0 0 0 172 396 591 0 0 440 308 614 332 0 281 0 465 734 791 124 0 298 593 988 762 0 564 795 716 784 0 55 0 455 53 129 705 894 84 615 503 0 392 719 0 0 473 216 0 194 460 820 81 751 213 614 945 516 712 356 0 885 260 348 668 285 403 762 683 729 32 557 574 0 
559 830 865 726 0 357 538 532 659 788 0 463 284 0 261 391 375 0 0 493 434 618 701 0 0 864 236 717 250 122 804 983 168 320 271 962 25 560 239 0 423 317 739 2 0 944 0 574 757 0 729 832 0 0 246 0 832 258 573 675 0 0 146 0 54 708 853 915 337 0 235 629 0 510 894 0 535 815 209 526 795 565 56 115 719 673 696 0 796 868 279 0 0 328 931 703 59 0 347 684 418 479 97 203 709 203 849 0 814 658 342 280 663 257 6 0 674 563 784 
997 0 0 178 948 530 935 659 0 0 122 936 0 0 293 458 826 770 849 0 0 705 0 765 0 392 871 492 0 0 921 781 0 742 2 0 0 802 95 831 674 759 345 632 120 690 0 0 242 5 446 537 440 246 0 659 0 37 307 0 559 584 692 224 0 363 0 729 749 0 0 960 530 0 891 536 43 966 0 55 912 661 0 722 957 573 562 618 381 0 0 503 0 0 604 101 0 0 977 0 15 77 698 0 351 0 725 385 329 520 522 788 19 290 300 496 24 176 660 
740 801 701 0 116 847 384 113 0 0 0 0 0 0 442 0 516 206 0 600 206 218 277 584 309 0 302 87 116 0 394 0 0 237 940 817 0 784 0 344 790 382 767 823 269 188 0 83 0 0 304 569 308 0 659 0 243 422 0 0 896 697 844 368 593 794 663 130 899 21 699 946 996 564 759 0 56 0 649 0 672 33 686 35 0 500 982 11 19 0 220 41 798 881 307 529 0 0 20 0 0 589 733 0 0 929 538 0 0 0 582 0 307 69 0 424 935 0 143 
159 0 337 0 102 358 383 0 388 0 866 0 0 632 328 262 476 429 410 256 828 187 959 494 819 0 68 3 0 929 664 352 0 959 0 746 846 0 217 552 963 0 0 935 208 586 0 263 454 768 485 816 614 832 0 243 0 818 816 913 0 672 0 0 87 0 568 161 911 36 312 261 0 334 295 0 0 321 996 433 985 885 115 488 0 290 0 837 0 312 0 0 0 0 0 600 826 0 985 861 663 514 537 801 666 0 0 986 569 819 859 0 732 794 449 410 771 0 748 
592 0 0 855 873 606 0 983 683 958 738 985 591 758 442 0 231 78 951 911 557 44 0 169 507 762 268 65 75 209 256 311 949 577 357 882 204 438 469 0 0 0 538 46 0 0 0 277 0 104 848 8 332 258 37 422 818 0 107 998 704 484 0 48 58 0 0 510 117 100 670 173 0 936 55 361 196 597 361 836 0 0 465 0 446 785 385 746 680 599 622 0 629 623 660 892 833 0 33 427 416 185 772 73 541 415 742 888 237 934 0 933 0 169 0 274 0 310 979 
817 997 452 658 663 0 469 0 0 977 0 512 0 265 0 381 367 833 84 0 623 0 788 752 0 0 0 848 0 96 413 676 179 651 176 0 374 20 0 403 983 876 0 0 0 710 193 116 202 280 404 490 0 573 307 0 816 107 0 890 957 508 312 342 242 974 0 287 0 611 114 0 33 0 0 516 0 0 0 267 82 851 511 190 0 121 0 271 164 749 0 0 0 211 0 18 326 0 958 850 0 756 639 385 497 0 0 0 960 96 0 499 878 0 264 814 392 409 483 
0 991 670 143 13 445 0 0 0 0 94 914 588 888 705 389 650 100 0 0 0 444 27 647 741 263 597 0 0 350 372 166 0 345 557 0 104 151 634 14 470 350 659 711 0 164 447 0 227 623 0 0 281 675 0 0 913 998 890 0 259 839 486 0 767 399 568 919 341 328 554 0 651 531 761 838 665 862 282 0 354 776 0 252 622 83 11 778 41 0 424 0 45 461 315 690 0 675 0 520 165 723 0 497 460 59 465 0 0 383 25 581 147 974 753 216 146 0 369 
799 0 0 527 409 0 805 108 760 893 815 164 83 0 689 655 374 486 634 333 848 711 373 171 303 541 53 381 744 284 82 259 132 561 640 788 0 947 459 922 436 339 836 356 305 766 68 41 20 462 512 800 0 0 559 896 0 704 957 259 0 0 693 281 861 517 0 325 0 0 750 0 455 667 146 321 28 205 0 0 1 0 0 0 218 111 19 847 0 905 472 0 821 943 339 609 0 0 295 78 496 0 605 316 492 0 977 0 0 834 850 440 956 0 987 96 0 0 708 
211 654 0 796 0 445 0 274 380 6 0 611 271 111 251 285 0 605 938 92 186 953 0 390 0 387 29 890 0 885 166 37 0 579 818 0 873 978 0 558 84 96 120 0 531 465 262 0 995 521 0 0 465 0 584 697 672 484 508 839 0 0 867 611 691 619 746 707 0 0 0 0 947 738 248 0 643 314 73 0 219 804 616 484 216 206 296 839 827 159 589 523 297 684 449 692 28 0 141 698 770 988 783 426 0 139 783 554 504 126 980 331 267 0 329 295 0 0 388 
684 0 5 171 0 455 333 633 735 116 536 839 245 48 0 0 769 0 0 131 0 46 28 199 642 0 389 896 0 786 507 595 824 0 311 0 519 0 0 0 333 830 13 685 0 472 260 619 686 0 0 0 734 146 692 844 0 0 312 486 693 867 0 0 268 384 979 590 430 620 499 555 828 568 709 787 11 820 162 768 916 0 439 0 0 0 0 599 808 528 944 0 515 275 362 0 92 0 418 0 28 0 0 0 571 964 934 109 548 0 537 876 485 804 0 0 0 986 0 
0 69 225 170 746 0 0 0 0 48 396 92 0 963 237 0 132 927 633 30 723 0 993 768 0 0 0 921 0 651 589 572 186 0 0 504 284 769 160 623 0 0 159 0 279 11 0 0 815 0 923 0 791 0 224 368 0 48 342 0 281 611 0 0 0 164 861 460 885 911 216 301 710 240 0 785 110 0 860 414 147 769 64 951 192 0 644 501 669 0 204 317 911 467 483 542 811 485 581 136 409 853 900 9 0 263 395 0 834 773 252 284 161 680 0 90 668 458 0 
0 788 997 315 684 45 605 0 0 890 0 436 0 226 236 359 109 577 628 827 546 0 0 429 12 596 436 0 822 268 253 0 975 397 211 0 0 50 640 0 55 108 568 798 677 443 489 126 0 394 996 953 124 54 0 593 87 58 242 767 861 691 268 0 0 807 135 552 0 546 618 978 0 624 0 661 0 0 0 817 181 360 662 0 0 675 307 460 856 666 770 487 763 64 690 875 674 998 220 208 310 495 936 735 0 414 599 252 537 821 293 784 125 0 0 722 767 487 249 
457 412 405 332 535 751 774 940 708 390 517 0 44 365 222 581 239 0 0 950 0 607 0 0 385 8 488 0 54 768 118 96 571 250 0 0 0 72 771 371 0 31 0 594 510 913 634 564 87 167 879 200 0 708 363 794 0 0 974 399 517 619 384 164 807 0 666 377 773 0 966 17 0 951 0 230 720 217 627 585 631 847 757 617 0 479 0 296 0 644 768 980 71 216 848 837 974 0 0 666 0 0 801 484 499 0 0 0 999 81 512 75 407 73 310 0 530 72 839 
0 239 0 561 861 211 0 0 0 323 0 876 957 0 753 431 0 508 432 941 116 44 329 893 0 978 0 772 631 0 990 648 362 825 106 775 971 401 148 0 747 831 771 0 531 954 491 0 0 0 507 0 298 853 0 663 568 0 0 568 0 746 979 861 135 666 0 845 513 683 736 0 0 0 0 742 888 707 391 71 697 747 507 663 460 803 0 880 84 442 737 330 229 104 785 0 113 99 0 218 927 591 930 838 275 202 19 819 119 199 39 730 0 46 0 436 928 0 435 
0 0 0 545 426 561 647 903 287 159 244 817 780 0 0 0 38 645 0 244 0 973 942 6 25 673 761 330 194 851 733 562 301 367 785 0 0 672 273 367 750 841 338 595 150 884 0 0 398 344 588 125 593 915 729 130 161 510 287 919 325 707 590 460 552 377 845 0 322 705 680 0 0 817 0 665 0 824 0 660 678 326 0 17 0 25 0 800 65 0 103 666 976 891 21 127 499 70 772 0 158 816 661 146 211 416 127 0 579 140 369 109 0 184 987 362 34 0 826 
685 972 278 167 317 143 968 875 821 219 0 328 0 427 646 139 558 0 340 0 564 785 810 257 299 971 754 0 0 187 221 0 976 859 83 530 178 148 822 736 0 805 981 72 537 227 151 503 752 477 177 798 988 337 749 899 911 117 0 341 0 0 430 885 0 773 513 322 0 957 166 353 501 465 643 0 589 493 0 0 0 304 293 469 653 52 440 34 360 896 402 396 254 633 917 373 0 484 0 711 120 536 0 0 0 0 865 669 520 947 399 948 566 681 966 984 358 120 225 
646 54 296 465 0 0 891 0 737 781 179 722 0 619 0 175 101 0 0 819 666 787 917 112 929 775 142 897 0 435 453 0 424 0 87 21 862 101 0 353 753 424 0 0 260 759 959 872 19 41 47 57 762 0 0 21 36 100 611 328 0 0 620 911 546 0 683 705 957 0 874 219 481 0 0 383 913 561 229 606 0 0 95 554 583 561 0 0 366 918 214 852 0 0 995 707 258 588 0 147 0 33 833 455 0 0 235 867 276 0 31 343 232 468 354 0 207 253 576 
512 754 820 0 65 0 40 201 711 434 803 328 132 444 0 822 174 353 914 912 373 835 200 173 0 778 781 325 0 623 317 800 0 771 0 615 372 320 749 308 164 532 0 648 330 756 214 534 126 532 991 159 0 235 0 699 312 670 114 554 750 0 499 216 618 966 736 680 166 874 0 444 366 0 650 903 351 938 472 874 255 104 0 837 719 904 822 516 353 842 568 533 908 738 0 490 27 0 0 580 450 863 811 766 377 0 0 0 242 929 786 934 680 0 139 942 561 823 562 
0 636 906 245 402 20 879 525 173 143 0 0 770 337 444 29 392 0 0 730 788 396 0 133 0 0 224 0 0 805 574 612 363 597 40 582 485 481 769 341 430 446 425 583 420 558 0 568 849 537 72 400 564 629 960 946 261 173 0 0 0 0 555 301 978 17 0 0 353 219 444 0 573 905 0 611 317 925 134 0 754 796 0 365 0 0 0 73 500 0 879 949 330 768 262 0 0 1 112 748 926 162 694 0 885 561 691 74 0 86 0 698 210 348 0 700 814 206 319 
106 794 320 0 241 371 660 978 305 0 0 0 537 798 702 0 277 0 116 626 394 919 864 763 689 0 76 761 76 472 873 343 620 683 0 396 383 432 755 669 136 667 586 408 0 709 666 997 704 456 21 0 795 0 530 996 0 0 33 651 455 947 828 710 0 0 0 0 501 481 366 573 0 780 0 0 44 874 763 799 0 491 919 339 323 453 372 953 678 148 31 0 331 672 464 607 334 5 437 251 193 697 929 224 960 426 203 0 360 769 990 498 878 0 468 419 999 629 0 
887 465 624 685 0 0 113 0 423 580 0 294 324 0 855 0 53 0 739 1 253 0 869 0 723 754 948 124 0 924 46 122 766 488 191 382 325 250 0 155 470 828 315 868 94 830 0 0 640 458 138 0 716 510 0 564 334 936 0 531 667 738 568 240 624 951 0 817 465 0 0 905 780 0 0 616 0 0 505 443 916 38 669 365 959 683 314 0 562 361 0 0 0 169 0 562 476 694 0 615 0 454 0 489 756 374 125 416 479 0 0 710 0 799 982 353 524 0 0 
640 0 824 814 0 0 18 0 786 304 633 538 209 727 151 348 312 975 164 437 45 0 23 886 0 0 795 546 182 437 0 13 0 363 734 977 665 732 404 558 800 0 416 0 0 810 0 170 150 765 544 0 784 894 891 759 295 55 0 761 146 248 709 0 0 0 0 0 643 0 650 0 0 0 0 0 234 0 828 0 174 992 0 0 184 107 410 933 0 665 0 304 0 703 0 0 451 117 770 0 63 627 224 567 758 197 0 982 881 0 214 384 0 0 557 429 575 526 798 
407 755 863 465 0 536 824 188 554 0 0 123 774 350 997 533 7 885 609 779 923 0 308 200 484 509 0 930 411 899 531 83 0 8 257 0 520 250 328 0 865 40 14 0 43 741 772 274 382 681 518 982 0 0 536 0 0 361 516 838 321 0 787 785 661 230 742 665 0 383 903 611 0 616 0 0 39 884 467 482 692 0 631 0 156 885 308 120 933 0 516 890 427 936 882 0 188 0 128 276 484 168 993 993 146 960 563 474 0 166 425 966 367 412 41 387 791 584 0 
717 352 191 411 284 88 436 0 82 466 675 0 440 0 130 478 218 0 931 235 0 0 299 53 444 975 187 419 0 0 109 21 0 688 566 933 520 501 924 983 534 899 712 0 44 0 0 0 310 426 0 298 55 535 43 56 0 196 0 665 28 643 11 110 0 720 888 0 589 913 351 317 44 0 234 39 0 382 0 15 0 523 151 668 0 210 0 675 0 869 0 149 368 0 0 790 848 195 949 755 104 311 32 762 0 334 459 342 0 0 946 750 221 0 594 610 81 338 488 
763 59 964 0 0 955 971 833 160 269 639 520 0 908 197 0 381 576 531 719 809 0 280 967 0 401 84 74 0 886 64 442 615 988 706 0 427 558 558 664 930 0 0 0 763 264 841 0 170 0 278 0 0 815 966 0 321 597 0 862 205 314 820 0 0 217 707 824 493 561 938 925 874 0 0 884 382 0 602 94 358 696 264 0 0 413 0 467 439 407 182 0 0 360 0 775 120 445 721 704 692 642 338 0 221 481 814 247 922 0 336 177 818 978 742 0 963 373 0 
434 382 0 0 349 31 91 0 794 124 842 679 855 668 141 0 297 926 0 0 39 94 978 193 894 674 706 998 0 928 440 159 844 0 802 945 317 853 301 687 171 252 0 393 807 0 116 0 728 141 0 398 455 209 0 649 996 361 0 282 0 73 162 860 0 627 391 0 0 229 472 134 763 505 828 467 0 602 0 0 354 50 369 307 904 948 0 0 888 662 132 366 841 0 1 743 78 662 0 211 0 22 0 0 670 812 706 543 689 354 619 171 140 502 35 166 910 12 176 
0 786 344 957 849 418 0 0 416 22 0 580 356 544 935 913 0 865 0 997 274 0 385 463 0 0 542 49 867 741 200 736 967 237 553 750 0 590 944 194 232 160 0 148 0 0 759 0 0 880 0 314 53 526 55 0 433 836 267 0 0 0 768 414 817 585 71 660 0 606 874 0 799 443 0 482 15 94 0 0 848 143 0 742 163 0 647 171 0 391 532 402 796 200 930 272 20 990 524 935 447 0 683 0 406 33 65 843 376 524 992 643 59 568 558 0 906 0 326 
185 114 195 320 538 326 0 148 144 57 567 59 932 551 452 849 641 0 308 888 12 0 532 624 0 772 882 0 863 536 431 518 8 260 447 98 749 504 737 510 712 711 387 215 346 37 309 0 0 0 410 521 129 795 912 672 985 0 82 354 1 219 916 147 181 631 697 678 0 0 255 754 0 916 174 692 0 358 354 848 0 286 537 0 744 713 936 524 31 0 874 154 495 149 804 59 64 401 510 172 348 950 848 849 353 0 656 368 0 460 236 190 603 368 0 0 522 802 0 
148 770 948 652 613 303 576 896 586 135 857 786 0 930 775 498 387 768 940 310 81 0 717 166 174 251 461 0 0 600 410 0 488 121 141 92 0 172 980 608 0 999 820 0 852 416 960 21 155 0 0 987 705 565 661 33 885 0 851 776 0 804 0 769 360 847 747 326 304 0 104 796 491 38 992 0 523 696 50 143 286 0 665 965 380 612 0 547 916 666 775 491 621 577 365 119 64 0 985 365 255 533 731 0 621 0 614 981 0 813 57 604 613 420 513 774 0 975 0 
0 0 0 579 0 299 947 49 774 324 51 262 964 0 855 596 0 0 369 0 0 990 0 488 709 61 0 970 0 732 0 343 235 0 45 212 837 105 857 479 627 697 131 912 631 310 267 213 27 473 0 0 894 56 0 686 115 465 511 0 0 616 439 64 662 757 507 0 293 95 0 0 919 669 0 631 151 264 369 0 537 665 0 0 72 993 842 203 0 255 514 0 572 0 0 232 0 564 393 668 884 679 690 793 0 0 108 682 925 902 0 604 936 0 0 876 830 937 633 
0 0 47 727 0 0 768 0 757 0 281 638 0 925 0 418 456 0 0 662 583 356 173 574 0 0 0 815 0 914 0 613 125 305 822 568 513 882 107 991 221 0 165 709 0 775 241 0 81 0 917 0 84 115 722 35 488 0 190 252 0 484 0 951 0 617 663 17 469 554 837 365 339 365 0 0 668 0 307 742 0 965 0 0 619 0 383 928 249 413 729 439 237 0 166 67 535 341 242 956 729 847 414 70 173 291 131 881 0 0 739 326 0 303 478 0 44 235 888 
202 450 211 698 374 555 932 0 230 368 0 0 150 0 347 244 963 562 579 952 263 404 892 14 282 946 827 570 618 256 506 0 0 568 814 844 917 509 630 478 830 713 143 439 0 75 425 970 0 615 570 316 615 719 957 0 0 446 0 622 218 216 0 192 0 0 460 0 653 583 719 0 323 959 184 156 0 0 904 163 744 380 72 619 0 448 997 764 673 165 647 0 93 893 0 219 592 610 706 0 838 229 611 310 975 0 880 715 50 0 505 0 678 36 291 537 113 320 64 
689 465 0 935 0 333 0 0 147 188 510 341 642 778 42 0 857 270 0 407 863 484 572 69 360 885 536 676 799 529 0 508 0 0 0 785 0 942 58 421 624 365 71 608 813 0 572 490 688 55 15 404 503 673 573 500 290 785 121 83 111 206 0 0 675 479 803 25 52 561 904 0 453 683 107 885 210 413 948 0 713 612 993 0 448 0 0 147 15 90 610 0 597 572 499 411 731 228 727 540 644 830 715 0 370 421 123 24 64 347 449 0 530 785 839 344 386 0 175 
409 409 0 911 358 117 0 719 582 0 920 266 260 441 769 0 0 59 590 653 603 0 363 825 169 893 0 906 0 376 0 661 307 94 705 998 0 71 713 0 815 492 0 311 410 974 615 0 0 242 0 474 0 696 562 982 0 385 0 11 19 296 0 644 307 0 0 0 440 0 822 0 372 314 410 308 0 0 0 647 936 0 842 383 997 0 0 762 314 878 35 621 418 289 882 54 0 0 890 634 1 482 0 521 341 0 61 971 0 651 39 654 665 0 276 0 0 967 836 
569 211 794 249 0 274 0 559 883 770 0 270 183 0 0 0 224 239 985 966 543 0 0 49 262 116 36 0 224 993 447 398 714 180 80 68 779 0 369 768 0 474 945 0 791 930 0 676 0 0 282 139 392 0 618 11 837 746 271 778 847 839 599 501 460 296 880 800 34 0 516 73 953 0 933 120 675 467 0 171 524 547 203 928 764 147 762 0 896 789 722 487 317 753 0 130 0 633 0 70 92 0 633 574 0 789 874 0 0 848 280 924 440 0 0 176 609 0 84 
0 0 335 984 981 760 289 94 804 506 835 0 117 0 149 0 296 162 872 765 0 695 651 795 828 204 0 554 891 820 490 711 935 0 287 612 0 705 0 514 497 560 0 0 268 97 549 646 816 930 0 0 719 796 381 19 0 680 164 41 0 827 808 669 856 0 84 65 360 366 353 500 678 562 0 933 0 439 888 0 31 916 0 249 673 15 314 896 0 196 335 813 312 0 881 763 0 663 725 567 0 0 0 413 585 0 68 725 910 720 822 0 271 850 328 743 984 890 518 
0 724 42 705 778 552 883 380 140 913 158 606 344 749 999 0 966 768 98 0 110 668 398 0 0 0 392 797 950 507 528 922 723 469 57 27 0 882 0 227 670 0 483 203 0 98 400 101 982 137 16 65 0 868 0 0 312 599 749 0 905 159 528 0 666 644 442 0 896 918 842 0 148 361 665 0 869 407 662 391 0 666 255 413 165 90 878 789 196 0 788 712 80 96 158 160 0 236 0 255 782 550 207 0 457 364 0 0 661 0 66 0 970 0 495 857 410 566 401 
391 28 220 169 18 0 0 0 150 723 0 0 758 436 0 904 669 931 672 619 705 72 0 0 830 0 160 293 168 428 978 0 0 515 0 979 648 0 0 398 811 40 0 976 941 784 811 0 649 0 0 346 0 279 0 220 0 622 0 424 472 589 944 204 770 768 737 103 402 214 568 879 31 0 0 516 0 182 132 532 874 775 514 729 647 610 35 722 335 788 0 0 48 895 252 611 588 0 540 861 394 0 583 962 314 273 0 814 792 614 904 774 430 31 906 488 0 292 624 
0 505 724 0 0 931 19 374 900 113 0 963 688 0 618 0 501 0 138 414 104 417 11 0 293 204 0 687 0 260 0 948 644 102 180 0 325 2 0 34 799 0 798 0 978 803 837 0 261 968 645 0 473 0 503 41 0 0 0 0 0 523 0 317 487 980 330 666 396 852 533 949 0 0 304 890 149 0 366 402 154 491 0 439 0 0 621 487 813 712 0 0 21 465 814 659 388 964 7 31 791 668 337 0 586 466 469 0 138 224 395 730 544 672 195 737 0 0 162 
736 872 247 261 154 501 0 194 679 0 867 614 375 461 0 0 352 780 572 623 6 453 974 887 890 132 414 0 253 257 19 224 826 337 602 351 0 0 641 0 795 58 536 0 236 0 560 0 402 0 8 0 216 0 0 798 0 629 0 45 821 297 515 911 763 71 229 976 254 0 908 330 331 0 0 427 368 0 841 796 495 621 572 237 93 597 418 317 312 80 48 21 0 219 221 341 316 636 0 491 228 738 850 396 0 166 0 7 0 647 267 149 66 693 0 667 223 344 482 
89 0 0 0 445 467 0 225 415 413 241 260 280 0 131 0 373 13 107 171 718 197 81 85 35 544 0 915 0 216 0 246 602 0 421 14 158 649 462 523 15 955 655 266 0 326 235 847 655 0 917 637 0 328 0 881 0 623 211 461 943 684 275 467 64 216 104 891 633 0 738 768 672 169 703 936 0 360 0 200 149 577 0 0 893 572 289 753 0 96 895 465 219 0 123 0 686 753 0 312 289 0 230 419 855 75 220 841 556 0 0 521 20 0 279 757 707 226 0 
181 0 82 0 859 0 735 246 0 268 500 543 963 0 480 372 880 423 594 141 506 924 186 189 619 202 0 101 367 0 0 866 0 807 0 987 397 384 831 389 0 485 609 416 866 575 149 922 0 661 566 339 194 931 604 307 0 660 0 315 339 449 362 483 690 848 785 21 917 995 0 262 464 0 0 882 0 0 1 930 804 365 0 166 0 499 882 0 881 158 252 814 221 123 0 752 0 0 172 529 0 820 338 46 269 837 0 741 0 491 177 95 750 0 170 426 553 0 824 
164 294 0 798 290 0 241 64 0 199 78 896 843 416 0 585 358 954 36 879 0 28 0 0 0 843 745 411 0 816 94 991 89 0 334 213 694 37 655 764 0 785 859 515 905 940 145 991 0 968 0 121 460 703 101 529 600 892 18 690 609 692 0 542 875 837 0 127 373 707 490 0 607 562 0 0 790 775 743 272 59 119 232 67 219 411 54 130 763 160 611 659 341 0 752 0 492 581 321 178 0 917 952 0 402 202 392 380 150 645 0 841 502 311 340 298 0 969 403 
550 0 0 0 135 454 925 694 0 0 596 0 0 287 921 415 985 731 307 9 836 887 835 469 562 960 152 80 44 193 125 731 0 0 598 588 0 763 0 0 577 903 838 51 142 440 0 993 231 875 0 820 820 59 0 0 826 833 326 0 0 28 92 811 674 974 113 499 0 258 27 0 334 476 451 188 848 120 78 20 64 64 0 535 592 731 0 0 0 0 588 388 316 686 0 492 0 349 174 976 421 425 945 0 893 664 350 0 296 240 88 264 0 673 517 700 298 11 0 
0 817 188 395 238 400 9 596 586 639 21 0 152 479 311 575 927 486 677 948 453 196 463 272 0 0 809 475 302 236 4 0 792 0 421 419 500 182 693 533 0 108 98 601 867 0 239 0 0 819 660 775 81 0 0 0 0 0 0 675 0 0 0 485 998 0 99 70 484 588 0 1 5 694 117 0 195 445 662 990 401 0 564 341 610 228 0 633 663 236 0 964 636 753 0 581 349 0 536 0 631 154 194 0 341 431 0 860 607 816 812 483 0 639 0 797 651 0 0 
