0 532 287 377 0 513 828 94 945 230 711 124 776 309 144 0 961 207 712 0 333 0 33 891 768 546 360 0 656 853 297 993 554 772 18 0 19 8 830 263 548 699 0 995 719 0 724 585 0 0 413 0 0 504 0 0 179 523 0 0 926 870 627 714 681 0 193 0 506 788 150 418 581 0 315 335 817 243 566 408 291 373 0 16 914 750 495 846 656 567 720 0 375 398 0 4 0 604 630 0 0 69 200 574 818 0 980 193 0 826 992 881 857 0 380 0 0 666 0 214 268 679 0 949 19 446 948 93 206 267 0 782 0 974 0 0 506 555 338 0 197 766 645 351 968 612 43 843 576 0 0 481 0 0 0 95 566 114 0 284 891 552 920 109 0 0 130 749 501 722 933 683 0 0 217 0 0 0 43 227 78 880 0 594 523 51 0 274 928 94 628 0 298 13 166 235 924 606 0 751 373 90 86 144 85 878 0 480 897 124 571 622 878 0 816 466 0 556 516 542 383 0 0 798 0 184 523 33 679 480 288 862 30 181 343 429 132 623 433 212 0 551 0 943 973 331 180 756 0 851 536 0 
532 0 0 875 385 236 808 906 890 0 792 45 0 337 949 737 0 672 522 142 210 30 853 738 0 0 633 587 923 198 413 777 422 466 992 9 53 348 0 168 302 987 0 386 0 740 0 0 329 872 490 293 0 559 66 756 388 266 6 645 930 0 22 347 0 882 972 113 244 686 0 956 313 0 27 0 0 285 757 0 832 781 141 305 0 990 838 408 883 135 27 29 327 458 554 0 585 626 132 817 0 930 0 0 907 230 792 173 870 0 0 0 286 963 0 0 0 0 699 22 0 0 620 953 684 331 512 573 0 74 213 602 0 910 0 285 30 865 987 423 265 371 92 95 0 711 344 125 0 818 56 831 0 0 0 472 0 409 0 485 688 225 738 0 337 997 692 960 209 0 829 0 246 0 811 946 0 110 917 392 0 837 11 63 0 0 527 668 0 0 0 426 808 314 30 983 418 676 868 296 462 857 0 367 206 838 0 0 100 598 297 892 932 0 630 560 270 317 396 511 0 691 941 656 788 223 0 767 0 711 134 0 664 18 496 318 819 0 275 316 7 595 526 567 906 273 148 389 0 0 627 273 
287 0 0 0 451 6 403 659 345 207 497 972 865 70 875 950 495 893 582 714 334 713 240 622 0 480 780 18 502 0 0 652 889 925 782 116 36 31 954 606 57 576 380 266 780 512 0 0 503 864 265 309 441 590 100 732 303 793 0 0 929 838 952 286 661 900 232 949 567 881 0 312 224 0 82 691 740 548 842 797 100 0 0 872 59 445 498 689 751 961 65 0 114 0 0 827 0 0 0 808 587 805 159 228 0 776 187 484 535 434 664 0 146 958 910 584 639 593 116 64 275 871 0 338 559 753 370 76 0 272 320 781 0 96 394 0 0 0 0 175 579 413 161 0 0 444 696 733 202 0 438 935 438 681 0 183 0 828 651 166 23 946 792 0 215 734 0 447 0 558 896 552 444 608 983 513 803 116 0 0 415 27 0 477 0 398 0 349 120 120 314 0 620 0 0 0 77 0 694 0 50 0 529 798 959 93 0 0 565 420 490 0 905 987 118 0 495 640 0 368 463 0 860 710 0 350 894 953 0 976 265 749 0 593 693 472 302 66 366 615 699 126 241 0 699 788 0 0 477 322 692 0 
377 875 0 0 912 867 0 0 0 213 379 806 0 979 535 0 823 228 799 0 0 926 365 358 830 0 427 501 230 0 728 310 485 963 0 743 745 316 0 69 970 0 0 810 334 931 735 18 457 446 84 909 0 534 883 0 0 55 0 849 375 505 877 0 0 306 0 139 587 271 0 80 946 160 753 580 0 0 713 0 190 151 618 247 993 0 532 946 532 291 260 384 706 0 905 0 246 269 223 436 819 856 935 0 312 779 0 7 801 357 128 459 303 141 313 713 901 294 0 124 736 52 0 196 322 676 0 240 443 455 913 778 0 798 191 883 862 781 224 0 807 798 0 410 933 867 547 0 110 275 301 760 513 0 286 0 477 826 610 0 0 716 799 249 631 728 352 270 0 61 899 716 0 0 745 244 201 726 752 331 22 435 774 504 436 515 986 0 304 0 134 0 930 0 306 304 826 0 520 448 0 663 641 131 953 58 513 361 377 0 204 205 369 589 621 299 392 0 0 0 658 190 229 0 784 869 320 91 667 90 503 0 942 128 679 308 241 418 189 188 666 0 0 0 317 994 245 0 909 665 640 199 
0 385 451 912 0 116 122 575 0 385 475 0 99 332 88 745 73 898 0 0 957 174 700 935 779 726 956 0 571 680 0 568 0 661 720 677 377 0 0 0 0 728 778 385 658 795 882 63 0 2 651 0 975 716 153 178 208 546 96 0 236 520 116 402 752 886 138 758 431 0 932 975 0 714 148 0 882 996 787 700 150 946 832 0 104 353 99 573 415 600 0 416 0 0 568 562 492 751 331 62 991 646 572 47 939 373 304 152 770 0 737 0 0 434 185 779 660 291 0 483 225 0 904 0 391 199 817 103 644 768 0 921 999 896 0 230 550 0 47 0 0 911 384 357 590 0 466 237 854 680 636 212 449 632 469 311 489 0 287 0 0 603 0 411 26 817 766 574 636 418 743 694 0 400 254 450 159 496 0 212 0 518 386 233 551 504 767 40 0 163 0 636 315 413 503 905 443 982 157 391 865 75 251 659 0 275 0 126 528 928 245 178 856 952 546 537 966 0 193 901 0 179 0 974 464 927 0 448 421 180 111 0 707 748 0 0 0 474 0 882 585 723 0 224 899 33 199 887 46 0 202 315 
513 236 6 867 116 0 299 405 404 0 877 573 222 952 0 240 645 328 0 0 340 628 795 633 621 212 0 532 547 275 0 198 806 139 853 457 637 160 19 996 0 683 563 0 138 0 647 0 312 405 650 0 128 807 0 384 818 586 754 164 443 735 369 941 392 367 121 940 381 391 0 731 972 470 271 0 0 0 225 375 471 185 980 193 711 803 936 0 567 195 17 0 749 0 379 204 404 690 226 0 300 0 892 994 0 0 803 581 741 715 549 0 47 666 880 0 201 236 0 534 273 887 160 899 208 32 224 815 729 627 0 0 16 335 820 291 781 532 0 579 974 193 0 884 549 524 0 753 840 755 989 311 731 712 551 402 723 0 285 627 23 636 0 885 703 155 0 232 992 80 683 0 500 56 0 0 6 624 0 434 73 0 761 812 446 779 321 143 132 667 487 0 0 437 826 515 801 0 117 320 274 412 365 465 470 309 981 837 0 657 864 306 659 354 162 173 0 0 83 284 360 681 0 858 0 0 384 986 637 847 9 234 263 68 0 39 0 879 14 0 0 0 0 582 686 331 787 0 578 0 973 213 
828 808 403 0 122 299 0 697 828 707 157 454 484 992 0 870 37 872 839 302 973 651 146 0 170 0 893 403 23 0 577 91 737 0 568 70 429 438 0 211 0 432 590 320 822 0 345 70 0 127 0 0 420 202 634 655 807 315 0 786 0 555 442 0 141 160 441 632 0 399 278 233 0 841 669 263 0 746 367 0 877 93 113 89 130 107 951 764 535 424 359 847 852 0 824 440 86 766 758 429 0 712 786 875 0 189 0 597 269 510 710 621 300 647 909 0 545 0 60 0 76 85 920 202 0 24 470 558 507 730 918 837 0 0 895 0 0 379 411 0 226 935 0 0 0 460 271 328 295 0 471 0 847 0 621 0 515 653 228 604 889 748 391 0 0 146 373 35 34 0 0 245 730 0 893 581 251 250 76 0 804 90 343 0 938 0 909 915 465 52 969 529 988 0 562 0 612 0 0 0 299 0 319 983 114 440 0 0 360 179 924 481 777 496 209 70 694 517 488 0 543 0 382 315 366 656 711 340 0 53 0 0 0 87 155 322 638 0 0 251 440 888 596 265 0 0 0 806 0 176 0 932 
94 906 659 0 575 405 697 0 158 627 208 545 747 214 130 0 438 716 486 422 0 610 0 737 0 444 0 886 0 49 168 845 288 0 906 0 581 472 474 818 0 0 187 766 0 0 0 0 0 957 426 6 0 521 525 720 528 137 834 546 0 599 688 0 256 279 0 709 300 443 0 322 394 553 0 0 187 828 54 708 447 96 478 0 521 875 526 25 962 0 497 0 538 134 93 282 205 0 0 303 748 0 909 613 968 127 615 771 488 486 120 659 303 599 0 651 290 0 879 816 587 545 257 717 280 24 24 588 415 43 871 544 0 0 117 0 0 595 353 862 605 208 14 0 399 0 292 491 545 987 5 687 0 567 428 344 638 0 0 61 332 516 822 0 150 872 41 633 0 46 690 575 0 395 0 870 903 985 550 73 825 337 954 875 0 223 109 199 667 150 224 713 0 303 0 112 927 266 0 678 365 0 264 396 0 0 754 0 367 63 45 632 181 128 503 565 947 343 311 160 295 761 910 292 844 769 326 241 577 0 0 832 0 0 174 0 354 524 0 0 0 576 220 932 10 939 323 700 0 111 694 25 
945 890 345 0 0 404 828 158 0 20 489 14 0 895 967 120 324 735 617 171 0 275 0 348 322 572 418 0 171 836 917 193 964 124 0 0 47 790 556 296 0 415 127 439 0 0 0 0 740 619 893 280 891 479 922 232 0 513 498 3 700 0 351 642 488 0 0 821 335 331 770 0 540 819 180 995 0 531 0 330 498 748 100 381 0 0 0 142 0 444 0 947 0 226 999 724 34 586 910 198 918 635 0 147 349 981 0 440 427 986 0 447 832 320 0 516 101 296 844 0 0 427 0 404 410 422 677 0 857 629 747 935 666 0 717 271 495 167 365 146 857 628 599 0 3 557 965 800 589 0 82 0 0 428 0 470 0 0 628 39 383 929 732 695 0 112 0 0 819 342 989 0 0 674 518 767 792 0 0 47 0 0 490 670 151 0 400 226 0 0 0 756 0 943 48 678 0 491 536 591 0 296 273 0 219 371 315 168 757 892 0 0 0 0 0 795 450 915 0 255 668 802 586 388 0 399 497 357 860 899 254 402 538 974 40 139 586 772 0 0 915 357 823 0 505 157 714 0 15 700 0 269 
230 0 207 213 385 0 707 627 20 0 0 0 579 0 970 550 0 0 968 94 528 655 0 547 526 730 160 0 599 0 371 284 410 335 150 106 0 0 47 861 633 908 0 49 0 786 164 18 453 72 0 691 0 148 0 594 742 434 732 459 26 498 374 828 183 675 246 893 675 515 0 482 0 0 860 960 613 0 0 0 237 888 723 447 0 735 728 654 347 261 425 611 38 528 265 515 291 472 761 495 593 0 841 0 2 896 194 762 0 329 0 894 962 0 752 0 53 480 0 840 110 0 416 897 896 759 140 723 297 194 815 104 0 391 470 686 209 965 0 972 687 0 655 0 0 987 0 541 0 872 387 559 354 751 0 544 278 248 0 0 575 559 726 0 0 93 274 147 406 0 583 219 288 0 376 0 0 287 438 834 762 717 0 20 558 47 0 0 0 692 0 997 270 2 599 985 156 232 0 0 699 432 186 1 701 529 881 203 589 298 0 764 0 483 767 165 368 570 920 138 151 0 0 619 567 0 131 0 239 0 0 797 217 705 306 787 0 0 625 677 554 0 0 232 394 581 414 115 0 903 240 957 
711 792 497 379 475 877 157 208 489 0 0 0 887 481 530 0 0 850 16 409 0 228 904 124 740 0 383 22 17 0 265 0 417 113 343 686 521 31 0 378 855 454 0 0 0 0 479 0 0 746 215 188 445 0 301 553 237 218 0 42 755 164 0 260 591 443 230 0 58 419 0 0 0 514 0 0 441 653 854 276 763 926 237 955 0 200 515 849 0 0 895 0 0 743 393 663 0 591 312 64 818 0 593 760 994 154 0 370 709 730 901 456 0 558 334 222 117 863 0 98 0 174 0 0 399 0 987 417 0 664 0 541 23 0 378 505 693 282 24 742 658 0 986 947 721 841 0 263 284 0 0 958 0 0 111 368 72 0 632 866 362 544 413 238 523 710 0 717 679 637 300 143 521 133 951 954 0 0 87 46 947 0 222 153 988 304 514 0 0 393 106 0 151 0 743 0 442 263 0 0 0 0 406 0 853 0 0 527 160 0 686 216 364 607 255 641 925 424 320 546 455 476 0 40 686 200 298 747 621 686 0 855 0 408 422 825 0 815 822 35 887 22 200 167 416 711 0 726 478 0 376 542 
124 45 972 806 0 573 454 545 14 0 0 0 0 109 0 941 497 945 647 68 0 0 0 0 921 106 738 770 0 687 412 287 0 719 463 201 22 0 0 758 116 760 244 170 761 0 132 917 570 39 219 868 140 8 653 413 146 369 596 0 807 0 355 0 0 518 0 0 552 491 188 292 0 199 580 876 936 502 568 500 816 372 104 0 306 0 876 432 0 394 441 0 619 0 0 0 0 53 505 759 0 0 417 352 576 774 0 199 3 814 481 0 913 0 514 414 0 0 452 100 604 949 476 797 946 0 0 45 874 283 0 0 0 0 835 599 548 975 0 549 0 627 98 332 224 420 386 659 0 839 250 0 519 558 79 0 0 0 772 747 898 571 0 679 803 372 625 206 30 0 119 597 444 803 44 463 735 0 0 10 397 239 53 33 464 0 573 0 149 570 0 0 380 618 952 760 0 416 935 0 365 586 724 825 881 805 362 0 372 503 208 0 0 532 707 408 743 125 874 0 0 32 0 0 718 475 754 66 694 647 0 0 169 0 977 0 248 696 913 95 0 696 93 30 412 624 0 162 975 727 295 80 
776 0 865 0 99 222 484 747 0 579 887 0 0 305 944 37 568 0 0 29 0 551 768 182 724 907 0 0 594 0 94 0 976 0 0 0 791 0 818 0 780 160 15 0 354 231 443 672 660 392 0 788 635 0 0 568 614 8 168 893 941 0 390 711 981 0 867 698 155 65 70 442 297 15 0 303 630 569 144 0 618 0 495 506 0 215 0 0 326 481 50 408 616 668 0 197 351 744 237 292 470 144 260 0 380 0 155 443 416 708 551 136 164 946 46 883 0 201 808 0 650 660 741 374 218 319 828 119 768 444 0 0 804 159 858 971 459 32 945 203 213 931 0 0 891 618 411 0 0 151 561 0 0 165 445 936 330 0 0 261 0 831 108 0 349 636 489 0 309 0 782 134 0 355 688 192 893 115 817 0 147 998 18 8 935 65 480 627 749 0 501 531 951 651 610 961 543 898 684 141 0 128 682 0 0 0 0 76 0 442 345 480 638 973 0 0 649 798 862 220 683 0 331 227 0 706 214 354 0 667 668 912 208 140 699 457 696 602 277 737 86 883 457 933 95 776 927 0 509 729 119 347 
309 337 70 979 332 952 992 214 895 0 481 109 305 0 362 695 554 821 965 61 777 415 939 199 794 698 345 109 210 555 131 77 762 335 0 255 761 215 72 792 0 978 712 0 302 0 0 436 532 919 946 0 111 925 0 829 261 0 675 311 347 721 247 171 448 888 965 91 0 771 0 335 867 0 0 162 995 606 524 0 234 0 338 886 864 627 819 0 646 347 38 499 854 324 380 254 230 736 381 0 694 88 191 619 804 840 366 774 362 317 0 75 577 0 16 447 738 352 0 0 543 566 529 764 0 571 717 430 739 51 434 391 0 146 0 482 95 51 808 500 941 870 970 160 149 0 316 677 826 305 215 0 82 960 212 230 0 0 692 0 229 950 383 693 390 519 57 408 152 0 177 0 534 818 14 682 523 0 431 246 396 188 0 0 0 984 583 608 622 485 201 436 155 891 741 256 210 0 447 0 53 0 915 246 439 599 0 186 573 41 27 562 811 352 533 684 210 546 0 675 284 254 0 11 0 0 0 113 9 217 243 257 0 750 254 0 480 117 350 715 537 750 865 869 0 0 0 774 304 0 57 0 
144 949 875 535 88 0 0 130 967 970 530 0 944 362 0 717 337 679 0 0 242 383 641 762 675 603 3 0 92 132 464 840 430 802 81 76 306 0 610 252 232 884 340 492 376 984 0 0 0 184 849 0 729 813 89 894 0 943 0 268 977 825 165 978 240 652 0 592 205 635 666 860 830 540 0 0 885 0 389 596 0 924 481 307 0 783 958 878 0 574 0 737 943 457 918 31 0 357 0 889 334 0 0 965 540 622 856 70 655 543 0 542 0 121 735 69 422 496 0 741 697 0 0 1 874 460 325 0 0 0 0 407 125 68 929 307 873 600 402 449 487 550 0 779 878 131 690 927 871 492 922 527 628 0 669 118 940 0 0 0 594 326 0 249 708 623 0 388 800 41 214 509 365 0 0 0 870 990 0 0 419 854 185 487 214 0 892 35 0 116 977 0 0 0 235 887 0 213 287 496 742 849 11 604 79 0 0 80 0 199 378 0 0 0 0 630 0 749 960 42 0 621 865 369 917 0 0 421 871 11 216 791 0 774 208 105 435 0 0 314 838 451 325 983 227 0 0 280 634 0 0 758 
0 737 950 0 745 240 870 0 120 550 0 941 37 695 717 0 0 35 955 188 457 92 0 0 0 0 750 103 547 356 754 924 458 985 278 0 809 897 251 927 0 825 0 368 894 0 110 212 477 898 63 0 974 926 499 345 0 836 830 271 257 129 74 0 0 387 763 83 255 379 0 350 752 0 723 194 408 63 442 790 878 334 0 0 0 791 261 185 369 712 125 218 371 170 249 140 746 903 0 605 771 304 0 197 0 873 111 0 0 699 654 649 771 221 964 0 956 0 398 361 49 230 374 925 968 390 264 756 141 98 572 544 575 187 461 927 321 14 0 517 0 891 928 0 0 485 148 483 0 368 211 454 831 319 0 966 306 977 885 0 155 89 351 521 0 584 129 647 655 585 0 343 0 649 240 0 873 285 377 30 803 171 547 700 887 0 265 217 0 0 196 0 458 679 539 21 540 52 520 499 748 0 622 0 926 731 0 0 165 647 877 705 0 833 659 0 583 0 888 564 229 0 405 394 391 423 674 939 478 0 780 565 0 0 364 32 259 539 884 618 455 818 217 249 0 0 155 858 772 481 0 305 
961 0 495 823 73 645 37 438 324 0 0 497 568 554 337 0 0 273 271 175 926 528 289 959 637 313 0 0 768 26 734 0 620 809 730 484 423 488 18 185 0 25 687 0 888 994 39 323 0 335 92 0 0 600 0 237 381 0 986 0 114 476 412 0 0 0 0 386 662 636 421 991 0 815 0 558 167 474 371 336 780 869 0 250 950 936 168 797 810 843 662 0 0 0 0 385 370 0 103 0 429 546 0 663 0 348 535 304 116 214 37 0 892 0 376 805 0 0 186 0 405 179 135 486 0 447 219 919 276 0 945 0 739 701 778 683 195 245 175 369 834 439 472 789 467 0 683 103 743 0 595 295 849 355 90 733 717 0 291 714 52 978 21 998 200 612 796 662 287 0 0 346 396 0 747 0 672 0 0 734 382 357 33 0 996 999 0 8 802 821 0 562 428 857 175 69 98 726 610 640 344 919 0 610 959 183 47 13 0 0 0 913 0 506 513 443 492 660 376 177 0 129 492 486 335 0 0 647 420 0 703 901 601 0 834 172 0 180 840 78 703 0 0 717 951 698 989 483 990 390 0 594 
207 672 893 228 898 328 872 716 735 0 850 945 0 821 679 35 273 0 0 0 211 570 525 717 758 0 0 229 705 804 457 566 242 625 0 0 739 316 0 0 0 288 0 966 476 0 567 64 94 0 257 0 930 869 665 824 992 22 565 746 54 116 275 733 737 461 662 710 0 0 779 0 764 0 263 0 910 388 642 10 307 206 485 597 276 868 0 179 924 0 560 434 554 764 346 0 711 206 993 168 168 568 899 134 0 732 251 278 312 177 0 574 107 157 73 39 554 41 0 744 592 98 0 958 408 452 232 751 994 573 286 0 0 507 0 457 475 365 262 423 0 502 513 233 40 312 253 640 95 730 509 0 315 322 0 0 726 0 689 157 266 0 997 291 167 0 0 150 314 595 0 407 0 0 310 0 933 150 566 927 386 0 0 0 974 433 0 870 795 0 244 0 941 0 50 0 827 232 746 0 0 941 802 931 0 0 0 658 0 704 0 0 718 185 0 143 0 12 975 222 0 272 902 0 866 491 0 898 0 181 284 143 787 333 745 426 484 415 0 678 177 757 349 587 836 472 121 824 625 315 555 734 
712 522 582 799 0 0 839 486 617 968 16 647 0 965 0 955 271 0 0 0 903 59 706 0 0 0 84 0 412 748 0 217 589 270 1 834 738 944 0 868 904 506 936 88 893 129 102 535 0 779 830 798 0 0 0 0 730 976 0 276 469 0 659 0 508 639 730 10 451 935 206 0 737 878 280 439 0 111 510 920 0 264 392 296 621 117 951 0 423 607 0 743 64 187 522 568 839 457 827 546 0 64 0 0 0 607 66 0 599 527 854 0 132 652 380 482 0 927 0 996 0 858 0 266 0 0 603 0 0 768 0 43 0 0 0 0 0 0 962 164 487 0 743 840 0 841 37 893 0 923 885 0 0 0 914 279 530 612 0 388 0 417 434 287 0 108 528 0 933 686 562 38 786 104 0 352 29 0 588 0 421 569 929 251 0 841 116 0 198 517 104 0 0 161 0 850 866 508 330 0 782 236 755 871 571 851 0 540 931 634 893 0 0 611 746 151 582 855 737 0 103 0 129 687 0 878 0 442 147 0 0 644 698 793 499 118 507 207 142 422 702 591 134 884 628 634 628 547 299 261 772 957 
0 142 714 0 0 0 302 422 171 94 409 68 29 61 0 188 175 0 0 0 732 0 914 654 0 610 734 445 772 787 849 0 0 182 602 333 0 0 584 0 716 599 0 201 128 506 768 0 876 617 346 345 288 398 0 578 0 140 471 0 532 553 436 0 641 771 828 352 0 922 937 29 0 901 77 482 488 11 0 0 775 713 103 304 560 765 724 0 0 744 131 565 94 53 320 76 292 0 685 783 0 394 668 775 137 0 871 312 186 785 791 0 452 0 0 609 502 0 604 67 566 385 999 922 923 59 700 961 483 184 157 0 81 218 750 630 872 914 212 373 465 0 195 158 0 0 281 863 344 519 823 0 447 710 60 60 700 324 80 0 66 608 653 0 0 980 47 243 77 425 0 867 188 585 691 582 873 625 0 654 889 538 989 0 0 129 808 433 870 0 427 894 830 865 0 0 930 0 735 376 426 740 697 638 0 0 227 344 127 116 0 292 143 262 825 252 821 0 652 547 250 0 863 0 567 0 29 0 260 304 0 0 720 0 354 821 608 0 534 0 627 416 340 394 807 955 379 0 294 821 348 621 
333 210 334 0 957 340 973 0 0 528 0 0 0 777 242 457 926 211 903 732 0 812 667 606 534 889 149 990 924 0 814 1 55 729 604 708 191 0 536 655 285 27 0 155 0 237 617 0 59 129 659 0 764 99 980 0 0 53 0 386 0 0 998 350 132 907 614 0 922 305 303 751 679 920 408 613 283 490 989 52 261 894 612 500 693 611 614 0 946 927 881 0 42 742 49 0 548 337 0 48 482 0 0 795 758 109 0 207 0 242 362 0 807 792 674 902 134 978 0 676 0 810 0 396 26 975 408 859 330 123 636 0 462 900 478 0 372 595 463 0 226 995 886 228 0 204 306 374 540 0 153 616 778 191 306 737 755 623 90 811 766 617 647 892 423 85 96 0 417 182 233 430 335 88 356 112 772 0 534 0 0 136 291 0 791 928 0 681 688 0 0 188 369 177 86 0 8 0 856 28 0 57 991 166 162 565 728 671 927 0 739 0 245 98 994 0 471 100 206 235 0 0 464 296 731 905 115 0 590 40 55 712 0 179 301 478 705 710 0 410 0 0 351 19 644 0 0 972 455 0 631 995 
0 30 713 926 174 628 651 610 275 655 228 0 551 415 383 92 528 570 59 0 812 0 570 877 812 313 0 908 884 106 687 307 330 513 772 506 499 0 80 230 559 151 212 0 25 0 73 968 774 452 179 802 95 374 372 688 878 0 996 230 923 0 88 0 5 483 0 814 739 0 706 0 291 0 192 616 0 680 596 913 81 0 0 349 222 84 0 826 920 834 902 7 821 64 528 602 0 895 56 134 0 0 706 417 172 0 512 701 547 0 976 752 965 736 71 736 0 838 582 0 695 0 822 628 637 588 651 283 676 20 845 96 877 128 0 613 873 0 341 645 184 0 775 585 888 0 800 250 839 502 0 922 0 0 749 0 722 0 0 0 783 0 0 994 809 0 788 725 900 46 0 779 306 0 0 242 660 430 0 155 0 765 800 0 504 320 0 0 198 84 41 24 138 813 134 0 755 292 637 642 480 0 576 7 97 915 433 763 232 719 752 328 0 265 707 34 828 314 943 132 214 0 0 861 55 946 215 795 176 463 491 315 569 68 0 0 0 50 0 0 95 0 932 630 356 315 245 0 910 0 477 700 
33 853 240 365 700 795 146 0 0 0 904 0 768 939 641 0 289 525 706 914 667 570 0 740 47 524 659 795 0 0 0 313 0 69 612 0 186 678 400 213 154 0 0 332 757 0 0 793 0 0 0 469 97 918 0 483 842 0 257 323 0 530 193 990 49 776 130 29 984 958 927 508 336 131 390 325 63 0 499 0 0 289 0 884 0 602 205 125 0 866 455 0 0 0 887 0 613 965 198 875 85 57 143 0 0 0 0 262 122 346 592 0 0 564 0 488 0 376 105 238 0 62 584 646 376 562 523 0 0 0 31 53 0 242 756 329 447 477 992 0 766 757 59 867 0 732 647 0 288 557 381 921 530 190 361 397 845 205 179 815 0 0 246 202 484 212 781 685 732 421 659 0 628 0 249 372 17 0 468 714 794 835 354 0 642 0 432 233 124 331 946 17 341 0 339 138 36 582 0 198 743 0 363 910 373 307 278 671 625 757 0 0 600 665 0 115 674 147 0 0 990 0 0 786 406 566 894 801 0 860 268 84 232 942 86 391 0 0 371 123 736 937 369 726 69 876 550 108 364 0 712 178 
891 738 622 358 935 633 0 737 348 547 124 0 182 199 762 0 959 717 0 654 606 877 740 0 0 0 963 285 643 0 572 0 0 0 108 72 0 387 102 662 676 609 321 998 165 558 0 0 73 823 0 195 378 0 533 0 0 817 741 0 0 602 937 418 196 891 0 770 120 91 0 0 216 222 0 38 190 269 0 586 766 0 345 0 0 554 0 0 0 532 0 955 749 690 0 648 0 51 0 0 515 291 396 93 592 0 0 0 387 0 493 805 0 89 788 0 0 780 783 963 0 147 747 598 750 0 143 76 72 512 0 671 0 975 542 384 163 699 0 733 317 891 659 894 0 298 67 500 828 0 0 87 0 10 868 930 564 152 547 153 0 279 176 503 0 936 435 0 586 0 859 863 0 0 262 991 0 59 105 712 466 0 0 819 631 331 0 104 0 948 455 942 748 0 0 322 0 987 370 0 0 592 772 0 147 0 0 546 602 124 627 306 160 350 0 973 0 517 696 726 262 0 882 0 514 0 900 371 856 576 0 942 127 731 602 855 413 201 0 0 612 793 113 0 474 655 617 419 0 976 0 180 
768 0 0 830 779 621 170 0 322 526 740 921 724 794 675 0 637 758 0 0 534 812 47 0 0 0 0 807 0 0 523 154 0 0 914 858 0 0 365 0 96 0 237 864 148 858 820 766 733 376 564 213 196 0 392 0 122 572 0 0 0 315 740 239 0 489 486 403 536 719 848 0 902 0 468 204 0 481 20 197 0 400 0 942 442 363 0 216 832 156 126 498 728 318 0 299 707 61 507 350 730 177 652 648 0 126 159 859 832 985 516 324 373 700 237 202 716 660 946 818 712 0 998 115 945 160 823 712 139 0 317 489 160 0 0 755 753 364 398 754 137 895 791 202 350 771 0 689 247 0 640 0 741 755 680 0 56 962 0 0 666 0 977 674 551 140 0 67 872 0 261 765 737 221 280 210 359 0 0 442 831 543 270 494 57 553 0 0 751 475 897 0 0 862 851 0 377 684 530 998 0 653 827 715 270 794 467 0 644 0 0 859 787 650 838 0 244 624 184 128 777 211 787 239 372 0 0 138 0 586 0 705 237 686 321 787 235 721 364 704 0 184 443 548 261 171 0 10 118 0 0 799 
546 0 480 0 726 212 0 444 572 730 0 106 907 698 603 0 313 0 0 610 889 313 524 0 0 0 519 578 415 845 920 0 141 976 872 239 683 387 900 901 0 0 22 638 9 830 754 0 187 0 433 0 857 0 540 169 834 458 611 0 0 846 55 337 0 0 685 222 122 75 584 880 656 764 0 329 867 678 978 849 492 0 146 0 498 8 550 305 326 669 505 115 632 997 901 428 400 957 968 0 674 722 0 202 491 751 858 800 299 927 635 0 595 448 684 0 411 226 0 0 229 0 706 0 535 0 177 382 0 977 0 621 0 478 991 620 71 302 983 726 421 109 0 658 991 114 0 521 0 894 208 999 943 459 783 0 120 235 610 314 219 337 171 968 0 111 0 140 135 668 340 0 514 370 86 865 0 274 0 0 0 334 0 406 0 0 0 223 89 450 651 873 0 961 954 0 0 125 0 315 0 294 0 969 0 643 878 713 384 227 637 0 349 398 138 880 239 741 650 385 0 850 0 0 419 142 550 404 299 0 72 0 376 384 0 686 0 421 89 0 290 0 354 153 996 693 787 737 453 0 0 451 
360 633 780 427 956 0 893 0 418 160 383 738 0 345 3 750 0 0 84 734 149 0 659 963 0 519 0 433 154 261 707 415 0 149 738 891 923 0 0 944 244 962 966 698 349 287 902 606 0 34 739 932 803 805 42 461 647 364 806 524 475 484 641 374 0 393 168 531 203 0 5 241 414 798 0 0 605 0 406 658 398 776 363 513 325 623 353 0 763 43 301 414 192 0 371 305 922 462 676 812 937 0 0 235 602 201 0 497 520 0 319 445 846 546 433 0 0 529 31 601 226 466 304 0 296 972 242 665 240 176 693 0 857 206 635 0 186 275 0 674 74 788 370 6 0 763 0 774 0 967 298 201 456 973 733 475 782 858 0 0 802 95 45 523 557 585 520 0 505 0 959 778 0 17 0 243 0 964 389 509 487 477 0 772 0 573 275 28 388 84 843 0 0 401 0 147 167 427 297 848 25 0 588 0 923 883 960 0 784 457 486 0 503 0 164 276 419 281 0 0 0 777 664 0 43 21 169 465 299 301 0 0 267 566 998 0 0 976 199 810 892 326 482 76 915 0 0 0 0 0 800 922 
0 587 18 501 0 532 403 886 0 0 22 770 0 109 0 103 0 229 0 445 990 908 795 285 807 578 433 0 0 860 30 936 807 849 0 656 300 997 221 0 664 987 0 633 941 220 998 131 0 53 422 833 647 645 987 613 823 445 583 176 0 395 630 741 533 841 489 185 145 145 0 229 796 0 0 487 0 484 30 184 78 128 205 0 681 481 378 566 467 789 47 496 136 860 375 0 0 0 552 518 720 0 3 0 237 843 244 175 470 547 213 54 894 639 998 329 759 135 817 385 834 952 815 391 76 0 0 530 906 0 486 38 473 604 91 974 172 659 411 538 274 706 306 209 0 0 182 728 820 905 993 0 767 828 703 317 414 875 101 0 100 0 349 865 389 296 0 166 0 280 0 0 664 337 94 144 672 248 760 366 370 0 210 0 397 0 353 838 97 0 419 463 468 0 199 181 665 863 515 417 641 359 0 0 0 442 0 486 0 841 237 420 677 823 447 237 801 0 886 127 520 166 483 0 495 482 0 0 710 149 149 129 503 0 0 494 949 845 924 195 525 36 243 209 62 0 0 117 0 464 416 840 
656 923 502 230 571 547 23 0 171 599 17 0 594 210 92 547 768 705 412 772 924 884 0 643 0 415 154 0 0 787 5 160 484 0 131 468 12 17 0 0 455 857 0 0 0 0 0 305 838 876 204 867 63 976 762 659 504 178 0 757 0 0 0 412 0 638 0 305 653 444 930 0 0 909 618 139 634 389 178 703 0 566 0 50 993 987 317 125 792 782 593 792 22 199 959 0 99 0 219 16 913 259 0 0 894 0 83 544 217 429 115 573 909 383 293 908 886 115 641 0 928 618 522 238 0 0 915 430 232 769 0 0 795 669 895 825 68 194 176 725 800 927 411 522 484 0 0 0 337 0 179 257 514 772 795 388 0 0 0 400 0 194 368 0 0 862 149 725 497 837 270 197 426 501 948 62 0 0 746 672 474 449 0 702 300 436 515 105 81 347 859 371 139 0 0 172 553 0 763 797 841 814 0 149 113 932 529 741 13 841 0 347 921 80 0 0 0 536 0 693 476 139 609 367 649 475 197 552 0 932 79 0 924 422 167 862 742 0 0 758 0 0 920 339 0 0 914 105 83 356 0 782 
853 198 0 0 680 275 0 49 836 0 0 687 0 555 132 356 26 804 748 787 0 106 0 0 0 845 261 860 787 0 777 474 0 301 0 508 0 873 229 70 279 0 0 0 664 0 170 183 0 477 115 967 0 225 0 309 606 475 84 520 480 0 0 76 538 114 374 71 268 706 775 943 674 730 0 0 969 0 932 0 131 1 0 0 602 770 0 431 891 739 818 972 0 20 896 977 847 459 951 0 0 48 0 30 973 681 148 0 227 280 363 162 450 352 0 454 79 0 487 0 739 0 0 460 722 309 104 0 615 0 960 0 616 0 328 0 864 840 811 993 122 0 479 307 0 31 675 0 0 0 4 63 207 396 840 599 262 264 620 393 0 547 0 907 722 534 946 3 0 781 342 0 791 613 668 0 0 993 57 702 0 28 944 0 739 660 839 311 0 407 589 754 291 0 705 0 991 983 70 175 100 596 306 293 760 247 460 0 0 155 142 188 0 147 634 0 127 0 239 88 0 796 47 19 0 648 0 155 519 139 74 0 270 431 260 0 665 289 151 452 182 946 209 598 810 866 825 437 0 666 0 872 
297 413 0 728 0 0 577 168 917 371 265 412 94 131 464 754 734 457 0 849 814 687 0 572 523 920 707 30 5 777 0 0 201 500 749 0 80 462 0 980 0 293 823 694 0 465 164 544 319 123 122 37 381 36 204 199 0 228 892 0 470 389 0 908 0 0 118 390 385 0 770 340 0 482 835 0 570 0 834 782 595 0 0 756 581 0 954 891 0 0 931 0 43 133 0 374 390 540 764 682 0 0 954 0 752 395 34 410 61 637 527 0 0 78 0 820 0 70 69 0 362 822 756 425 0 399 209 446 928 390 0 16 0 259 550 469 926 277 0 882 187 737 0 0 0 240 432 262 722 721 631 248 331 985 0 0 799 0 681 0 850 574 336 373 534 0 297 600 161 516 253 0 90 247 767 272 0 698 924 673 86 409 924 263 575 351 407 685 243 0 842 316 666 759 462 0 642 492 0 0 733 778 351 548 299 324 373 452 741 988 610 0 378 63 794 979 265 0 178 0 366 332 256 109 791 817 648 0 491 180 181 101 0 969 110 731 122 165 826 79 468 826 216 851 0 728 374 852 880 386 241 0 
993 777 652 310 568 198 91 845 193 284 0 287 0 77 840 924 0 566 217 0 1 307 313 0 154 0 415 936 160 474 0 0 582 365 786 18 982 976 917 993 0 397 825 703 521 0 930 0 392 0 574 0 0 812 658 0 589 294 0 949 217 240 0 0 34 0 223 467 703 296 948 128 0 748 937 0 848 842 18 664 813 124 737 216 28 651 115 0 770 929 0 707 900 875 377 424 969 652 0 701 739 0 396 785 341 714 527 311 547 383 173 0 286 501 0 926 58 894 0 519 177 928 0 799 571 90 445 464 0 916 129 0 913 0 0 0 682 0 271 356 520 969 525 319 531 733 524 124 0 292 107 0 0 617 0 817 852 0 654 0 0 0 0 17 10 0 0 848 485 635 23 567 0 0 435 159 0 656 387 0 788 352 0 881 808 433 59 150 0 718 262 550 842 353 62 616 507 0 946 709 91 607 36 250 685 339 166 252 803 199 0 0 248 865 252 924 873 94 396 196 166 790 340 0 540 608 0 798 82 375 979 0 504 742 0 0 482 910 587 820 0 739 370 605 691 942 718 0 319 577 486 866 
554 422 889 485 0 806 737 288 964 410 417 0 976 762 430 458 620 242 589 0 55 330 0 0 0 141 0 807 484 0 201 582 0 152 339 426 850 570 947 597 768 635 415 582 836 397 637 300 508 264 71 360 146 0 730 302 59 760 457 729 244 258 522 840 425 465 0 152 71 279 581 0 894 0 270 0 779 17 549 520 600 56 0 0 537 775 21 825 166 263 717 648 159 777 937 342 206 845 482 380 0 0 352 926 0 191 0 96 971 262 42 164 0 424 999 908 807 616 795 12 704 804 283 403 0 312 284 159 395 405 185 0 0 0 918 673 761 738 405 825 0 819 846 370 0 835 878 303 109 168 280 104 247 794 0 553 0 306 407 0 127 909 0 0 0 45 0 474 834 612 887 0 0 0 836 0 625 0 0 0 206 128 0 667 0 638 496 0 441 103 372 0 362 309 806 451 0 207 0 752 0 0 422 322 91 792 0 174 0 766 605 96 0 758 180 945 876 0 609 565 435 796 485 162 0 896 437 859 399 856 0 0 111 587 0 0 192 0 0 783 423 407 117 121 385 554 636 710 66 827 395 251 
772 466 925 963 661 139 0 0 124 335 113 719 0 335 802 985 809 625 270 182 729 513 69 0 0 976 149 849 0 301 500 365 152 0 765 108 732 662 0 725 0 142 803 92 156 984 228 0 21 308 397 602 867 919 103 91 13 0 553 0 0 0 145 468 0 526 325 0 642 404 0 0 0 0 0 0 0 624 828 276 540 0 662 0 355 0 363 508 0 754 938 940 281 12 465 851 0 353 502 0 0 472 0 519 0 563 736 133 0 300 519 86 0 180 199 274 0 0 48 678 800 511 31 0 169 0 0 987 343 820 0 0 407 0 424 0 21 0 755 318 0 999 909 132 0 895 176 903 61 475 417 171 338 314 443 0 853 325 303 791 0 0 91 0 644 510 536 589 156 223 175 813 0 0 308 172 0 565 809 276 513 988 736 285 923 893 961 0 0 643 686 651 0 0 966 134 867 0 46 579 618 505 0 0 369 437 927 0 686 395 0 0 17 258 166 693 247 340 966 31 310 0 127 716 647 196 0 0 775 515 854 295 646 749 929 549 592 171 194 963 823 0 0 592 0 0 410 541 143 0 359 0 
18 992 782 0 720 853 568 906 0 150 343 463 0 0 81 278 730 0 1 602 604 772 612 108 914 872 738 0 131 0 749 786 339 765 0 565 0 0 0 346 128 146 281 443 0 986 171 543 0 120 0 599 665 714 372 942 816 62 0 401 0 374 58 0 629 197 957 653 192 0 0 552 88 714 0 52 0 483 769 6 166 177 30 64 355 659 29 550 266 618 0 463 714 0 281 453 301 384 562 0 0 22 772 947 190 131 253 0 263 0 881 0 502 5 446 159 801 184 0 323 343 659 656 493 861 548 116 788 0 361 335 197 0 15 0 677 203 280 266 30 0 0 647 18 0 12 921 0 0 646 0 911 260 580 91 852 282 615 867 916 311 0 152 0 141 696 540 329 256 343 347 518 0 932 979 429 213 742 138 49 0 895 682 0 930 110 655 489 0 858 809 859 229 0 414 202 80 0 973 0 746 317 529 45 610 947 419 0 923 967 267 751 743 973 64 137 0 0 757 0 0 0 611 87 706 970 819 324 0 0 660 640 673 797 342 958 0 423 0 296 860 769 991 972 0 872 818 254 924 495 404 989 
0 9 116 743 677 457 70 0 0 106 686 201 0 255 76 0 484 0 834 333 708 506 0 72 858 239 891 656 468 508 0 18 426 108 565 0 182 236 767 177 194 718 864 16 654 219 100 207 0 0 0 0 675 737 390 847 325 712 888 315 0 168 0 0 84 247 795 559 750 20 259 0 802 0 240 0 0 181 638 917 0 295 561 281 115 656 784 339 174 0 625 386 289 0 0 227 59 0 747 567 932 241 242 659 463 788 0 0 40 858 0 376 938 548 423 173 85 515 560 676 5 306 0 440 0 573 86 738 310 0 0 512 899 349 251 120 659 655 128 0 522 424 0 0 410 732 166 77 377 280 105 861 393 615 0 397 0 570 153 0 751 0 838 326 101 788 758 857 0 0 20 254 0 625 297 733 636 343 943 248 404 461 229 0 0 318 753 530 23 668 598 995 519 980 905 0 0 829 27 355 0 808 979 680 655 0 783 470 0 91 0 0 36 192 176 880 0 646 201 50 127 813 122 259 656 93 114 0 0 192 0 806 469 38 403 652 506 198 653 987 648 343 16 30 626 0 850 0 681 804 250 502 
19 53 36 745 377 637 429 581 47 0 521 22 791 761 306 809 423 739 738 0 191 499 186 0 0 683 923 300 12 0 80 982 850 732 0 182 0 555 950 0 531 912 0 830 706 24 0 923 213 963 135 345 507 510 816 236 994 943 586 917 409 773 157 695 682 928 864 100 0 657 467 716 0 269 754 556 783 45 9 105 902 0 600 0 0 38 707 0 665 10 534 0 97 15 484 803 831 101 835 787 948 0 889 727 369 180 0 502 623 742 953 0 684 517 374 278 605 0 767 0 674 0 862 798 45 254 319 421 810 0 390 0 204 129 0 0 542 382 893 447 575 0 0 0 875 0 0 0 212 0 392 0 926 397 452 808 683 49 404 898 498 528 165 537 712 621 32 174 534 256 996 776 0 878 357 605 822 77 313 726 507 0 0 267 3 642 324 0 447 401 872 952 314 0 311 972 0 276 662 0 189 708 0 995 144 65 0 0 954 0 480 0 0 182 896 824 863 435 258 0 0 677 480 601 0 469 430 764 685 493 0 0 958 485 899 908 526 508 0 793 680 140 390 628 398 234 593 302 0 325 665 674 
8 348 31 316 0 160 438 472 790 0 31 0 0 215 0 897 488 316 944 0 0 0 678 387 0 387 0 997 17 873 462 976 570 662 0 236 555 0 160 960 797 735 14 794 0 4 92 551 689 279 228 362 328 141 149 0 487 214 534 375 0 358 757 0 473 253 961 0 283 882 146 0 517 0 0 0 178 529 389 903 0 757 252 307 927 336 859 24 0 786 434 0 0 786 583 0 604 496 0 34 438 609 941 0 0 134 0 184 484 0 366 595 773 591 282 0 169 564 394 0 0 843 682 967 845 0 539 491 0 925 952 631 322 142 775 925 893 942 699 0 0 187 676 0 0 0 292 911 329 466 0 225 117 0 859 850 0 12 0 0 611 0 944 70 0 886 105 794 67 0 864 305 775 491 90 0 914 11 790 0 790 952 422 611 0 808 198 0 98 0 780 0 164 737 739 493 20 623 0 556 913 699 97 0 168 682 0 933 0 7 0 767 534 776 63 585 496 641 690 628 0 31 121 129 395 677 0 671 145 363 868 140 395 194 0 755 794 0 0 648 21 106 0 0 451 0 562 106 757 323 0 0 
830 0 954 0 0 19 0 474 556 47 0 0 818 72 610 251 18 0 0 584 536 80 400 102 365 900 0 221 0 229 0 917 947 0 0 767 950 160 0 0 0 0 47 0 0 0 52 890 714 889 0 392 988 838 48 234 0 0 402 852 383 658 403 470 74 152 943 797 880 0 916 0 0 479 788 353 0 721 450 393 289 0 0 438 339 376 0 174 0 0 0 972 346 28 0 581 0 360 693 902 569 302 0 439 677 587 0 0 10 524 680 3 474 544 115 785 0 647 109 0 91 0 0 761 853 83 880 415 328 898 950 0 27 692 532 115 0 663 220 0 984 434 571 698 74 71 586 725 0 212 38 46 993 0 0 0 978 0 511 141 176 431 179 130 105 402 0 907 408 227 0 0 832 190 0 141 479 35 841 756 0 705 99 110 412 635 0 377 910 322 804 0 0 225 305 0 247 506 683 356 566 610 0 0 464 318 0 665 163 121 158 922 564 303 400 0 199 133 590 0 0 101 671 0 607 999 20 964 0 0 421 0 497 405 827 675 295 690 0 703 789 111 0 400 62 72 679 416 0 491 936 789 
263 168 606 69 0 996 211 818 296 861 378 758 0 792 252 927 185 0 868 0 655 230 213 662 0 901 944 0 0 70 980 993 597 725 346 177 0 960 0 0 751 625 773 525 0 409 154 0 673 216 0 698 0 0 221 473 982 441 302 327 331 451 971 184 475 949 655 218 9 0 534 0 360 80 768 828 935 706 0 0 0 540 136 0 951 878 0 87 291 0 0 740 249 513 657 0 0 0 498 588 0 297 966 131 0 183 711 715 0 518 382 0 0 614 0 560 0 500 890 947 590 877 981 507 969 79 179 146 430 632 317 621 336 0 815 536 0 392 0 0 484 353 500 640 733 835 659 0 942 0 109 982 254 200 349 486 500 744 40 249 548 178 27 0 360 478 266 655 962 947 0 611 737 636 715 0 0 0 271 734 271 781 44 53 0 918 58 368 104 252 381 263 570 717 691 15 648 206 868 924 957 600 698 812 488 231 0 135 953 785 418 0 0 255 809 862 160 643 304 653 0 183 843 795 0 219 0 458 546 111 29 702 454 0 553 526 241 336 244 0 0 798 0 729 741 387 882 0 779 559 590 845 
548 302 57 970 0 0 0 0 0 633 855 116 780 0 232 0 0 0 904 716 285 559 154 676 96 0 244 664 455 279 0 0 768 0 128 194 531 797 0 751 0 0 955 0 0 0 158 127 384 718 759 550 0 978 0 496 41 371 594 328 353 564 614 0 231 210 0 0 226 357 0 611 354 53 214 132 924 156 990 370 654 914 545 0 735 0 116 0 775 0 375 256 606 722 895 391 0 713 42 0 667 130 976 0 129 996 0 927 683 807 321 412 260 76 698 208 753 372 449 396 573 864 190 738 775 190 659 707 0 638 823 0 0 972 910 0 590 545 475 217 247 236 0 0 995 0 233 15 0 32 974 478 373 0 124 0 90 370 248 146 0 212 0 669 962 0 215 705 78 436 826 488 656 919 783 852 716 259 115 0 28 859 929 214 958 0 412 0 921 0 244 818 37 852 0 0 625 517 843 0 277 274 174 804 274 458 398 504 80 151 233 743 0 672 0 697 540 0 396 126 0 264 14 0 57 2 555 86 604 0 911 0 134 0 441 663 128 0 475 0 300 711 830 568 907 468 949 824 513 932 571 421 
699 987 576 0 728 683 432 0 415 908 454 760 160 978 884 825 25 288 506 599 27 151 0 609 0 0 962 987 857 0 293 397 635 142 146 718 912 735 0 625 0 0 599 485 0 0 710 279 637 219 133 635 0 670 916 0 908 818 225 477 682 953 0 893 0 866 8 705 999 204 4 798 574 948 0 542 878 644 0 780 141 0 646 835 0 513 0 716 105 0 0 241 300 0 445 595 476 548 133 760 519 339 842 695 348 888 144 516 149 637 911 524 784 0 520 77 818 0 506 995 291 811 318 0 311 693 771 972 594 293 141 304 696 433 227 0 468 662 0 8 0 718 727 570 762 459 207 0 287 0 71 778 240 203 0 0 775 953 642 382 298 900 484 0 466 627 611 667 801 0 835 725 789 611 877 165 824 322 431 0 0 678 298 103 425 497 315 619 0 266 48 349 0 0 523 450 239 737 557 130 512 0 847 94 0 82 427 200 281 410 206 765 0 0 972 115 0 335 190 149 718 356 745 0 580 0 576 725 469 0 0 0 468 0 195 448 653 338 366 0 0 60 87 679 41 351 372 0 0 211 675 968 
0 0 380 0 778 563 590 187 127 0 0 244 15 712 340 0 687 0 936 0 0 212 0 321 237 22 966 0 0 0 823 825 415 803 281 864 0 14 47 773 955 599 0 230 810 629 958 157 494 97 0 0 238 943 851 787 432 593 0 0 0 709 984 0 0 303 0 320 88 188 0 0 973 450 751 558 677 992 825 792 428 112 354 113 701 589 428 680 465 34 595 367 438 0 217 882 484 0 779 0 212 965 550 0 126 170 87 0 507 0 298 704 0 581 271 18 454 647 658 0 855 471 360 307 483 0 0 352 230 924 404 360 299 198 921 606 0 905 0 0 37 887 300 21 0 928 126 427 0 309 66 287 336 505 348 450 217 136 380 436 540 0 863 592 0 168 491 333 327 0 0 704 134 0 653 0 0 394 936 64 0 322 323 425 618 0 611 771 0 767 519 327 779 798 744 89 0 0 680 474 916 324 143 633 79 881 831 0 143 0 706 373 0 0 0 25 813 256 0 0 0 831 991 0 0 32 991 939 471 247 60 317 832 588 77 0 213 68 50 952 272 0 729 0 307 0 0 184 650 647 443 0 
995 386 266 810 385 0 320 766 439 49 0 170 0 0 492 368 0 966 88 201 155 0 332 998 864 638 698 633 0 0 694 703 582 92 443 16 830 794 0 525 0 485 230 0 0 0 635 613 554 456 187 769 936 0 795 126 0 0 19 832 134 145 425 150 0 416 0 0 211 0 352 42 123 433 0 635 0 961 664 598 948 0 0 0 549 228 67 781 589 835 476 526 261 319 390 581 494 288 0 0 0 124 107 673 547 429 513 671 0 448 0 348 0 149 0 843 745 0 937 82 292 687 0 0 0 419 981 736 0 0 888 898 185 913 548 78 944 0 463 0 0 464 496 448 877 941 201 102 0 611 583 233 762 806 652 884 346 245 0 0 0 0 218 858 877 0 144 835 496 154 847 64 268 659 0 0 385 159 913 774 0 0 0 283 340 193 68 729 107 0 432 0 597 339 853 998 160 600 397 0 460 0 451 831 371 208 751 0 631 0 46 545 939 683 274 872 240 0 491 0 508 765 401 0 839 386 0 725 407 855 113 871 208 853 0 0 0 889 0 529 274 555 425 754 724 966 328 443 802 790 539 794 
719 0 780 334 658 138 822 0 0 0 0 761 354 302 376 894 888 476 893 128 0 25 757 165 148 9 349 941 0 664 0 521 836 156 0 654 706 0 0 0 0 0 810 0 0 556 0 0 566 508 904 0 984 806 940 191 231 87 91 0 0 548 0 0 721 962 717 848 197 758 160 685 625 554 0 439 815 0 0 0 509 370 511 0 440 942 165 0 281 360 439 372 68 206 385 942 590 3 554 212 16 251 135 107 525 282 262 352 0 506 342 995 493 698 946 342 211 495 468 905 847 761 84 716 13 433 586 0 0 0 0 0 544 0 564 205 296 353 0 471 243 0 0 649 279 603 969 67 581 87 760 0 669 78 870 117 174 952 655 745 713 505 165 189 136 0 483 0 850 281 528 529 0 172 762 0 90 185 881 577 806 532 0 623 512 765 458 298 0 311 204 907 0 0 0 540 856 326 622 26 0 303 44 929 905 769 0 0 188 323 0 529 0 91 958 545 490 853 727 973 247 364 170 675 170 0 708 741 415 900 89 901 0 109 745 209 850 915 535 51 597 0 362 0 568 396 871 58 998 0 0 0 
0 740 512 931 795 0 0 0 0 786 0 0 231 0 984 0 994 0 129 506 237 0 0 558 858 830 287 220 0 0 465 0 397 984 986 219 24 4 0 409 0 0 629 0 556 0 868 0 0 708 934 421 742 405 281 129 379 891 139 675 0 755 0 399 226 411 0 799 379 100 553 549 0 0 0 706 262 0 538 991 72 314 0 422 0 348 222 936 300 219 62 0 222 18 455 831 469 12 566 0 425 550 0 100 494 340 0 0 0 7 752 217 916 790 264 222 0 0 0 747 698 286 163 680 143 21 0 137 0 0 0 754 0 0 643 0 229 14 513 840 979 400 0 867 345 0 638 516 796 834 321 133 760 385 0 0 489 972 0 0 0 912 147 836 630 421 955 449 441 916 525 745 12 699 373 538 612 536 962 279 896 665 673 0 61 28 996 436 0 0 291 25 0 184 216 159 0 225 328 0 271 0 10 975 445 321 8 535 467 634 741 625 245 667 0 0 216 414 708 0 0 545 735 603 502 830 757 577 688 892 0 0 188 0 868 0 0 956 476 317 232 0 271 543 264 0 8 104 157 653 336 593 
