0 393 239 0 0 0 0 106 488 339 702 518 487 302 0 18 802 785 628 265 0 225 390 162 617 464 377 616 517 323 191 111 893 203 936 0 0 306 969 722 203 405 263 0 425 273 68 738 406 163 746 486 739 948 0 271 0 0 749 197 381 0 962 126 176 968 690 795 0 135 723 2 404 519 774 808 339 237 82 345 317 27 525 235 0 167 999 711 406 874 0 0 384 551 65 862 57 397 0 554 476 0 65 233 0 0 314 496 480 90 0 560 95 0 17 469 874 283 279 0 809 694 0 54 918 0 
393 0 0 785 0 0 616 0 0 738 700 655 653 242 144 833 922 353 27 0 923 105 0 998 332 0 0 952 0 848 977 879 285 270 4 141 416 901 0 411 60 512 989 0 158 0 854 681 902 581 115 715 649 376 404 520 0 308 162 364 0 428 0 654 99 482 330 418 649 933 495 479 225 0 924 430 973 985 900 846 760 357 801 0 936 0 0 62 202 396 0 0 107 0 67 461 0 0 743 813 567 0 310 0 756 0 579 515 900 320 279 200 448 520 131 875 0 781 95 275 0 0 942 0 0 359 
239 0 0 79 696 408 13 196 337 0 995 239 391 0 174 937 11 708 232 454 831 511 916 0 0 782 82 0 584 754 789 942 520 762 465 380 838 0 227 0 978 272 973 0 459 930 0 687 0 174 325 139 273 96 585 930 498 688 254 984 939 807 0 207 788 0 241 626 0 134 781 0 677 543 3 756 289 0 827 862 482 0 132 0 624 460 0 419 0 0 25 474 536 0 423 0 0 0 0 580 355 621 0 0 421 488 0 402 600 402 520 464 863 560 203 130 221 0 301 238 893 959 424 660 0 645 
0 785 79 0 0 415 0 51 106 328 108 618 443 414 272 0 78 658 101 957 479 46 637 878 412 0 651 423 238 247 271 212 300 0 41 494 267 208 225 328 770 624 858 535 0 100 0 528 272 0 586 326 0 522 0 0 0 587 873 0 257 8 961 208 44 246 744 905 226 949 0 0 999 852 0 465 78 0 0 172 0 561 138 597 403 0 0 508 0 595 382 390 0 101 928 0 45 745 715 876 831 0 311 0 508 264 0 282 918 603 716 0 669 985 0 845 0 810 629 572 102 0 0 0 0 299 
0 0 696 0 0 0 236 141 632 0 232 0 25 239 496 0 168 227 0 213 690 383 331 0 0 0 994 850 462 101 0 0 825 575 438 48 44 884 674 0 87 470 213 0 0 377 204 435 59 761 429 629 0 801 388 386 745 700 455 290 386 112 621 772 49 0 292 873 112 785 0 719 936 834 768 245 461 771 619 43 640 699 507 0 292 0 254 123 127 788 459 699 0 76 83 868 210 0 922 0 886 596 0 628 618 0 940 696 387 359 27 825 42 0 679 532 138 0 0 986 386 260 996 697 98 349 
0 0 408 415 0 0 429 100 179 425 438 0 724 0 0 320 713 384 390 778 113 987 226 718 59 95 126 350 0 272 361 0 358 144 291 0 976 471 855 408 70 812 429 0 644 10 0 654 0 355 0 244 0 504 959 68 664 244 0 0 949 0 0 627 884 569 0 0 457 0 184 89 647 0 0 763 796 482 382 506 790 630 986 0 456 0 330 626 340 101 306 765 774 868 702 372 0 379 610 230 333 798 0 991 932 58 247 934 81 630 150 949 942 0 719 315 0 538 121 438 0 640 469 0 529 585 
0 616 13 0 236 429 0 0 314 435 849 237 743 0 92 0 0 173 671 0 0 0 0 0 732 214 726 996 592 71 925 961 838 186 517 804 659 905 363 982 538 350 0 936 166 233 0 75 256 496 421 0 0 0 705 873 437 0 0 540 0 892 806 0 885 0 924 364 626 963 0 127 529 645 748 429 28 22 953 146 0 766 508 363 511 0 704 0 0 999 162 976 702 349 879 0 102 454 937 232 996 568 0 505 936 0 678 0 458 451 165 0 54 767 12 549 109 0 0 360 0 125 231 0 928 38 
106 0 196 51 141 100 0 0 0 263 79 706 622 147 598 440 0 313 314 821 487 25 586 0 0 64 71 895 365 95 780 157 359 774 0 653 4 44 376 618 0 217 0 157 0 400 0 843 0 108 895 60 929 788 866 766 39 574 945 852 759 734 911 82 548 675 515 851 0 532 960 522 585 616 193 903 57 613 0 874 0 617 0 382 0 121 971 898 524 0 0 993 13 905 832 871 0 78 0 0 0 883 303 0 421 332 0 303 256 625 0 369 242 477 0 0 0 107 0 499 198 0 434 0 727 0 
488 0 337 106 632 179 314 0 0 850 169 775 0 761 0 138 865 781 858 298 350 0 0 73 59 549 237 264 914 0 800 357 311 152 831 0 819 0 0 500 335 190 764 0 434 0 0 860 783 0 945 0 0 785 904 305 470 0 90 864 482 163 82 118 297 912 674 881 280 99 731 0 311 29 590 975 185 33 83 0 195 738 906 673 0 309 539 303 384 99 827 0 665 65 0 0 674 28 0 22 258 784 977 669 228 571 313 506 0 128 0 168 104 575 145 505 543 0 617 6 0 176 683 910 886 628 
339 738 0 328 0 425 435 263 850 0 318 111 334 582 771 63 762 661 607 225 223 0 0 654 319 64 39 538 365 124 506 811 339 926 0 622 276 961 789 106 915 952 4 873 379 798 0 982 813 59 0 0 19 0 714 0 512 0 919 866 917 957 289 581 721 548 853 0 760 331 0 0 0 718 0 201 721 861 0 979 832 0 387 223 746 752 437 864 488 0 126 0 191 337 833 770 350 269 951 324 174 0 113 842 780 0 252 892 109 204 0 572 807 258 0 967 0 660 173 0 250 208 768 0 699 57 
702 700 995 108 232 438 849 79 169 318 0 585 802 533 808 0 65 266 584 471 701 734 186 307 57 811 588 562 327 132 0 690 0 914 0 725 159 554 0 0 416 0 216 665 517 519 169 130 821 199 439 911 224 871 82 446 891 255 806 926 333 966 0 62 0 383 103 341 381 940 683 134 997 0 401 178 918 0 673 114 114 0 539 631 718 498 857 0 664 0 906 0 0 564 77 0 655 39 558 0 989 693 786 413 98 0 354 674 860 749 552 714 11 0 0 196 0 136 155 194 973 116 0 0 584 930 
518 655 239 618 0 0 237 706 775 111 585 0 761 517 0 912 83 0 13 0 0 372 716 200 588 656 29 463 0 640 21 561 991 0 503 0 0 0 0 231 482 368 0 10 18 557 0 669 0 1 416 0 986 0 598 245 359 259 130 871 511 922 284 522 863 409 302 0 0 0 0 955 503 0 584 63 329 416 0 46 243 536 0 673 289 311 632 912 0 0 380 0 279 545 291 102 0 526 382 0 775 525 322 20 620 657 254 0 478 428 424 0 641 773 749 933 644 973 0 446 859 0 949 937 54 0 
487 653 391 443 25 724 743 622 0 334 802 761 0 632 472 0 0 865 209 932 56 0 0 263 189 0 457 392 383 744 691 945 0 720 258 0 726 0 0 0 802 0 0 457 203 0 812 0 788 490 0 0 539 907 0 0 0 0 630 95 45 632 740 0 715 0 75 439 740 710 435 0 717 0 0 0 678 392 0 722 145 216 0 53 204 756 846 0 256 0 64 0 0 362 521 431 765 844 606 834 717 413 73 0 213 814 997 0 0 513 0 439 260 836 0 535 46 671 964 825 0 0 468 431 18 197 
302 242 0 414 239 0 0 147 761 582 533 517 632 0 0 458 750 6 42 876 238 77 127 951 486 114 439 196 618 743 971 667 174 0 24 820 876 401 0 617 612 0 0 844 788 267 830 0 633 710 978 506 0 688 0 932 885 163 0 760 0 276 603 241 991 259 767 73 495 157 227 0 54 464 0 913 0 766 311 343 0 334 573 0 738 92 301 271 0 591 392 963 349 819 0 776 0 70 435 659 415 134 534 947 870 0 293 530 715 399 911 770 80 305 0 383 283 0 0 738 149 317 764 749 0 731 
0 144 174 272 496 0 92 598 0 771 808 0 472 0 0 63 517 191 0 913 452 0 423 181 479 0 649 0 862 772 247 669 879 378 141 0 0 552 508 0 624 244 297 389 0 0 463 0 294 780 0 0 660 554 0 331 781 913 252 672 428 0 681 834 0 885 671 61 0 544 0 335 0 0 0 559 0 945 356 767 482 780 359 567 824 732 573 181 548 702 762 985 249 320 631 97 272 172 0 0 587 0 505 0 118 0 648 0 712 228 51 472 0 283 0 0 0 0 0 897 740 709 790 683 131 815 
18 833 937 0 0 320 0 440 138 63 0 912 0 458 63 0 606 220 927 125 0 40 947 857 868 812 0 593 353 0 436 404 835 705 312 24 182 298 0 883 114 332 723 750 227 0 0 386 597 616 0 14 81 150 129 276 956 579 443 426 694 0 0 798 469 58 0 96 91 352 471 918 153 990 114 173 787 0 148 0 499 316 269 0 0 268 150 0 925 448 0 995 350 0 673 193 0 88 942 0 11 13 413 0 743 880 0 857 0 0 774 463 760 96 965 525 108 570 135 182 938 0 809 595 0 909 
802 922 11 78 168 713 0 0 865 762 65 83 0 750 517 606 0 0 522 131 614 254 0 0 402 0 841 126 307 310 171 280 849 0 154 190 736 697 17 344 0 0 885 310 191 404 168 433 0 835 965 612 198 325 0 38 690 0 178 734 0 26 271 0 0 908 259 722 652 0 364 0 0 261 219 948 0 197 962 16 614 583 337 170 380 0 757 19 90 89 912 446 632 388 0 0 288 0 108 283 559 0 0 820 0 927 220 229 0 690 154 0 568 0 435 378 894 833 0 33 928 969 232 0 719 187 
785 353 708 658 227 384 173 313 781 661 266 0 865 6 191 220 0 0 730 0 747 41 523 187 39 278 0 0 221 0 0 581 575 869 372 381 714 707 390 124 0 0 811 981 0 713 219 185 639 954 314 517 376 0 0 378 0 498 0 0 716 336 371 917 241 296 158 150 6 142 0 253 678 0 881 0 0 678 258 0 18 565 0 282 945 86 221 830 324 869 248 891 355 284 110 331 0 262 0 224 878 0 0 164 521 50 0 0 601 0 243 878 272 252 0 558 0 0 316 0 0 0 10 777 0 0 
628 27 232 101 0 390 671 314 858 607 584 13 209 42 0 927 522 730 0 0 194 799 0 913 194 996 0 188 0 917 131 245 0 606 63 0 872 149 869 707 0 0 409 688 679 743 222 0 571 0 151 918 768 52 85 67 0 56 0 340 867 682 884 19 193 0 861 0 300 422 498 841 116 615 327 891 0 0 290 168 988 483 853 416 506 710 982 470 957 982 0 0 270 966 749 485 668 244 0 986 521 943 953 865 141 842 246 891 0 585 958 246 0 0 807 569 137 183 530 134 842 0 264 313 0 0 
265 0 454 957 213 778 0 821 298 225 471 0 932 876 913 125 131 0 0 0 0 289 749 71 50 428 536 912 0 861 820 193 0 644 455 271 203 598 746 637 0 0 629 0 942 239 698 947 0 0 7 454 535 535 484 0 0 98 0 401 0 202 464 474 842 0 878 0 514 269 850 0 0 360 589 252 283 201 740 487 852 522 0 850 908 797 462 715 992 828 0 417 278 617 281 117 952 177 626 473 7 0 927 0 671 0 649 629 258 821 0 248 878 637 32 200 568 904 0 707 5 44 0 135 823 544 
0 923 831 479 690 113 0 487 350 223 701 0 56 238 452 0 614 747 194 0 0 963 0 811 936 0 977 534 604 701 757 879 158 0 192 381 953 573 0 686 805 878 558 477 83 54 782 81 883 609 892 956 868 0 0 949 218 593 33 0 131 19 481 125 303 780 826 910 0 641 417 842 202 29 0 129 473 832 952 730 121 615 0 883 0 835 262 291 672 806 716 930 121 905 0 516 0 0 810 0 785 692 201 0 0 0 244 177 0 828 97 156 44 3 0 440 0 530 0 299 0 438 511 929 485 15 
225 105 511 46 383 987 0 25 0 0 734 372 0 77 0 40 254 41 799 289 963 0 0 209 0 519 598 0 296 782 692 0 389 993 757 363 271 464 989 0 472 580 577 0 334 0 92 0 423 953 964 0 0 165 0 468 12 265 821 0 897 848 0 362 57 716 949 0 975 0 625 59 854 0 0 603 0 0 803 58 142 0 276 457 545 272 595 487 719 0 441 566 476 0 699 308 0 903 976 212 396 394 88 185 0 840 425 0 495 1 0 535 567 355 0 0 803 447 0 365 318 437 0 740 369 267 
390 0 916 637 331 226 0 586 0 0 186 716 0 127 423 947 0 523 0 749 0 0 0 292 555 381 356 539 257 927 660 751 633 0 503 0 236 140 0 334 0 610 620 451 390 230 0 861 889 464 400 522 650 881 285 795 691 670 823 0 521 274 0 85 698 20 0 782 0 0 496 138 88 690 618 6 192 815 757 61 630 0 285 829 188 680 0 164 0 204 628 870 0 475 320 196 0 0 266 0 0 0 936 0 134 283 997 816 139 411 107 0 203 383 238 772 0 217 588 481 512 762 505 219 931 0 
162 998 0 878 0 718 0 0 73 654 307 200 263 951 181 857 0 187 913 71 811 209 292 0 28 939 941 0 48 0 0 0 697 834 188 0 970 331 519 0 240 10 558 100 0 401 0 450 827 600 0 0 654 0 851 122 118 0 719 210 436 0 13 332 904 0 420 146 41 500 757 0 482 0 580 765 328 762 880 313 142 672 160 822 160 786 243 0 425 345 68 729 345 584 565 407 925 523 910 182 117 424 996 351 0 252 820 0 928 627 911 736 502 705 0 0 194 911 0 0 0 0 287 894 0 152 
617 332 0 412 0 59 732 0 59 319 57 588 189 486 479 868 402 39 194 50 936 0 555 28 0 366 216 226 702 539 994 12 166 467 612 884 240 0 99 667 616 335 930 713 838 0 0 298 0 424 0 403 501 0 57 404 644 938 722 770 923 702 360 817 500 646 0 848 706 54 995 695 0 631 481 637 473 165 776 0 657 0 0 973 0 235 304 0 0 679 567 430 0 830 37 247 0 870 732 588 0 0 728 604 381 776 267 0 0 0 889 113 931 35 0 54 924 316 369 955 604 0 180 134 252 187 
464 0 782 0 0 95 214 64 549 64 811 656 0 114 0 812 0 278 996 428 0 519 381 939 366 0 426 520 0 739 601 43 115 391 780 475 170 656 548 524 0 88 657 240 0 784 459 694 0 388 714 0 0 125 555 619 324 264 400 918 281 0 476 400 297 982 173 527 0 161 0 322 900 0 558 0 970 0 159 304 221 422 0 0 587 933 0 467 756 2 606 327 631 410 818 863 825 867 0 824 814 823 459 0 520 205 607 145 0 254 131 256 502 0 682 746 515 0 0 457 360 522 786 904 459 578 
377 0 82 651 994 126 726 71 237 39 588 29 457 439 649 0 841 0 0 536 977 598 356 941 216 426 0 72 0 497 775 723 320 831 0 710 0 465 953 847 358 0 944 732 195 0 575 126 0 0 64 681 801 728 616 213 525 139 732 258 0 579 431 540 572 63 983 0 0 812 486 3 187 477 787 284 327 612 645 775 704 0 0 285 207 807 108 518 515 120 210 0 506 305 0 378 666 0 750 454 298 320 0 107 0 612 308 0 0 133 495 917 0 0 946 486 0 295 534 409 45 143 264 737 0 0 
616 952 0 423 850 350 996 895 264 538 562 463 392 196 0 593 126 0 188 912 534 0 539 0 226 520 72 0 0 954 0 823 0 682 0 964 648 0 421 46 0 404 476 293 12 0 247 716 65 510 781 146 755 993 0 900 203 807 0 506 943 0 125 475 532 587 799 728 0 441 15 0 0 0 0 793 224 44 609 816 0 414 647 786 387 0 490 873 412 0 187 0 0 347 969 279 0 163 836 705 519 591 16 718 627 0 973 0 775 0 296 928 0 247 27 0 0 392 595 235 562 778 280 929 466 78 
517 0 584 238 462 0 592 365 914 365 327 0 383 618 862 353 307 221 0 0 604 296 257 48 702 0 0 0 0 323 140 0 722 0 294 731 0 511 117 667 118 936 34 414 645 0 391 0 221 992 282 972 520 248 0 665 386 0 64 0 668 0 856 436 436 482 261 0 0 168 531 401 80 628 59 202 233 498 0 0 0 399 0 836 5 0 600 0 935 852 0 255 195 313 0 922 373 177 890 631 319 945 747 281 0 138 780 0 0 612 670 117 0 481 879 0 906 0 0 716 966 0 33 604 742 872 
323 848 754 247 101 272 71 95 0 124 132 640 744 743 772 0 310 0 917 861 701 782 927 0 539 739 497 954 323 0 210 121 0 702 466 0 439 364 369 0 0 524 338 95 366 667 906 694 577 882 849 0 0 882 677 692 727 0 0 0 658 806 382 0 579 16 711 645 321 373 639 976 350 643 532 194 695 695 984 4 0 713 486 0 0 12 14 255 952 568 903 92 0 0 596 385 725 637 0 825 285 180 0 375 0 0 845 2 0 174 0 507 119 312 0 982 455 0 0 638 587 0 964 539 321 0 
191 977 789 271 0 361 925 780 800 506 0 21 691 971 247 436 171 0 131 820 757 692 660 0 994 601 775 0 140 210 0 0 982 0 0 737 123 356 510 673 47 858 303 637 809 0 289 655 447 0 849 170 0 675 0 0 685 94 0 0 465 527 761 567 78 278 0 419 388 755 0 588 663 865 738 509 229 137 0 0 0 519 951 375 980 0 452 46 38 889 0 803 0 0 112 636 0 350 416 414 163 157 392 837 643 282 735 526 92 0 260 188 0 195 0 235 446 512 0 325 873 550 0 866 135 0 
111 879 942 212 0 0 961 157 357 811 690 561 945 667 669 404 280 581 245 193 879 0 751 0 12 43 723 823 0 121 0 0 87 0 478 313 956 579 207 596 896 0 0 804 753 192 744 0 496 195 0 725 447 857 173 208 90 0 533 471 0 320 351 315 0 191 366 811 3 341 0 536 0 444 392 0 836 98 140 559 0 140 873 2 691 435 818 0 894 789 0 888 0 0 865 0 544 0 0 0 682 0 0 767 600 591 203 627 6 0 497 66 45 45 0 0 987 667 62 236 229 531 993 736 0 0 
893 285 520 300 825 358 838 359 311 339 0 991 0 174 879 835 849 575 0 0 158 389 633 697 166 115 320 0 722 0 982 87 0 412 977 164 113 158 17 770 772 0 317 202 469 110 186 562 249 362 290 195 851 0 801 83 0 745 804 387 689 325 332 796 259 0 372 290 862 0 299 0 934 0 931 729 475 0 582 0 929 742 0 0 0 741 0 619 90 744 677 27 310 0 645 181 956 150 241 689 104 91 631 52 49 0 39 752 0 175 0 0 24 970 375 823 0 510 589 79 0 0 276 724 0 863 
203 270 762 0 575 144 186 774 152 926 914 0 720 0 378 705 0 869 606 644 0 993 0 834 467 391 831 682 0 702 0 0 412 0 651 314 0 0 577 0 170 0 0 586 938 388 573 837 0 749 686 654 512 867 935 242 880 976 452 0 620 94 986 663 836 303 0 0 0 651 205 197 213 126 542 172 129 62 951 947 530 776 912 347 133 440 0 9 805 354 304 244 105 221 357 0 278 0 703 661 563 728 831 106 0 656 998 0 330 0 888 994 374 665 376 191 999 8 526 867 866 0 929 0 0 149 
936 4 465 41 438 291 517 0 831 0 0 503 258 24 141 312 154 372 63 455 192 757 503 188 612 780 0 0 294 466 0 478 977 651 0 0 505 142 937 222 0 708 0 814 308 698 0 614 262 0 160 0 195 0 106 0 82 123 21 672 0 0 0 0 0 579 0 405 564 549 515 649 333 54 0 762 974 110 281 596 799 531 908 314 0 0 499 300 302 260 0 521 0 582 429 0 618 159 388 0 576 84 185 858 934 0 0 0 0 62 225 0 488 843 298 920 592 0 53 0 848 0 558 0 841 0 
0 141 380 494 48 0 804 653 0 622 725 0 0 820 0 24 190 381 0 271 381 363 0 0 884 475 710 964 731 0 737 313 164 314 0 0 759 0 693 858 86 186 698 118 0 0 563 433 548 0 745 415 0 0 0 969 864 0 286 568 888 0 534 187 0 801 922 0 167 589 66 701 0 570 207 690 805 659 753 60 358 530 42 0 404 374 416 960 0 215 593 933 759 445 532 91 156 452 587 277 897 649 428 263 791 0 0 43 0 136 870 4 329 805 0 782 347 0 947 425 0 904 312 965 0 29 
0 416 838 267 44 976 659 4 819 276 159 0 726 876 0 182 736 714 872 203 953 271 236 970 240 170 0 648 0 439 123 956 113 0 505 759 0 579 0 809 297 0 726 854 0 0 0 650 0 0 390 709 593 157 489 474 0 64 850 57 95 990 0 0 589 762 0 665 259 978 0 0 991 28 0 992 499 0 19 710 0 574 236 0 0 319 880 592 682 905 567 191 0 687 227 281 358 0 689 766 0 830 916 968 129 689 510 0 0 717 453 763 657 970 615 266 943 717 440 0 857 793 532 0 731 672 
306 901 0 208 884 471 905 44 0 961 554 0 0 401 552 298 697 707 149 598 573 464 140 331 0 656 465 0 511 364 356 579 158 0 142 0 579 0 755 22 482 0 53 241 994 477 56 106 546 666 0 577 0 644 0 278 0 783 0 591 706 0 0 0 136 605 482 0 152 152 0 441 67 711 661 577 757 369 0 671 943 465 190 776 53 0 387 646 0 0 827 376 695 445 552 551 606 0 0 0 418 959 0 0 81 918 548 568 852 0 0 42 796 224 190 286 909 529 106 0 0 165 0 0 478 0 
969 0 227 225 674 855 363 376 0 789 0 0 0 0 508 0 17 390 869 746 0 989 0 519 99 548 953 421 117 369 510 207 17 577 937 693 0 755 0 630 128 236 0 25 34 16 787 149 927 749 0 0 114 0 600 37 692 24 113 316 744 531 317 598 20 0 164 0 374 252 217 86 772 421 649 90 0 0 571 720 123 416 236 787 801 896 502 313 465 690 0 512 819 0 424 801 962 0 11 152 0 468 132 693 588 972 701 698 0 532 185 671 144 0 793 63 166 906 592 246 195 150 440 0 0 923 
722 411 0 328 0 408 982 618 500 106 0 231 0 617 0 883 344 124 707 637 686 0 334 0 667 524 847 46 667 0 673 596 770 0 222 858 809 22 630 0 388 0 0 152 0 0 0 201 797 0 568 678 0 368 409 977 630 0 88 680 170 407 657 839 31 326 327 0 313 0 0 642 539 856 0 533 0 893 157 999 122 242 360 639 719 0 173 723 365 297 0 285 173 772 332 328 890 81 174 736 663 95 350 741 415 573 0 966 0 929 473 0 13 452 0 0 960 0 125 589 860 866 374 674 775 727 
203 60 978 770 87 70 538 0 335 915 416 482 802 612 624 114 0 0 0 0 805 472 0 240 616 0 358 0 118 0 47 896 772 170 0 86 297 482 128 388 0 748 562 158 318 871 918 537 761 174 0 808 0 536 894 783 79 0 245 582 543 865 203 837 322 616 567 721 271 863 546 0 0 0 810 0 467 0 328 0 1 721 422 669 75 473 406 941 317 458 534 510 515 763 893 0 0 404 807 0 0 76 0 644 110 477 525 759 138 0 470 730 0 631 161 699 226 177 344 210 0 256 396 0 600 410 
405 512 272 624 470 812 350 217 190 952 0 368 0 0 244 332 0 0 0 0 878 580 610 10 335 88 0 404 936 524 858 0 0 0 708 186 0 0 236 0 748 0 0 0 931 730 0 816 522 109 0 0 225 0 373 638 897 640 645 0 510 11 770 407 907 642 0 189 118 615 302 87 7 618 0 516 662 711 57 0 418 947 175 632 92 0 403 813 285 782 147 495 901 629 459 853 399 0 571 954 598 769 0 241 108 0 734 847 586 0 0 377 0 489 441 672 583 0 631 0 0 959 629 66 16 0 
263 989 973 858 213 429 0 0 764 4 216 0 0 0 297 723 885 811 409 629 558 577 620 558 930 657 944 476 34 338 303 0 317 0 0 698 726 53 0 0 562 0 0 497 956 0 224 816 0 388 954 747 12 990 708 797 186 565 970 500 138 82 0 800 0 332 880 390 351 874 518 0 767 827 578 0 0 262 973 0 891 261 780 231 165 663 867 0 839 0 550 921 191 920 566 365 0 678 0 507 23 362 568 162 139 0 550 76 947 0 223 574 986 95 0 966 13 830 0 486 22 935 0 547 457 537 
0 0 0 535 0 0 936 157 0 873 665 10 457 844 389 750 310 981 688 0 477 0 451 100 713 240 732 293 414 95 637 804 202 586 814 118 854 241 25 152 158 0 497 0 245 26 0 175 613 859 257 523 253 796 134 315 647 148 731 894 0 463 379 0 848 0 893 891 963 121 0 553 0 0 178 0 346 0 0 835 276 62 0 436 213 64 234 887 276 0 786 793 0 209 283 320 201 139 55 82 479 0 18 80 668 219 0 63 588 868 403 567 342 159 0 512 430 762 611 0 0 776 374 0 965 642 
425 158 459 0 0 644 166 0 434 379 517 18 203 788 0 227 191 0 679 942 83 334 390 0 838 0 195 12 645 366 809 753 469 938 308 0 0 994 34 0 318 931 956 245 0 630 374 680 0 364 222 0 990 998 966 458 382 937 0 0 445 0 369 680 434 414 424 649 547 184 448 821 892 912 0 74 592 601 33 278 158 55 371 0 0 0 946 0 752 695 142 988 13 323 311 349 739 0 247 982 294 397 0 953 214 0 0 336 592 521 164 0 645 654 771 31 292 483 0 878 766 388 0 268 54 130 
273 0 930 100 377 10 233 400 0 798 519 557 0 267 0 0 404 713 743 239 54 0 230 401 0 784 0 0 0 667 0 192 110 388 698 0 0 477 16 0 871 730 0 26 630 0 542 245 864 695 960 0 812 731 529 0 0 234 413 219 313 0 751 234 0 221 289 140 582 726 556 366 32 641 511 747 578 0 0 302 807 872 453 785 453 740 674 94 823 761 427 0 57 0 346 0 217 227 122 278 765 685 76 0 307 0 0 590 569 227 922 0 165 0 901 0 919 0 565 0 502 0 800 39 906 669 
68 854 0 0 204 0 0 0 0 0 169 0 812 830 463 0 168 219 222 698 782 92 0 0 0 459 575 247 391 906 289 744 186 573 0 563 0 56 787 0 918 0 224 0 374 542 0 313 242 305 75 771 924 124 914 0 807 35 0 60 592 490 0 770 685 690 297 977 364 881 326 0 0 0 814 0 159 191 974 902 0 232 0 0 812 307 0 0 461 371 134 321 724 167 0 897 792 282 534 0 748 0 771 803 168 411 43 464 0 871 897 0 569 794 0 671 0 734 0 358 682 957 989 165 411 129 
738 681 687 528 435 654 75 843 860 982 130 669 0 0 0 386 433 185 0 947 81 0 861 450 298 694 126 716 0 694 655 0 562 837 614 433 650 106 149 201 537 816 816 175 680 245 313 0 3 262 536 261 0 749 373 925 704 990 484 978 191 209 216 873 0 95 396 862 114 278 949 989 207 687 0 751 181 195 0 813 788 953 845 0 61 910 376 534 134 991 496 935 0 307 0 810 0 0 595 306 805 868 230 353 927 0 0 0 143 412 322 355 171 612 322 191 3 0 625 639 0 918 947 852 0 803 
406 902 0 272 59 0 256 0 783 813 821 0 788 633 294 597 0 639 571 0 883 423 889 827 0 0 0 65 221 577 447 496 249 0 262 548 0 546 927 797 761 522 0 613 0 864 242 3 0 591 485 0 547 0 207 191 855 678 718 72 236 705 0 785 947 671 0 817 46 135 939 24 382 62 0 0 468 337 929 8 225 655 475 920 460 0 0 639 0 247 737 569 0 829 0 986 0 173 73 0 316 577 797 979 0 286 553 225 428 73 4 316 768 0 761 0 0 913 0 843 0 827 414 0 0 0 
163 581 174 0 761 355 496 108 0 59 199 1 490 710 780 616 835 954 0 0 609 953 464 600 424 388 0 510 992 882 0 195 362 749 0 0 0 666 749 0 174 109 388 859 364 695 305 262 591 0 735 236 927 662 0 337 338 87 444 0 492 536 618 936 602 326 629 224 200 0 0 387 811 0 636 939 802 319 42 914 0 530 269 874 0 364 660 648 0 178 405 906 425 0 19 23 0 747 163 938 281 117 17 740 552 299 721 783 0 711 23 0 0 829 669 282 349 0 420 799 0 496 0 550 212 131 
746 115 325 586 429 0 421 895 945 0 439 416 0 978 0 0 965 314 151 7 892 964 400 0 0 714 64 781 282 849 849 0 290 686 160 745 390 0 0 568 0 0 954 257 222 960 75 536 485 735 0 913 0 188 174 0 920 91 931 606 688 536 0 870 294 605 627 427 0 516 0 360 990 246 329 145 175 0 0 321 524 613 0 823 0 837 550 452 173 257 783 0 690 346 628 817 822 11 0 0 445 825 833 333 612 807 420 191 57 0 742 716 0 369 55 0 667 0 688 130 381 705 826 655 982 27 
486 715 139 326 629 244 0 60 0 0 911 0 0 506 0 14 612 517 918 454 956 0 522 0 403 0 681 146 972 0 170 725 195 654 0 415 709 577 0 678 808 0 747 523 0 0 771 261 0 236 913 0 10 0 48 750 0 450 0 210 42 483 0 545 0 458 379 353 0 133 81 0 725 284 0 294 122 733 981 0 190 317 333 673 713 0 692 728 31 82 211 838 819 715 71 411 587 722 156 0 368 0 637 760 553 733 130 0 0 0 416 80 7 0 865 914 432 200 837 0 23 0 0 412 283 96 
739 649 273 0 0 0 0 929 0 19 224 986 539 0 660 81 198 376 768 535 868 0 650 654 501 0 801 755 520 0 0 447 851 512 195 0 593 0 114 0 0 225 12 253 990 812 924 0 547 927 0 10 0 0 426 468 550 490 991 844 84 367 667 598 621 576 363 507 0 768 0 99 61 0 30 327 101 793 552 461 898 555 0 340 0 267 662 0 821 921 108 42 68 396 758 988 360 159 939 899 0 569 20 447 0 618 863 759 969 756 0 896 362 0 780 260 0 681 256 547 0 0 0 0 0 0 
948 376 96 522 801 504 0 788 785 0 871 0 907 688 554 150 325 0 52 535 0 165 881 0 0 125 728 993 248 882 675 857 0 867 0 0 157 644 0 368 536 0 990 796 998 731 124 749 0 662 188 0 0 0 0 0 185 970 581 676 0 180 0 32 545 599 349 311 523 916 389 654 743 86 614 89 0 101 386 658 625 163 0 0 444 731 0 904 251 953 167 103 402 290 898 929 0 453 60 410 629 291 25 754 101 674 824 151 34 180 6 0 937 548 158 800 0 0 0 900 0 711 0 0 821 280 
0 404 585 0 388 959 705 866 904 714 82 598 0 0 0 129 0 0 85 484 0 0 285 851 57 555 616 0 0 677 0 173 801 935 106 0 489 0 600 409 894 373 708 134 966 529 914 373 207 0 174 48 426 0 0 687 0 965 443 330 887 0 321 266 0 0 337 0 383 852 665 0 965 835 0 0 479 527 232 307 282 919 763 0 267 899 0 0 603 947 380 807 977 487 696 216 464 279 622 292 764 473 0 552 145 380 658 380 103 0 969 750 11 0 480 109 261 970 600 5 979 667 348 811 661 634 
271 520 930 0 386 68 873 766 305 0 446 245 0 932 331 276 38 378 67 0 949 468 795 122 404 619 213 900 665 692 0 208 83 242 0 969 474 278 37 977 783 638 797 315 458 0 0 925 191 337 0 750 468 0 687 0 202 778 915 0 0 0 310 0 167 0 0 934 788 0 26 81 41 0 964 777 706 515 0 596 930 712 203 365 108 468 784 983 713 0 392 0 85 313 991 264 0 85 0 0 146 0 0 3 780 496 306 550 191 894 861 148 182 788 0 0 0 0 988 0 233 680 890 0 0 0 
0 0 498 0 745 664 437 39 470 512 891 359 0 885 781 956 690 0 0 0 218 12 691 118 644 324 525 203 386 727 685 90 0 880 82 864 0 0 692 630 79 897 186 647 382 0 807 704 855 338 920 0 550 185 0 202 0 0 824 998 349 0 555 0 495 350 140 743 666 0 347 613 202 732 336 0 742 699 330 141 41 596 676 371 921 0 736 30 213 897 909 231 155 944 761 818 213 496 0 0 171 670 295 374 0 661 0 109 712 619 671 824 760 786 628 916 531 844 333 48 563 954 320 300 768 315 
0 308 688 587 700 244 0 574 0 0 255 259 0 163 913 579 0 498 56 98 593 265 670 0 938 264 139 807 0 0 94 0 745 976 123 0 64 783 24 0 0 640 565 148 937 234 35 990 678 87 91 450 490 970 965 778 0 0 173 413 989 0 457 2 889 127 0 0 720 904 0 0 941 0 553 994 564 0 484 0 35 0 26 528 958 580 0 44 514 230 43 999 153 0 749 808 0 737 0 907 922 231 567 144 238 462 77 308 696 809 0 805 349 967 625 824 681 0 718 744 0 895 41 805 729 640 
749 162 254 873 455 0 0 945 90 919 806 130 630 0 252 443 178 0 0 0 33 821 823 719 722 400 732 0 64 0 0 533 804 452 21 286 850 0 113 88 245 645 970 731 0 413 0 484 718 444 931 0 991 581 443 915 824 173 0 160 637 842 248 0 268 233 155 0 0 153 157 457 0 848 246 179 0 0 0 626 60 977 853 707 0 706 0 334 639 0 0 343 0 0 718 884 557 411 775 195 761 639 122 32 0 230 149 0 0 724 0 0 603 0 658 0 0 0 535 0 496 429 386 569 0 976 
197 364 984 0 290 0 540 852 864 866 926 871 95 760 672 426 734 0 340 401 0 0 0 210 770 918 258 506 0 0 0 471 387 0 672 568 57 591 316 680 582 0 500 894 0 219 60 978 72 0 606 210 844 676 330 0 998 413 160 0 0 438 758 244 303 0 581 525 0 399 729 127 885 876 741 619 23 78 0 835 802 0 949 665 947 741 0 696 820 791 293 581 0 279 285 848 380 331 0 0 207 0 829 807 377 765 390 396 497 456 603 627 375 0 0 0 256 255 0 761 513 760 162 692 0 0 
381 0 939 257 386 949 0 759 482 917 333 511 45 0 428 694 0 716 867 0 131 897 521 436 923 281 0 943 668 658 465 0 689 620 0 888 95 706 744 170 543 510 138 0 445 313 592 191 236 492 688 42 84 0 887 0 349 989 637 0 0 259 21 935 186 0 661 848 116 0 301 519 913 591 477 792 455 516 0 136 0 287 0 699 239 212 616 0 325 0 1 864 845 935 186 379 175 566 399 819 757 0 697 107 776 396 320 266 196 811 785 47 597 962 909 740 0 544 0 638 0 424 108 979 312 340 
0 428 807 8 112 0 892 734 163 957 966 922 632 276 0 0 26 336 682 202 19 848 274 0 702 0 579 0 0 806 527 320 325 94 0 0 990 0 531 407 865 11 82 463 0 0 490 209 705 536 536 483 367 180 0 0 0 0 842 438 259 0 459 0 165 27 0 921 606 414 68 938 11 242 581 113 0 697 583 0 397 690 0 0 734 186 302 105 9 791 754 136 859 477 151 468 287 0 858 997 0 244 963 0 918 97 555 558 968 0 607 424 219 449 653 11 0 0 204 810 0 904 48 763 767 189 
962 0 0 961 621 0 806 911 82 289 0 284 740 603 681 0 271 371 884 464 481 0 0 13 360 476 431 125 856 382 761 351 332 986 0 534 0 0 317 657 203 770 0 379 369 751 0 216 0 618 0 0 667 0 321 310 555 457 248 758 21 459 0 0 0 0 715 0 833 769 119 864 261 677 0 406 440 553 0 0 715 59 0 0 0 593 456 150 914 851 229 737 848 0 330 488 797 242 396 0 818 646 320 47 0 587 0 564 629 531 161 434 960 330 162 613 217 474 785 127 89 369 282 291 157 365 
126 654 207 208 772 627 0 82 118 581 62 522 0 241 834 798 0 917 19 474 125 362 85 332 817 400 540 475 436 0 567 315 796 663 0 187 0 0 598 839 837 407 800 0 680 234 770 873 785 936 870 545 598 32 266 0 0 2 0 244 935 0 0 0 249 578 452 82 817 854 365 0 296 0 158 944 23 827 0 29 981 288 0 521 911 570 933 977 251 201 662 716 976 590 921 782 0 143 4 0 303 367 0 0 0 0 0 0 753 425 247 339 0 346 300 0 729 0 895 487 0 825 0 0 0 241 
176 99 788 44 49 884 885 548 297 721 0 863 715 991 0 469 0 241 193 842 303 57 698 904 500 297 572 532 436 579 78 0 259 836 0 0 589 136 20 31 322 907 0 848 434 0 685 0 947 602 294 0 621 545 0 167 495 889 268 303 186 165 0 249 0 821 576 0 351 40 901 469 920 462 322 885 0 0 374 459 703 611 314 941 534 496 151 849 801 391 344 418 19 338 589 279 0 0 0 489 944 491 429 225 492 0 660 0 378 0 653 674 99 497 810 767 0 956 0 835 422 462 0 952 0 899 
968 482 0 246 0 569 0 675 912 548 383 409 0 259 885 58 908 296 0 0 780 716 20 0 646 982 63 587 482 16 278 191 0 303 579 801 762 605 0 326 616 642 332 0 414 221 690 95 671 326 605 458 576 599 0 0 350 127 233 0 0 27 0 578 821 0 833 0 922 701 0 395 266 0 0 317 64 205 818 144 562 472 488 155 21 834 448 927 0 654 796 0 0 122 238 540 450 422 0 235 548 0 53 121 262 418 0 0 269 732 0 670 10 921 464 0 468 211 571 752 687 734 465 485 635 0 
690 330 241 744 292 0 924 515 674 853 103 302 75 767 671 0 259 158 861 878 826 949 0 420 0 173 983 799 261 711 0 366 372 0 0 922 0 482 164 327 567 0 880 893 424 289 297 396 0 629 627 379 363 349 337 0 140 0 155 581 661 0 715 452 576 833 0 0 874 993 0 558 150 405 0 0 288 468 608 274 364 0 820 525 0 460 240 472 530 649 836 741 407 296 701 0 0 685 0 165 0 314 441 0 83 0 992 674 177 784 0 0 136 530 0 0 984 698 734 0 0 712 0 333 0 643 
795 418 626 905 873 0 364 851 881 0 341 0 439 73 61 96 722 150 0 0 910 0 782 146 848 527 0 728 0 645 419 811 290 0 405 0 665 0 0 0 721 189 390 891 649 140 977 862 817 224 427 353 507 311 0 934 743 0 0 525 848 921 0 82 0 0 0 0 0 991 677 595 949 775 938 0 702 487 0 809 600 380 835 393 821 862 130 408 787 0 609 590 504 0 721 0 567 0 0 0 9 128 141 414 708 0 344 356 342 0 749 476 746 667 975 0 138 0 244 807 631 414 848 539 163 415 
0 649 0 226 112 457 626 0 280 760 381 0 740 495 0 91 652 6 300 514 0 975 0 41 706 0 0 0 0 321 388 3 862 0 564 167 259 152 374 313 271 118 351 963 547 582 364 114 46 200 0 0 0 523 383 788 666 720 0 0 116 606 833 817 351 922 874 0 0 918 782 884 735 442 0 0 965 20 0 244 0 0 919 986 678 536 0 401 483 969 106 636 335 880 841 719 728 936 665 409 284 541 548 40 778 47 899 984 0 758 0 0 0 759 5 51 824 933 519 205 905 28 693 128 216 400 
135 933 134 949 785 0 963 532 99 331 940 0 710 157 544 352 0 142 422 269 641 0 0 500 54 161 812 441 168 373 755 341 0 651 549 589 978 152 252 0 863 615 874 121 184 726 881 278 135 0 516 133 768 916 852 0 0 904 153 399 0 414 769 854 40 701 993 991 918 0 610 284 845 380 0 0 415 319 554 307 406 572 42 667 667 299 467 337 995 62 115 417 0 0 0 480 95 218 0 746 906 57 225 0 841 0 0 962 0 0 478 0 106 721 0 763 777 892 763 654 479 0 152 347 534 0 
723 495 781 0 0 184 0 960 731 0 683 0 435 227 0 471 364 0 498 850 417 625 496 757 995 0 486 15 531 639 0 0 299 205 515 66 0 0 217 0 546 302 518 0 448 556 326 949 939 0 0 81 0 389 665 26 347 0 157 729 301 68 119 365 901 0 0 677 782 610 0 0 0 659 326 591 268 809 0 307 223 933 133 804 581 0 136 19 434 196 900 318 180 870 858 537 0 351 683 434 0 0 595 402 864 851 0 190 149 869 397 0 696 0 0 0 240 0 456 483 0 0 247 291 190 287 
2 479 0 0 719 89 127 522 0 0 134 955 0 0 335 918 0 253 841 0 842 59 138 0 695 322 3 0 401 976 588 536 0 197 649 701 0 441 86 642 0 87 0 553 821 366 0 989 24 387 360 0 99 654 0 81 613 0 457 127 519 938 864 0 469 395 558 595 884 284 0 0 836 486 0 151 497 21 199 483 133 321 434 548 227 0 320 553 573 825 0 386 831 145 588 995 79 483 350 0 73 358 734 123 0 441 294 754 794 48 0 172 643 600 466 207 824 442 132 734 431 843 314 0 170 787 
404 225 677 999 936 647 529 585 311 0 997 503 717 54 0 153 0 678 116 0 202 854 88 482 0 900 187 0 80 350 663 0 934 213 333 0 991 67 772 539 0 7 767 0 892 32 0 207 382 811 990 725 61 743 965 41 202 941 0 885 913 11 261 296 920 266 150 949 735 845 0 836 0 170 153 432 907 0 971 937 239 217 119 643 665 0 314 862 0 562 0 780 785 0 0 0 35 827 0 889 192 367 640 575 0 57 0 977 0 0 411 473 0 725 0 695 504 265 921 849 71 786 982 39 0 625 
519 0 543 852 834 0 645 616 29 718 0 0 0 464 0 990 261 0 615 360 29 0 690 0 631 0 477 0 628 643 865 444 0 126 54 570 28 711 421 856 0 618 827 0 912 641 0 687 62 0 246 284 0 86 835 0 732 0 848 876 591 242 677 0 462 0 405 775 442 380 659 486 170 0 0 306 594 75 450 0 0 311 0 0 986 0 202 629 0 207 0 0 0 512 626 0 53 785 611 980 331 0 488 243 13 367 364 0 0 545 492 251 596 0 170 629 464 962 0 0 0 0 806 491 210 790 
774 924 3 0 768 0 748 193 590 0 401 584 0 0 0 114 219 881 327 589 0 0 618 580 481 558 787 0 59 532 738 392 931 542 0 207 0 661 649 0 810 0 578 178 0 511 814 0 0 636 329 0 30 614 0 964 336 553 246 741 477 581 0 158 322 0 0 938 0 0 326 0 153 0 0 835 73 175 0 926 0 497 0 263 563 307 812 686 609 894 523 894 266 698 561 0 877 930 341 0 0 129 89 0 0 36 629 314 734 791 328 0 387 0 0 544 874 0 0 909 984 432 0 0 990 736 
808 430 756 465 245 763 429 903 975 201 178 63 0 913 559 173 948 0 891 252 129 603 6 765 637 0 284 793 202 194 509 0 729 172 762 690 992 577 90 533 0 516 0 0 74 747 0 751 0 939 145 294 327 89 0 777 0 994 179 619 792 113 406 944 885 317 0 0 0 0 591 151 432 306 835 0 954 53 628 197 570 864 0 846 553 0 475 661 970 273 0 0 370 632 0 699 0 0 130 277 0 0 57 508 920 0 853 122 389 170 578 0 868 0 0 429 616 843 706 378 352 0 0 0 537 80 
339 973 289 78 461 796 28 57 185 721 918 329 678 0 0 787 0 0 0 283 473 0 192 328 473 970 327 224 233 695 229 836 475 129 974 805 499 757 0 0 467 662 0 346 592 578 159 181 468 802 175 122 101 0 479 706 742 564 0 23 455 0 440 23 0 64 288 702 965 415 268 497 907 594 73 954 0 373 624 0 734 793 0 0 639 960 0 708 273 787 510 649 393 196 582 673 0 189 0 474 337 367 579 536 847 0 8 0 860 0 947 654 827 0 0 318 78 17 638 890 456 666 0 688 288 633 
237 985 0 0 771 482 22 613 33 861 0 416 392 766 945 0 197 678 0 201 832 0 815 762 165 0 612 44 498 695 137 98 0 62 110 659 0 369 0 893 0 711 262 0 601 0 191 195 337 319 0 733 793 101 527 515 699 0 0 78 516 697 553 827 0 205 468 487 20 319 809 21 0 75 175 53 373 0 946 313 264 431 702 0 837 0 304 323 995 857 30 948 570 293 0 424 688 0 0 232 0 553 158 398 189 88 691 0 35 845 0 0 0 915 153 0 170 798 0 0 101 282 0 0 702 0 
82 900 827 0 619 382 953 0 83 0 673 0 0 311 356 148 962 258 290 740 952 803 757 880 776 159 645 609 0 984 0 140 582 951 281 753 19 0 571 157 328 57 973 0 33 0 974 0 929 42 0 981 552 386 232 0 330 484 0 0 0 583 0 0 374 818 608 0 0 554 0 199 971 450 0 628 624 946 0 723 178 548 0 0 817 28 62 0 117 365 630 301 682 27 492 600 0 274 385 427 534 777 369 398 145 713 364 987 0 563 874 437 876 659 460 809 0 420 0 78 725 379 401 0 0 364 
345 846 862 172 43 506 146 874 0 979 114 46 722 343 767 0 16 0 168 487 730 58 61 313 0 304 775 816 0 4 0 559 0 947 596 60 710 671 720 999 0 0 0 835 278 302 902 813 8 914 321 0 461 658 307 596 141 0 626 835 136 0 0 29 459 144 274 809 244 307 307 483 937 0 926 197 0 313 723 0 143 425 0 233 0 369 0 941 599 660 942 0 109 0 294 880 0 518 803 988 416 764 791 306 888 46 975 315 448 368 272 412 239 0 129 0 145 459 0 741 85 592 548 778 0 599 
317 760 482 0 640 790 0 0 195 832 114 243 145 0 482 499 614 18 988 852 121 142 630 142 657 221 704 0 0 0 0 0 929 530 799 358 0 943 123 122 1 418 891 276 158 807 0 788 225 0 524 190 898 625 282 930 41 35 60 802 0 397 715 981 703 562 364 600 0 406 223 133 239 0 0 570 734 264 178 143 0 320 271 0 4 0 439 0 0 0 942 0 554 769 0 822 187 533 399 622 19 393 0 162 262 276 871 740 61 0 109 0 884 0 0 0 509 799 0 0 882 848 553 0 647 169 
27 357 0 561 699 630 766 617 738 0 0 536 216 334 780 316 583 565 483 522 615 0 0 672 0 422 0 414 399 713 519 140 742 776 531 530 574 465 416 242 721 947 261 62 55 872 232 953 655 530 613 317 555 163 919 712 596 0 977 0 287 690 59 288 611 472 0 380 0 572 933 321 217 311 497 864 793 431 548 425 320 0 635 18 0 160 411 339 396 449 368 61 886 843 149 0 0 0 601 350 211 533 0 0 754 766 946 0 0 970 229 322 757 141 0 787 602 150 529 0 742 969 242 454 360 0 
525 801 132 138 507 986 508 0 906 387 539 0 0 573 359 269 337 0 853 0 0 276 285 160 0 0 0 647 0 486 951 873 0 912 908 42 236 190 236 360 422 175 780 0 371 453 0 845 475 269 0 333 0 0 763 203 676 26 853 949 0 0 0 0 314 488 820 835 919 42 133 434 119 0 0 0 0 702 0 0 271 635 0 205 275 625 545 180 667 763 911 457 0 962 0 830 740 925 88 0 0 873 0 157 649 119 287 251 145 0 214 248 352 384 0 215 0 844 0 447 0 0 23 158 630 964 
235 0 0 597 0 0 363 382 673 223 631 673 53 0 567 0 170 282 416 850 883 457 829 822 973 0 285 786 836 0 375 2 0 347 314 0 0 776 787 639 669 632 231 436 0 785 0 0 920 874 823 673 340 0 0 365 371 528 707 665 699 0 0 521 941 155 525 393 986 667 804 548 643 0 263 846 0 0 0 233 0 18 205 0 0 182 997 895 124 255 0 0 774 573 136 430 586 172 706 95 948 0 472 0 665 302 281 718 0 922 975 747 397 0 781 0 0 215 360 948 0 954 157 0 0 297 
0 936 624 403 292 456 511 0 0 746 718 289 204 738 824 0 380 945 506 908 0 545 188 160 0 587 207 387 5 0 980 691 0 133 0 404 0 53 801 719 75 92 165 213 0 453 812 61 460 0 0 713 0 444 267 108 921 958 0 947 239 734 0 911 534 21 0 821 678 667 581 227 665 986 563 553 639 837 817 0 4 0 275 0 0 80 678 0 521 602 467 379 0 417 300 0 577 0 0 0 0 397 610 723 374 888 884 267 678 0 957 968 214 900 88 623 54 138 0 610 0 996 230 481 966 0 
167 0 460 0 0 0 0 121 309 752 498 311 756 92 732 268 0 86 710 797 835 272 680 786 235 933 807 0 0 12 0 435 741 440 0 374 319 0 896 0 473 0 663 64 0 740 307 910 0 364 837 0 267 731 899 468 0 580 706 741 212 186 593 570 496 834 460 862 536 299 0 0 0 0 307 0 960 0 28 369 0 160 625 182 80 0 0 263 0 0 477 12 900 488 60 550 584 0 332 0 145 412 466 933 458 349 56 279 773 854 43 761 975 0 821 904 633 0 264 0 287 673 50 576 605 457 
999 0 0 0 254 330 704 971 539 437 857 632 846 301 573 150 757 221 982 462 262 595 0 243 304 0 108 490 600 14 452 818 0 0 499 416 880 387 502 173 406 403 867 234 946 674 0 376 0 660 550 692 662 0 0 784 736 0 0 0 616 302 456 933 151 448 240 130 0 467 136 320 314 202 812 475 0 304 62 0 439 411 545 997 678 0 0 106 606 518 783 34 384 435 215 547 27 856 113 0 0 0 578 325 351 0 0 117 25 754 826 675 350 420 957 481 772 244 46 157 837 0 830 292 197 147 
711 62 419 508 123 626 0 898 303 864 0 912 0 271 181 0 19 830 470 715 291 487 164 0 0 467 518 873 0 255 46 0 619 9 300 960 592 646 313 723 941 813 0 887 0 94 0 534 639 648 452 728 0 904 0 983 30 44 334 696 0 105 150 977 849 927 472 408 401 337 19 553 862 629 686 661 708 323 0 941 0 339 180 895 0 263 106 0 537 161 961 0 0 909 829 597 290 0 276 573 0 673 308 36 784 627 0 144 149 931 906 0 0 43 628 16 775 154 494 686 0 982 30 0 0 422 
406 202 0 0 127 340 0 524 384 488 664 0 256 0 548 925 90 324 957 992 672 719 0 425 0 756 515 412 935 952 38 894 90 805 302 0 682 0 465 365 317 285 839 276 752 823 461 134 0 0 173 31 821 251 603 713 213 514 639 820 325 9 914 251 801 0 530 787 483 995 434 573 0 0 609 970 273 995 117 599 0 396 667 124 521 0 606 537 0 312 655 90 0 335 535 438 0 83 845 486 822 485 0 305 0 0 401 853 476 716 64 0 408 773 645 661 268 232 0 0 47 953 385 994 628 668 
874 396 0 595 788 101 999 0 99 0 0 0 0 591 702 448 89 869 982 828 806 0 204 345 679 2 120 0 852 568 889 789 744 354 260 215 905 0 690 297 458 782 0 0 695 761 371 991 247 178 257 82 921 953 947 0 897 230 0 791 0 791 851 201 391 654 649 0 969 62 196 825 562 207 894 273 787 857 365 660 0 449 763 255 602 0 518 161 312 0 390 530 504 534 332 282 0 921 426 184 790 915 946 68 786 839 0 0 913 851 700 0 675 0 672 987 0 0 246 588 587 33 309 287 258 0 
0 0 25 382 459 306 162 0 827 126 906 380 64 392 762 0 912 248 0 0 716 441 628 68 567 606 210 187 0 903 0 0 677 304 0 593 567 827 0 0 534 147 550 786 142 427 134 496 737 405 783 211 108 167 380 392 909 43 0 293 1 754 229 662 344 796 836 609 106 115 900 0 0 0 523 0 510 30 630 942 942 368 911 0 467 477 783 961 655 390 0 0 0 490 906 0 6 33 0 750 600 14 0 0 899 744 499 781 576 141 237 156 0 709 818 478 0 0 0 764 68 334 419 816 936 980 
0 0 474 390 699 765 976 993 0 0 0 0 0 963 985 995 446 891 0 417 930 566 870 729 430 327 0 0 255 92 803 888 27 244 521 933 191 376 512 285 510 495 921 793 988 0 321 935 569 906 0 838 42 103 807 0 231 999 343 581 864 136 737 716 418 0 741 590 636 417 318 386 780 0 894 0 649 948 301 0 0 61 457 0 379 12 34 0 90 530 0 0 0 937 797 545 512 0 68 267 501 0 546 978 912 0 0 0 717 0 544 295 572 171 0 335 185 949 999 911 115 752 435 287 53 629 
