0 863 406 0 0 250 735 903 0 0 0 482 919 728 700 916 222 372 0 650 351 0 484 0 959 765 256 844 42 730 0 245 0 497 0 0 0 0 49 468 350 334 0 104 818 278 200 769 558 762 207 133 157 0 821 571 802 71 536 306 650 220 180 0 245 0 139 0 430 355 0 631 0 722 85 286 0 640 0 959 460 279 304 0 576 811 0 0 92 161 874 130 0 28 372 157 284 834 277 182 412 912 522 0 0 932 878 787 0 634 598 126 
863 0 954 136 55 762 921 656 810 0 447 734 824 142 0 527 241 0 14 0 511 0 234 0 230 592 575 760 941 950 610 204 648 77 243 429 529 0 937 513 124 404 0 0 710 10 716 282 280 34 293 0 332 16 0 905 876 225 0 837 422 0 562 0 0 0 0 714 411 300 551 527 987 651 0 0 480 0 842 186 218 950 569 745 107 507 543 405 0 301 0 0 0 727 323 0 448 0 19 0 907 98 863 403 181 536 708 406 396 860 405 554 
406 954 0 0 818 921 572 657 0 482 0 902 999 403 765 0 988 663 9 457 221 724 875 0 0 0 853 0 557 0 0 0 10 0 84 0 0 792 193 556 728 0 112 958 724 333 781 638 252 0 0 336 0 0 564 357 522 886 445 0 660 264 437 184 434 0 927 918 76 0 0 0 751 580 539 479 264 980 619 0 324 344 995 131 279 0 952 433 726 779 0 647 825 8 955 512 789 395 377 17 638 348 0 559 647 519 406 388 779 0 558 519 
0 136 0 0 686 421 0 45 675 191 857 126 248 0 0 480 789 369 745 17 0 388 697 0 0 365 364 239 115 619 812 0 756 204 996 433 0 451 0 722 0 887 541 926 0 625 485 625 281 309 386 0 0 88 581 0 0 0 0 560 0 0 0 0 459 603 436 0 379 126 652 541 0 538 81 368 297 802 351 452 515 24 640 606 0 0 0 649 0 875 760 0 895 70 0 882 287 488 0 968 724 0 610 0 497 351 330 311 604 354 710 535 
0 55 818 686 0 0 713 428 777 543 234 78 874 0 22 872 0 373 0 394 211 190 972 538 815 0 174 288 802 0 50 248 0 0 0 1 557 609 911 845 436 197 192 33 0 233 319 199 446 0 353 314 305 980 25 0 268 321 553 0 739 465 513 980 624 62 0 656 418 228 542 112 251 0 68 0 673 724 515 179 694 60 113 418 176 490 45 432 0 662 443 217 968 222 189 658 520 0 400 389 755 250 121 668 155 529 657 702 989 93 0 246 
250 762 921 421 0 0 887 393 3 627 245 12 578 0 217 0 878 0 227 813 124 413 420 610 389 199 399 0 0 864 252 660 0 0 357 0 974 36 610 0 61 927 989 583 974 448 586 977 103 159 0 630 804 971 365 0 316 0 0 0 791 221 850 535 491 855 624 488 911 706 400 858 285 305 709 810 126 577 0 324 0 0 233 86 0 937 166 481 677 163 795 739 0 641 803 480 461 306 208 432 962 917 455 3 875 503 138 698 0 125 570 495 
735 921 572 0 713 887 0 713 216 672 0 153 957 504 114 620 838 0 234 0 876 0 595 0 634 113 0 371 264 416 557 660 264 690 449 550 0 0 191 496 0 928 616 0 14 0 484 888 470 292 719 34 576 776 670 44 876 270 732 141 0 0 345 608 734 0 457 36 324 770 0 0 99 316 675 827 365 225 762 656 241 945 209 815 563 0 0 0 142 0 0 0 551 0 545 688 366 422 40 243 999 0 0 0 695 735 320 0 0 0 0 895 
903 656 657 45 428 393 713 0 0 923 81 0 756 442 0 606 549 702 546 88 585 750 405 881 282 120 228 981 943 0 617 544 646 699 0 646 0 0 439 439 0 402 0 0 750 718 91 538 0 0 195 0 0 784 0 499 937 0 0 189 222 237 632 316 535 0 279 480 24 0 0 0 0 397 0 932 693 317 0 501 0 49 243 0 504 607 551 423 727 126 531 949 893 978 0 754 320 511 721 0 210 0 775 221 869 38 180 5 0 274 512 35 
0 810 0 675 777 3 216 0 0 0 407 927 278 0 0 852 679 412 0 136 0 863 315 44 144 238 901 158 758 0 110 0 731 167 736 256 193 982 801 0 53 0 171 613 424 0 214 864 802 0 958 869 508 18 500 0 0 86 941 310 390 682 618 123 648 0 608 286 586 37 546 0 949 446 648 91 641 0 344 770 457 0 451 787 0 496 603 321 806 877 190 23 140 0 548 144 992 0 224 458 101 89 698 308 925 0 444 978 802 0 805 477 
0 0 482 191 543 627 672 923 0 0 76 0 15 677 0 0 0 662 661 0 709 329 207 912 42 0 882 127 0 793 367 44 0 0 253 832 0 459 302 586 522 543 657 0 252 0 0 595 0 281 431 894 523 251 632 398 551 534 612 900 814 435 246 775 776 777 922 0 768 802 469 22 306 813 450 809 0 0 758 0 0 882 354 424 60 502 0 0 378 780 740 359 0 0 796 0 0 869 0 0 60 0 0 0 827 794 184 603 671 340 534 866 
0 447 0 857 234 245 0 81 407 76 0 682 679 217 695 225 491 592 0 0 0 351 0 0 570 876 360 315 952 675 0 698 0 0 762 0 743 892 12 430 191 742 548 775 354 989 0 461 0 196 796 488 0 631 321 40 0 20 294 860 0 757 18 585 854 0 0 204 0 801 0 424 0 845 462 0 0 627 928 875 0 98 0 47 696 0 148 113 149 20 542 0 897 0 755 332 540 234 0 0 530 186 38 0 0 810 839 0 658 0 0 976 
482 734 902 126 78 12 153 0 927 0 682 0 645 170 178 0 127 42 0 0 114 9 880 103 0 811 977 587 357 978 22 511 0 120 437 940 0 687 580 0 42 176 910 16 0 610 868 286 0 14 212 496 243 480 496 0 566 536 0 0 0 0 0 890 320 767 0 223 653 701 406 319 0 270 521 190 831 400 799 942 377 584 376 266 377 650 0 302 822 0 0 515 135 305 0 235 0 0 63 0 218 502 31 706 974 0 27 814 312 279 489 313 
919 824 999 248 874 578 957 756 278 15 679 645 0 20 0 561 253 482 850 0 450 480 0 41 688 0 499 114 0 55 0 421 375 0 809 0 452 0 635 388 638 532 526 971 0 411 713 0 384 198 772 884 6 263 271 421 181 901 574 403 0 315 168 997 609 0 923 26 165 953 878 0 863 0 0 585 634 0 382 155 204 473 861 260 0 0 656 940 429 0 212 614 760 938 139 363 918 51 0 77 69 758 0 21 0 720 0 576 181 804 889 327 
728 142 403 0 0 0 504 442 0 677 217 170 20 0 0 0 476 0 670 574 4 897 5 275 0 824 172 723 891 0 0 745 0 261 50 356 55 0 163 929 226 123 874 430 378 606 997 0 945 718 724 992 776 600 505 257 0 852 795 237 385 113 0 108 407 260 996 748 797 0 691 695 718 783 925 652 14 0 80 595 132 0 0 0 0 402 907 0 631 0 844 519 0 29 581 274 572 0 0 10 0 497 879 454 635 511 768 0 625 764 224 621 
700 0 765 0 22 217 114 0 0 0 695 178 0 0 0 136 733 824 0 500 728 214 406 621 0 0 392 723 835 99 291 160 526 67 396 0 0 509 970 838 401 429 597 807 0 81 104 504 174 0 902 279 215 0 712 0 0 591 787 475 285 301 307 649 387 0 683 548 0 93 0 0 0 609 485 951 972 0 538 146 648 668 0 92 0 789 790 398 0 0 727 44 0 996 612 780 28 931 288 593 0 188 971 464 275 736 210 428 593 708 441 0 
916 527 0 480 872 0 620 606 852 0 225 0 561 0 136 0 829 0 0 812 389 123 505 800 682 0 814 667 978 357 798 296 481 31 213 680 376 244 446 718 36 0 678 0 0 179 0 834 581 117 1 0 0 80 128 40 586 738 56 642 324 277 695 593 865 912 33 0 0 0 723 780 0 399 268 804 6 783 0 302 473 975 896 0 861 186 708 0 936 174 953 922 317 0 355 489 983 0 597 0 0 347 612 356 0 0 0 0 0 524 0 560 
222 241 988 789 0 878 838 549 679 0 491 127 253 476 733 829 0 904 969 990 952 528 352 576 717 238 0 11 554 901 585 0 277 453 315 938 194 0 0 0 52 992 127 931 0 0 391 776 530 0 0 890 0 329 753 0 973 788 822 649 622 339 119 811 780 97 632 190 213 225 537 701 298 949 665 0 765 0 423 0 512 809 0 957 963 328 556 0 962 0 556 0 5 0 1 554 992 666 0 600 899 413 439 0 969 296 390 0 209 666 938 274 
372 0 663 369 373 0 0 702 412 662 592 42 482 0 824 0 904 0 371 883 0 0 469 0 192 535 116 0 42 138 0 57 298 274 0 632 0 188 674 81 0 348 0 0 505 245 973 898 369 249 272 98 0 0 798 736 187 410 0 592 701 0 836 0 376 680 489 976 0 0 575 0 354 0 161 0 725 289 0 720 79 189 193 620 638 926 0 0 615 768 292 88 841 0 975 829 994 731 0 824 231 547 305 532 652 51 0 650 801 168 625 243 
0 14 9 745 0 227 234 546 0 661 0 0 850 670 0 0 969 371 0 0 556 919 635 0 410 482 806 598 81 695 0 716 119 985 228 0 511 158 657 0 397 904 45 943 0 112 898 173 777 582 471 556 821 257 0 760 241 0 0 434 98 354 0 415 900 15 274 655 601 88 0 0 156 957 478 0 302 501 220 86 911 0 717 549 918 39 0 762 278 0 807 588 229 580 0 524 328 825 438 454 328 651 799 238 13 588 841 836 0 0 382 453 
650 0 457 17 394 813 0 88 136 0 0 0 0 574 500 812 990 883 0 0 0 829 0 529 0 226 240 955 556 140 885 893 0 587 513 868 0 0 434 0 417 576 0 0 315 0 694 0 0 73 162 69 0 0 0 704 0 787 0 116 210 469 228 0 0 484 284 0 292 0 545 867 42 0 0 0 0 0 458 162 769 448 740 0 865 466 0 0 0 717 721 325 911 108 263 357 456 124 92 762 944 330 468 844 978 0 440 796 0 360 66 631 
351 511 221 0 211 124 876 585 0 709 0 114 450 4 728 389 952 0 556 0 0 0 444 913 312 54 0 725 0 725 0 300 209 520 834 176 597 799 656 0 926 219 0 622 949 991 776 447 0 0 361 197 143 999 461 675 606 0 712 801 290 879 197 58 0 163 944 752 57 0 0 895 890 987 955 384 428 721 0 903 564 678 184 688 286 920 370 621 516 646 452 573 661 14 845 0 990 0 49 0 714 706 773 112 0 0 691 0 82 0 669 672 
0 0 724 388 190 413 0 750 863 329 351 9 480 897 214 123 528 0 919 829 0 0 782 862 924 404 0 0 267 49 992 886 738 527 934 272 555 385 945 0 0 640 178 954 0 270 568 801 0 0 450 0 0 763 559 0 0 97 326 572 195 763 88 0 0 155 808 0 0 424 15 0 392 943 31 783 790 782 0 271 51 0 25 158 81 737 40 20 501 122 0 669 566 607 798 596 451 8 914 512 747 639 659 0 0 85 54 79 0 617 445 0 
484 234 875 697 972 420 595 405 315 207 0 880 0 5 406 505 352 469 635 0 444 782 0 561 242 83 767 0 0 0 25 0 0 909 0 690 699 259 134 213 0 0 0 660 0 301 913 504 4 0 0 418 948 832 311 216 595 0 564 0 554 547 993 0 0 475 451 904 958 659 156 219 0 280 985 344 528 518 242 0 194 776 193 51 949 138 684 854 141 752 0 0 699 887 467 670 234 609 815 836 733 652 0 0 610 642 184 869 665 72 839 651 
0 0 0 0 538 610 0 881 44 912 0 103 41 275 621 800 576 0 0 529 913 862 561 0 0 384 0 971 301 788 177 285 865 884 0 790 902 813 0 0 113 0 239 0 734 0 899 801 150 0 55 0 271 222 106 0 450 393 117 35 275 393 884 952 573 0 754 0 0 0 429 238 925 618 0 678 754 382 821 82 105 497 0 0 0 88 38 13 43 171 245 578 707 0 912 0 988 756 956 0 0 757 507 604 678 35 748 397 168 362 220 206 
959 230 0 0 815 389 634 282 144 42 570 0 688 0 0 682 717 192 410 0 312 924 242 0 0 667 0 534 754 141 824 441 942 765 316 0 571 111 207 364 162 870 27 0 851 216 63 662 816 77 761 710 907 556 0 0 359 353 848 726 130 768 604 164 537 604 0 924 0 372 0 686 683 0 0 0 672 489 150 872 644 152 0 458 0 178 849 840 669 0 440 266 326 362 395 393 0 895 53 0 153 885 491 786 0 0 0 0 0 506 0 22 
765 592 0 365 0 199 113 120 238 0 876 811 0 824 0 0 238 535 482 226 54 404 83 384 667 0 861 932 0 0 0 195 298 620 858 54 447 0 118 398 34 0 725 668 0 319 533 384 259 674 943 899 633 564 847 0 899 431 959 0 126 516 869 0 911 135 0 771 770 0 128 560 107 116 902 326 0 865 874 42 305 816 0 122 536 439 645 372 770 300 875 791 29 321 0 0 0 973 969 701 0 446 0 576 0 182 105 799 841 0 621 0 
256 575 853 364 174 399 0 228 901 882 360 977 499 172 392 814 0 116 806 240 0 0 767 0 0 861 0 672 760 884 401 871 0 0 332 136 0 740 465 310 797 0 152 172 158 916 146 443 0 145 0 0 880 990 0 13 181 17 617 32 731 496 0 596 489 0 970 765 893 0 0 543 391 639 633 267 0 171 0 0 457 663 76 342 276 0 0 116 426 111 814 0 0 524 673 873 83 344 0 0 0 710 944 969 745 790 522 27 610 12 290 0 
844 760 0 239 288 0 371 981 158 127 315 587 114 723 723 667 11 0 598 955 725 0 0 971 534 932 672 0 127 407 626 908 845 0 37 0 0 907 362 867 0 417 479 104 0 538 700 30 783 4 155 971 0 0 159 585 0 230 0 516 268 67 227 754 987 0 0 662 442 886 181 0 379 19 728 507 975 759 809 0 154 0 298 1 0 0 0 336 427 55 984 977 979 540 382 71 814 907 157 85 373 89 602 797 0 0 198 0 0 212 635 583 
42 941 557 115 802 0 264 943 758 0 952 357 0 891 835 978 554 42 81 556 0 267 0 301 754 0 760 127 0 0 0 8 302 817 918 190 0 904 0 919 703 844 695 447 575 727 0 0 563 317 643 925 999 680 843 59 656 298 953 572 544 976 32 515 517 708 895 521 164 614 806 904 131 873 0 204 0 0 0 816 175 0 949 406 0 357 0 0 522 919 933 281 757 0 0 112 895 909 889 9 806 742 338 0 281 0 251 807 764 841 0 0 
730 950 0 619 0 864 416 0 0 793 675 978 55 0 99 357 901 138 695 140 725 49 0 788 141 0 884 407 0 0 187 330 329 0 795 468 0 706 203 255 448 591 654 0 0 674 0 903 430 697 995 535 0 504 56 0 413 0 508 615 75 295 819 391 0 0 4 747 0 136 377 560 92 58 371 484 835 161 0 643 0 137 623 0 383 780 750 219 469 189 211 893 0 356 604 638 0 129 0 319 463 230 684 0 652 489 673 552 597 71 607 629 
0 610 0 812 50 252 557 617 110 367 0 22 0 0 291 798 585 0 0 885 0 992 25 177 824 0 401 626 0 187 0 255 493 0 531 32 794 154 877 910 524 409 647 0 712 864 0 904 854 0 0 0 0 882 0 4 0 691 0 0 980 491 706 541 473 36 832 916 483 872 300 672 0 759 704 228 289 303 459 532 0 0 348 464 688 418 0 145 311 0 0 588 200 421 712 482 531 543 0 332 146 53 885 0 0 643 0 0 0 8 0 616 
245 204 0 0 248 660 660 544 0 44 698 511 421 745 160 296 0 57 716 893 300 886 0 285 441 195 871 908 8 330 255 0 564 769 0 919 815 263 902 219 264 558 263 785 503 404 616 368 327 666 154 322 923 397 0 685 508 0 0 0 268 822 33 0 632 227 371 129 187 39 861 0 0 397 377 0 898 798 481 8 919 359 72 956 262 243 640 388 367 682 962 792 35 0 299 0 0 0 0 971 560 127 376 531 545 540 835 19 873 736 282 191 
0 648 10 756 0 0 264 646 731 0 0 0 375 0 526 481 277 298 119 0 209 738 0 865 942 298 0 845 302 329 493 564 0 691 935 791 526 393 102 0 594 845 0 317 253 0 840 368 758 994 26 273 0 967 0 0 476 130 71 907 550 0 100 569 938 676 300 549 290 470 205 438 754 352 312 0 0 312 782 866 958 300 0 338 0 339 316 368 967 17 742 35 596 651 543 260 109 247 959 912 0 429 592 0 135 676 956 575 337 588 369 196 
497 77 0 204 0 0 690 699 167 0 0 120 0 261 67 31 453 274 985 587 520 527 909 884 765 620 0 0 817 0 0 769 691 0 703 0 696 0 792 570 164 533 0 0 519 801 281 423 0 514 231 141 580 92 0 745 67 0 32 909 423 599 0 0 0 567 711 691 726 0 0 0 0 0 0 99 149 0 792 977 218 803 796 460 380 0 354 526 0 253 951 805 333 0 0 431 450 431 845 339 479 264 145 553 103 0 0 273 0 802 676 208 
0 243 84 996 0 357 449 0 736 253 762 437 809 50 396 213 315 0 228 513 834 934 0 0 316 858 332 37 918 795 531 0 935 703 0 423 0 219 0 568 98 0 0 368 761 631 0 0 463 467 117 352 469 0 0 469 178 960 294 932 280 0 465 586 79 507 476 0 207 822 421 0 519 0 232 21 84 244 52 542 0 0 134 0 0 342 484 0 48 0 913 0 604 527 0 432 314 596 921 669 581 0 788 892 0 278 375 0 0 243 981 565 
0 429 0 433 1 0 550 646 256 832 0 940 0 356 0 680 938 632 0 868 176 272 690 790 0 54 136 0 190 468 32 919 791 0 423 0 104 282 399 433 845 0 915 55 0 98 608 467 0 882 0 0 0 174 0 813 547 366 613 520 0 445 942 0 859 255 248 207 191 0 510 597 410 200 79 716 515 301 0 0 0 201 0 209 844 590 825 854 462 555 297 749 0 264 652 0 677 489 348 206 532 685 21 256 824 0 246 0 1 0 348 795 
0 529 0 0 557 974 0 0 193 0 743 0 452 55 0 376 194 0 511 0 597 555 699 902 571 447 0 0 0 0 794 815 526 696 0 104 0 0 248 752 326 89 588 85 529 933 0 786 108 660 0 751 890 0 0 694 0 591 0 409 0 514 335 380 0 0 0 0 21 0 0 0 535 246 443 458 713 0 158 848 564 185 136 297 0 0 792 441 676 0 219 567 0 281 777 296 393 962 0 323 451 470 988 0 558 957 173 184 910 358 349 0 
0 0 792 451 609 36 0 0 982 459 892 687 0 0 509 244 0 188 158 0 799 385 259 813 111 0 740 907 904 706 154 263 393 0 219 282 0 0 157 0 0 0 557 702 923 869 975 506 782 921 907 722 114 0 0 800 0 937 155 632 100 468 285 472 348 515 933 0 34 373 972 0 0 557 901 818 947 0 666 0 356 201 591 0 0 386 541 0 661 82 0 800 0 779 0 74 226 694 517 0 688 0 929 712 0 0 887 911 0 519 539 34 
49 937 193 0 911 610 191 439 801 302 12 580 635 163 970 446 0 674 657 434 656 945 134 0 207 118 465 362 0 203 877 902 102 792 0 399 248 157 0 263 0 97 249 0 734 822 0 267 325 801 479 814 258 73 549 266 394 0 0 595 315 633 263 0 338 734 773 0 842 245 0 310 3 416 0 0 280 0 225 481 916 41 620 443 525 0 954 886 216 644 0 825 6 394 222 645 0 357 0 0 264 114 161 804 352 478 597 766 716 166 274 116 
468 513 556 722 845 0 496 439 0 586 430 0 388 929 838 718 0 81 0 0 0 0 213 0 364 398 310 867 919 255 910 219 0 570 568 433 752 0 263 0 0 929 466 0 647 89 941 339 691 188 555 0 353 576 684 497 786 0 0 354 0 459 640 562 0 0 503 71 975 0 22 522 205 569 777 910 282 82 27 161 47 42 0 0 698 880 824 0 16 700 901 807 814 197 702 0 144 458 690 107 646 362 974 465 629 0 932 0 734 0 651 614 
350 124 728 0 436 61 0 0 53 522 191 42 638 226 401 36 52 0 397 417 926 0 0 113 162 34 797 0 703 448 524 264 594 164 98 845 326 0 0 0 0 0 142 0 11 233 394 663 459 43 0 0 0 662 173 311 120 0 79 932 393 358 218 522 625 309 906 674 0 0 61 893 753 276 0 42 0 425 591 517 659 0 771 0 335 0 479 480 937 85 0 0 812 62 210 233 633 991 366 763 913 0 0 345 0 0 538 693 500 0 0 931 
334 404 0 887 197 927 928 402 0 543 742 176 532 123 429 0 992 348 904 576 219 640 0 0 870 0 0 417 844 591 409 558 845 533 0 0 89 0 97 929 0 0 970 136 714 944 0 0 687 374 397 642 264 512 296 979 285 698 674 0 158 939 509 177 806 796 212 610 692 674 0 250 126 0 0 365 0 711 0 652 401 343 742 647 0 187 917 28 0 584 0 0 817 0 0 502 663 497 772 0 376 494 0 482 877 11 953 11 86 0 814 427 
0 0 112 541 192 989 616 0 171 657 548 910 526 874 597 678 127 0 45 0 0 178 0 239 27 725 152 479 695 654 647 263 0 0 0 915 588 557 249 466 142 970 0 177 134 301 0 431 468 0 665 307 931 299 662 226 933 193 781 102 496 0 626 946 240 0 0 525 0 686 913 0 782 933 0 930 555 149 368 156 39 575 679 297 155 0 811 328 0 918 965 0 500 11 184 957 915 56 123 0 0 8 354 64 0 966 381 773 49 195 19 0 
104 0 958 926 33 583 0 0 613 0 775 16 971 430 807 0 931 0 943 0 622 954 660 0 0 668 172 104 447 0 0 785 317 0 368 55 85 702 0 0 0 136 177 0 0 630 90 0 0 0 895 482 145 243 0 444 157 0 420 137 207 935 386 459 234 0 241 95 621 0 369 0 568 0 147 769 0 0 0 125 0 0 508 714 669 0 552 108 101 223 474 300 71 25 944 0 137 0 55 827 0 780 872 414 74 0 0 393 242 316 128 156 
818 710 724 0 0 974 14 750 424 252 354 0 0 378 0 0 0 505 0 315 949 0 0 734 851 0 158 0 575 0 712 503 253 519 761 0 529 923 734 647 11 714 134 0 0 781 443 911 883 0 546 443 727 171 492 70 140 438 304 317 955 455 507 0 0 0 110 983 654 323 609 0 72 0 388 43 946 172 59 404 114 0 443 436 901 616 0 510 101 644 614 849 441 0 664 931 0 16 460 872 974 985 0 0 972 795 580 0 429 0 950 0 
278 10 333 625 233 448 0 718 0 0 989 610 411 606 81 179 0 245 112 0 991 270 301 0 216 319 916 538 727 674 864 404 0 801 631 98 933 869 822 89 233 944 301 630 781 0 678 872 806 821 0 463 0 182 172 643 84 851 254 939 0 0 399 0 507 9 0 578 305 570 40 315 124 0 922 954 78 283 12 0 565 584 0 0 0 0 56 286 647 0 760 575 150 12 0 75 799 677 0 591 167 0 911 65 0 272 0 70 140 0 160 913 
200 716 781 485 319 586 484 91 214 0 0 868 713 997 104 0 391 973 898 694 776 568 913 899 63 533 146 700 0 0 0 616 840 281 0 608 0 975 0 941 394 0 0 90 443 678 0 568 433 93 0 0 830 0 770 839 865 0 46 407 686 116 0 547 694 640 732 0 0 728 745 354 980 422 0 384 478 910 122 959 548 209 368 71 681 171 432 0 554 130 0 377 0 782 939 155 817 130 855 0 0 0 0 745 492 0 294 851 0 558 0 0 
769 282 638 625 199 977 888 538 864 595 461 286 0 0 504 834 776 898 173 0 447 801 504 801 662 384 443 30 0 903 904 368 368 423 0 467 786 506 267 339 663 0 431 0 911 872 568 0 0 258 108 672 0 942 676 990 517 958 494 0 0 354 0 963 911 579 900 378 122 0 576 510 572 0 461 0 630 600 130 808 145 774 743 270 772 383 0 435 0 568 532 109 0 0 476 897 686 513 0 400 0 245 0 740 147 85 547 775 398 458 921 320 
558 280 252 281 446 103 470 0 802 0 0 0 384 945 174 581 530 369 777 0 0 0 4 150 816 259 0 783 563 430 854 327 758 0 463 0 108 782 325 691 459 687 468 0 883 806 433 0 0 827 34 279 0 693 140 145 89 271 734 253 182 88 480 0 68 679 631 811 291 269 228 0 237 892 959 122 613 881 0 809 490 0 717 849 573 741 616 0 791 725 355 736 0 310 176 437 573 0 992 42 184 325 921 960 179 891 254 334 850 0 213 386 
762 34 0 309 0 159 292 0 0 281 196 14 198 718 0 117 0 249 582 73 0 0 0 0 77 674 145 4 317 697 0 666 994 514 467 882 660 921 801 188 43 374 0 0 0 821 93 258 827 0 244 391 316 469 164 774 113 861 778 725 152 272 447 0 624 319 0 169 0 586 451 0 208 270 781 647 0 938 351 248 0 0 344 187 0 0 616 0 28 238 291 272 857 168 0 37 580 390 0 420 910 45 933 943 975 6 580 0 238 982 52 207 
207 293 0 386 353 0 719 195 958 431 796 212 772 724 902 1 0 272 471 162 361 450 0 55 761 943 0 155 643 995 0 154 26 231 117 0 0 907 479 555 0 397 665 895 546 0 0 108 34 244 0 259 857 0 812 797 0 812 563 645 322 72 902 433 807 217 516 862 897 939 933 914 917 836 423 78 936 637 521 341 164 539 0 217 680 110 689 0 954 0 496 706 0 0 872 354 808 708 720 19 145 960 0 777 854 749 0 199 972 153 869 414 
133 0 336 0 314 630 34 0 869 894 488 496 884 992 279 0 890 98 556 69 197 0 418 0 710 899 0 971 925 535 0 322 273 141 352 0 751 722 814 0 0 642 307 482 443 463 0 672 279 391 259 0 419 156 984 620 19 511 884 0 953 478 30 326 156 88 0 0 0 284 776 657 470 221 743 162 284 501 0 0 232 0 661 0 0 167 874 60 0 96 0 223 557 575 844 123 998 2 322 29 864 916 603 322 311 0 782 960 379 422 277 765 
157 332 0 0 305 804 576 0 508 523 0 243 6 776 215 0 0 0 821 0 143 0 948 271 907 633 880 0 999 0 0 923 0 580 469 0 890 114 258 353 0 264 931 145 727 0 830 0 0 316 857 419 0 0 0 179 0 506 458 983 809 124 59 417 954 602 930 210 9 814 621 135 296 434 274 0 342 0 0 231 132 487 261 293 648 0 748 103 441 0 374 764 896 291 311 584 612 113 978 949 0 199 437 607 0 149 185 340 467 251 0 0 
0 16 0 88 980 971 776 784 18 251 631 480 263 600 0 80 329 0 257 0 999 763 832 222 556 564 990 0 680 504 882 397 967 92 0 174 0 0 73 576 662 512 299 243 171 182 0 942 693 469 0 156 0 0 0 700 0 0 956 0 438 941 165 265 317 27 128 0 843 103 310 0 0 0 0 273 0 818 599 0 332 551 978 237 570 0 0 31 0 282 370 366 740 111 239 55 983 838 252 136 286 890 685 547 637 435 584 0 766 0 257 0 
821 0 564 581 25 365 670 0 500 632 321 496 271 505 712 128 753 798 0 0 461 559 311 106 0 847 0 159 843 56 0 0 0 0 0 0 0 0 549 684 173 296 662 0 492 172 770 676 140 164 812 984 0 0 0 193 0 793 801 432 519 501 57 66 374 903 0 0 639 572 0 737 675 27 0 278 861 839 0 0 334 692 388 401 23 0 727 237 583 940 0 0 0 859 571 421 0 578 389 48 458 0 572 933 987 650 84 838 495 557 506 220 
571 905 357 0 0 0 44 499 0 398 40 0 421 257 0 40 0 736 760 704 675 0 216 0 0 0 13 585 59 0 4 685 0 745 469 813 694 800 266 497 311 979 226 444 70 643 839 990 145 774 797 620 179 700 193 0 602 548 0 0 823 58 0 742 713 539 0 0 372 0 0 0 0 553 592 450 462 342 334 0 34 0 151 0 278 273 429 546 0 40 0 78 662 604 384 665 0 719 692 0 0 683 0 0 231 556 370 39 0 332 139 236 
802 876 522 0 268 316 876 937 0 551 0 566 181 0 0 586 973 187 241 0 606 0 595 450 359 899 181 0 656 413 0 508 476 67 178 547 0 0 394 786 120 285 933 157 140 84 865 517 89 113 0 19 0 0 0 602 0 649 785 436 609 413 494 0 108 0 822 131 0 398 162 899 593 81 0 966 593 0 988 155 436 0 304 426 666 449 12 804 596 0 241 631 812 0 0 670 0 426 404 899 532 0 0 249 0 454 779 309 277 427 908 626 
71 225 886 0 321 0 270 0 86 534 20 536 901 852 591 738 788 410 0 787 0 97 0 393 353 431 17 230 298 0 691 0 130 0 960 366 591 937 0 0 0 698 193 0 438 851 0 958 271 861 812 511 506 0 793 548 649 0 95 937 0 523 948 949 0 0 561 0 138 367 852 158 984 722 325 754 744 147 85 0 174 482 322 109 477 754 0 47 0 911 421 705 763 0 160 0 191 0 268 249 0 0 367 0 248 231 0 737 552 0 882 643 
536 0 445 0 553 0 732 0 941 612 294 0 574 795 787 56 822 0 0 0 712 326 564 117 848 959 617 0 953 508 0 0 71 32 294 613 0 155 0 0 79 674 781 420 304 254 46 494 734 778 563 884 458 956 801 0 785 95 0 0 104 749 779 292 605 869 724 0 914 451 425 925 664 0 0 335 0 774 724 819 0 779 695 195 0 0 0 889 2 87 91 546 565 261 848 0 844 79 910 792 0 308 489 515 988 665 731 240 296 0 434 0 
306 837 0 560 0 0 141 189 310 900 860 0 403 237 475 642 649 592 434 116 801 572 0 35 726 0 32 516 572 615 0 0 907 909 932 520 409 632 595 354 932 0 102 137 317 939 407 0 253 725 645 0 983 0 432 0 436 937 0 0 530 192 234 76 0 0 317 148 752 0 858 758 429 857 796 105 0 537 317 843 52 902 0 0 0 0 385 166 4 161 32 108 0 0 0 258 102 816 0 0 0 0 801 191 0 0 748 598 871 577 836 0 
650 422 660 0 739 791 0 222 390 814 0 0 0 385 285 324 622 701 98 210 290 195 554 275 130 126 731 268 544 75 980 268 550 423 280 0 0 100 315 0 393 158 496 207 955 0 686 0 182 152 322 953 809 438 519 823 609 0 104 530 0 398 0 774 138 904 665 896 436 727 907 522 325 0 708 0 236 480 0 0 27 776 232 988 0 0 7 0 325 0 510 398 444 12 332 722 586 0 628 434 400 324 239 794 240 806 748 940 295 164 926 380 
220 0 264 0 465 221 0 237 682 435 757 0 315 113 301 277 339 0 354 469 879 763 547 393 768 516 496 67 976 295 491 822 0 599 0 445 514 468 633 459 358 939 0 935 455 0 116 354 88 272 72 478 124 941 501 58 413 523 749 192 398 0 169 0 0 6 178 411 957 489 978 128 0 0 727 277 0 0 704 598 200 958 823 955 436 0 490 141 0 0 670 117 418 0 75 683 724 310 0 952 407 433 0 0 0 700 0 0 0 0 25 535 
180 562 437 0 513 850 345 632 618 246 18 0 168 0 307 695 119 836 0 228 197 88 993 884 604 869 0 227 32 819 706 33 100 0 465 942 335 285 263 640 218 509 626 386 507 399 0 0 480 447 902 30 59 165 57 0 494 948 779 234 0 169 0 0 0 787 497 475 334 427 109 0 602 38 0 94 783 849 0 789 257 314 767 0 599 90 0 870 724 984 791 470 0 425 68 442 536 811 679 194 0 0 230 525 0 488 0 353 505 439 845 0 
0 0 184 0 980 535 608 316 123 775 585 890 997 108 649 593 811 0 415 0 58 0 0 952 164 0 596 754 515 391 541 0 569 0 586 0 380 472 0 562 522 177 946 459 0 0 547 963 0 0 433 326 417 265 66 742 0 949 292 76 774 0 0 0 0 67 0 801 322 946 197 107 119 110 0 439 0 441 990 0 711 0 286 32 0 0 133 954 0 531 0 621 325 479 534 0 843 670 0 415 0 235 240 890 763 731 0 876 0 972 548 413 
245 0 434 459 624 491 734 535 648 776 854 320 609 407 387 865 780 376 900 0 0 0 0 573 537 911 489 987 517 0 473 632 938 0 79 859 0 348 338 0 625 806 240 234 0 507 694 911 68 624 807 156 954 317 374 713 108 0 605 0 138 0 0 0 0 45 541 597 967 0 3 599 795 591 0 712 0 0 950 58 661 7 0 0 462 138 776 0 0 0 512 190 158 739 388 182 645 705 50 495 0 9 584 184 0 293 241 0 634 482 760 945 
0 0 0 603 62 855 0 0 0 777 0 767 0 260 0 912 97 680 15 484 163 155 475 0 604 135 0 0 708 0 36 227 676 567 507 255 0 515 734 0 309 796 0 0 0 9 640 579 679 319 217 88 602 27 903 539 0 0 869 0 904 6 787 67 45 0 998 868 273 965 812 208 786 738 103 322 984 698 0 499 261 163 821 292 849 287 117 0 488 498 559 0 137 73 584 529 894 0 0 624 0 343 231 140 284 285 0 365 542 246 476 918 
139 0 927 436 0 624 457 279 608 922 0 0 923 996 683 33 632 489 274 284 944 808 451 754 0 0 970 0 895 4 832 371 300 711 476 248 0 933 773 503 906 212 0 241 110 0 732 900 631 0 516 0 930 128 0 0 822 561 724 317 665 178 497 0 541 998 0 565 0 953 841 0 0 807 953 0 635 0 0 379 428 0 0 0 603 0 0 561 963 473 773 486 674 762 0 811 384 865 455 783 71 661 0 0 273 0 445 780 0 438 0 602 
0 714 918 0 656 488 36 480 286 0 204 223 26 748 548 0 190 976 655 0 752 0 904 0 924 771 765 662 521 747 916 129 549 691 0 207 0 0 0 71 674 610 525 95 983 578 0 378 811 169 862 0 210 0 0 0 131 0 0 148 896 411 475 801 597 868 565 0 486 136 307 707 58 776 68 60 0 35 0 16 0 0 0 973 175 884 81 937 0 733 716 862 513 247 939 721 936 380 546 401 746 0 0 177 143 79 48 519 719 285 216 697 
430 411 76 379 418 911 324 24 586 768 0 653 165 797 0 0 213 0 601 292 57 0 958 0 0 770 893 442 164 0 483 187 290 726 207 191 21 34 842 975 0 692 0 621 654 305 0 122 291 0 897 0 9 843 639 372 0 138 914 752 436 957 334 322 967 273 0 486 0 775 525 0 628 0 154 0 852 372 0 0 243 390 372 542 957 570 262 949 167 0 386 966 41 851 799 96 888 363 241 48 992 0 727 302 569 731 105 522 0 0 626 0 
355 300 0 126 228 706 770 0 37 802 801 701 953 0 93 0 225 0 88 0 0 424 659 0 372 0 0 886 614 136 872 39 470 0 822 0 0 373 245 0 0 674 686 0 323 570 728 0 269 586 939 284 814 103 572 0 398 367 451 0 727 489 427 946 0 965 953 136 775 0 0 978 665 877 0 715 0 0 636 0 0 112 616 889 0 0 551 759 979 508 989 339 713 267 105 0 0 0 0 1 802 0 396 738 523 919 26 928 306 982 0 910 
0 551 0 652 542 400 0 0 546 469 0 406 878 691 0 723 537 575 0 545 0 15 156 429 0 128 0 181 806 377 300 861 205 0 421 510 0 972 0 22 61 0 913 369 609 40 745 576 228 451 933 776 621 310 0 0 162 852 425 858 907 978 109 197 3 812 841 307 525 0 0 157 452 77 368 76 802 0 959 548 419 0 246 339 567 403 0 668 275 140 231 50 880 278 100 0 71 841 0 433 0 17 556 0 0 438 963 190 161 106 167 954 
631 527 0 541 112 858 0 0 0 22 424 319 0 695 0 780 701 0 0 867 895 0 219 238 686 560 543 0 904 560 672 0 438 0 0 597 0 0 310 522 893 250 0 0 0 315 354 510 0 0 914 657 135 0 737 0 899 158 925 758 522 128 0 107 599 208 0 707 0 978 157 0 293 0 256 65 0 0 141 0 0 0 400 439 864 0 471 86 922 495 613 756 134 0 999 250 502 569 0 0 0 134 19 0 501 0 739 345 35 789 618 0 
0 987 751 0 251 285 99 0 949 306 0 0 863 718 0 0 298 354 156 42 890 392 0 925 683 107 391 379 131 92 0 0 754 0 519 410 535 0 3 205 753 126 782 568 72 124 980 572 237 208 917 470 296 0 675 0 593 984 664 429 325 0 602 119 795 786 0 58 628 665 452 293 0 0 358 683 214 847 582 433 602 671 440 226 859 490 520 579 199 308 93 484 975 355 473 410 796 72 877 139 568 225 317 636 210 337 810 0 261 275 209 0 
722 651 580 538 0 305 316 397 446 813 845 270 0 783 609 399 949 0 957 0 987 943 280 618 0 116 639 19 873 58 759 397 352 0 0 200 246 557 416 569 276 0 933 0 0 0 422 0 892 270 836 221 434 0 27 553 81 722 0 857 0 0 38 110 591 738 807 776 0 877 77 0 0 0 111 471 106 861 444 0 57 942 330 511 833 0 536 138 626 7 982 156 0 833 120 0 562 0 24 193 560 295 534 582 341 868 71 674 573 0 886 377 
85 0 539 81 68 709 675 0 648 450 462 521 0 925 485 268 665 161 478 0 955 31 985 0 0 902 633 728 0 371 704 377 312 0 232 79 443 901 0 777 0 0 0 147 388 922 0 461 959 781 423 743 274 0 0 592 0 325 0 796 708 727 0 0 0 103 953 68 154 0 368 256 358 111 0 668 0 0 22 245 966 695 367 0 328 0 0 461 0 41 639 947 264 256 0 867 0 425 919 732 727 445 257 0 860 0 0 399 208 204 76 110 
286 0 479 368 0 810 827 932 91 809 0 190 585 652 951 804 0 0 0 0 384 783 344 678 0 326 267 507 204 484 228 0 0 99 21 716 458 818 0 910 42 365 930 769 43 954 384 0 122 647 78 162 0 273 278 450 966 754 335 105 0 277 94 439 712 322 0 60 0 715 76 65 683 471 668 0 651 0 0 313 330 634 463 866 559 500 0 459 313 977 891 28 0 210 134 921 0 59 0 988 0 766 559 868 0 593 412 292 336 633 37 22 
0 480 264 297 673 126 365 693 641 0 0 831 634 14 972 6 765 725 302 0 428 790 528 754 672 0 0 975 0 835 289 898 0 149 84 515 713 947 280 282 0 0 555 0 946 78 478 630 613 0 936 284 342 0 861 462 593 744 0 0 236 0 783 0 0 984 635 0 852 0 802 0 214 106 0 651 0 518 363 247 519 941 791 0 932 121 697 429 574 101 280 0 162 0 119 729 645 484 702 0 698 899 0 52 287 0 283 54 0 0 0 399 
640 0 980 802 724 577 225 317 0 0 627 400 0 0 0 783 0 289 501 0 721 782 518 382 489 865 171 759 0 161 303 798 312 0 244 301 0 0 0 82 425 711 149 0 172 283 910 600 881 938 637 501 0 818 839 342 0 147 774 537 480 0 849 441 0 698 0 35 372 0 0 0 847 861 0 0 518 0 915 451 0 905 548 271 629 449 0 982 115 516 0 603 517 0 999 90 476 344 56 489 0 375 535 112 435 0 948 0 0 983 432 258 
0 842 619 351 515 0 762 0 344 758 928 799 382 80 538 0 423 0 220 458 0 0 242 821 150 874 0 809 0 0 459 481 782 792 52 0 158 666 225 27 591 0 368 0 59 12 122 130 0 351 521 0 0 599 0 334 988 85 724 317 0 704 0 990 950 0 0 0 0 636 959 141 582 444 22 0 363 915 0 489 144 0 70 0 0 0 572 62 750 775 394 423 198 0 933 0 190 743 187 703 0 0 173 0 596 268 960 152 0 375 289 822 
959 186 0 452 179 324 656 501 770 0 875 942 155 595 146 302 0 720 86 162 903 271 0 82 872 42 0 0 816 643 532 8 866 977 542 0 848 0 481 161 517 652 156 125 404 0 959 808 809 248 341 0 231 0 0 0 155 0 819 843 0 598 789 0 58 499 379 16 0 0 548 0 433 0 245 313 247 451 489 0 139 0 461 19 945 153 939 50 140 578 0 0 0 418 337 457 0 758 0 939 185 907 907 515 433 0 341 274 708 691 0 0 
460 218 324 515 694 0 241 0 457 0 0 377 204 132 648 473 512 79 911 769 564 51 194 105 644 305 457 154 175 0 0 919 958 218 0 0 564 356 916 47 659 401 39 0 114 565 548 145 490 0 164 232 132 332 334 34 436 174 0 52 27 200 257 711 661 261 428 0 243 0 419 0 602 57 966 330 519 0 144 139 0 258 456 704 0 353 400 531 0 241 0 974 0 811 430 166 876 0 0 834 0 916 79 411 843 665 462 0 0 667 987 712 
279 950 344 24 60 0 945 49 0 882 98 584 473 0 668 975 809 189 0 448 678 0 776 497 152 816 663 0 0 137 0 359 300 803 0 201 185 201 41 42 0 343 575 0 0 584 209 774 0 0 539 0 487 551 692 0 0 482 779 902 776 958 314 0 7 163 0 0 390 112 0 0 671 942 695 634 941 905 0 0 258 0 0 571 639 350 0 167 0 0 0 471 103 281 0 693 345 0 0 878 0 748 140 142 985 985 755 957 712 636 895 171 
304 569 995 640 113 233 209 243 451 354 0 376 861 0 0 896 0 193 717 740 184 25 193 0 0 0 76 298 949 623 348 72 0 796 134 0 136 591 620 0 771 742 679 508 443 0 368 743 717 344 0 661 261 978 388 151 304 322 695 0 232 823 767 286 0 821 0 0 372 616 246 400 440 330 367 463 791 548 70 461 456 0 0 820 0 0 0 602 800 563 749 0 647 0 336 0 303 0 0 742 642 875 0 931 453 189 630 776 865 939 809 435 
0 745 131 606 418 86 815 0 787 424 47 266 260 0 92 0 957 620 549 0 688 158 51 0 458 122 342 1 406 0 464 956 338 460 0 209 297 0 443 0 0 647 297 714 436 0 71 270 849 187 217 0 293 237 401 0 426 109 195 0 988 955 0 32 0 292 0 973 542 889 339 439 226 511 0 866 0 271 0 19 704 571 820 0 829 887 0 0 530 0 358 871 0 770 641 840 0 483 0 58 280 786 536 0 661 858 25 0 430 854 694 311 
576 107 279 0 176 0 563 504 0 60 696 377 0 0 0 861 963 638 918 865 286 81 949 0 0 536 276 0 0 383 688 262 0 380 0 844 0 0 525 698 335 0 155 669 901 0 681 772 573 0 680 0 648 570 23 278 666 477 0 0 0 436 599 0 462 849 603 175 957 0 567 864 859 833 328 559 932 629 0 945 0 639 0 829 0 678 117 206 241 427 91 664 851 721 340 476 0 0 427 648 467 273 316 0 760 13 517 0 7 20 874 923 
811 507 0 0 490 937 0 607 496 502 0 650 0 402 789 186 328 926 39 466 920 737 138 88 178 439 0 0 357 780 418 243 339 0 342 590 0 386 0 880 0 187 0 0 616 0 171 383 741 0 110 167 0 0 0 273 449 754 0 0 0 0 90 0 138 287 0 884 570 0 403 0 490 0 0 500 121 449 0 153 353 350 0 887 678 0 640 88 588 889 0 0 669 907 651 707 985 921 227 934 714 407 773 0 777 249 0 0 288 874 919 174 
0 543 952 0 45 166 0 551 603 0 148 0 656 907 790 708 556 0 0 0 370 40 684 38 849 645 0 0 0 750 0 640 316 354 484 825 792 541 954 824 479 917 811 552 0 56 432 0 616 616 689 874 748 0 727 429 12 0 0 385 7 490 0 133 776 117 0 81 262 551 0 471 520 536 0 0 697 0 572 939 400 0 0 0 117 640 0 0 801 621 0 274 0 933 879 771 93 739 807 0 891 0 909 572 527 229 523 938 0 254 742 987 
0 405 433 649 432 481 0 423 321 0 113 302 940 0 398 0 0 0 762 0 621 20 854 13 840 372 116 336 0 219 145 388 368 526 0 854 441 0 886 0 480 28 328 108 510 286 0 435 0 0 0 60 103 31 237 546 804 47 889 166 0 141 870 954 0 0 561 937 949 759 668 86 579 138 461 459 429 982 62 50 531 167 602 0 206 88 0 0 0 553 666 693 713 212 177 76 666 754 278 619 625 144 214 928 590 826 884 540 527 0 0 0 
92 0 726 0 0 677 142 727 806 378 149 822 429 631 0 936 962 615 278 0 516 501 141 43 669 770 426 427 522 469 311 367 967 0 48 462 676 661 216 16 937 0 0 101 101 647 554 0 791 28 954 0 441 0 583 0 596 0 2 4 325 0 724 0 0 488 963 0 167 979 275 922 199 626 0 313 574 115 750 140 0 0 800 530 241 588 801 0 0 348 272 0 944 703 841 545 303 0 131 886 645 0 394 0 212 706 977 377 466 399 751 974 
161 301 779 875 662 163 0 126 877 780 20 0 0 0 0 174 0 768 0 717 646 122 752 171 0 300 111 55 919 189 0 682 17 253 0 555 0 82 644 700 85 584 918 223 644 0 130 568 725 238 0 96 0 282 940 40 0 911 87 161 0 0 984 531 0 498 473 733 0 508 140 495 308 7 41 977 101 516 775 578 241 0 563 0 427 889 621 553 348 0 766 779 0 968 954 0 0 768 521 0 557 814 139 0 301 37 0 0 467 526 0 0 
874 0 0 760 443 795 0 531 190 740 542 0 212 844 727 953 556 292 807 721 452 0 0 245 440 875 814 984 933 211 0 962 742 951 913 297 219 0 0 901 0 0 965 474 614 760 0 532 355 291 496 0 374 370 0 0 241 421 91 32 510 670 791 0 512 559 773 716 386 989 231 613 93 982 639 891 280 0 394 0 0 0 749 358 91 0 0 666 272 766 0 626 714 0 954 0 868 434 527 0 0 30 510 495 226 900 0 0 949 194 840 666 
130 0 647 0 217 739 0 949 23 359 0 515 614 519 44 922 0 88 588 325 573 669 0 578 266 791 0 977 281 893 588 792 35 805 0 749 567 800 825 807 0 0 0 300 849 575 377 109 736 272 706 223 764 366 0 78 631 705 546 108 398 117 470 621 190 0 486 862 966 339 50 756 484 156 947 28 0 603 423 0 974 471 0 871 664 0 274 693 0 779 626 0 213 221 100 955 875 928 0 112 94 528 0 981 26 106 17 902 481 850 777 685 
0 0 825 895 968 0 551 893 140 0 897 135 760 0 0 317 5 841 229 911 661 566 699 707 326 29 0 979 757 0 200 35 596 333 604 0 0 0 6 814 812 817 500 71 441 150 0 0 0 857 0 557 896 740 0 662 812 763 565 0 444 418 0 325 158 137 674 513 41 713 880 134 975 0 264 0 162 517 198 0 0 103 647 0 851 669 0 713 944 0 714 213 0 0 606 0 126 47 491 692 303 255 737 413 217 139 0 0 98 87 255 0 
28 727 8 70 222 641 0 978 0 0 0 305 938 29 996 0 0 0 580 108 14 607 887 0 362 321 524 540 0 356 421 0 651 0 527 264 281 779 394 197 62 0 11 25 0 12 782 0 310 168 0 575 291 111 859 604 0 0 261 0 12 0 425 479 739 73 762 247 851 267 278 0 355 833 256 210 0 0 0 418 811 281 0 770 721 907 933 212 703 968 0 221 0 0 0 841 708 929 0 926 699 0 0 0 148 516 0 754 992 133 209 566 
372 323 955 0 189 803 545 0 548 796 755 0 139 581 612 355 1 975 0 263 845 798 467 912 395 0 673 382 0 604 712 299 543 0 0 652 777 0 222 702 210 0 184 944 664 0 939 476 176 0 872 844 311 239 571 384 0 160 848 0 332 75 68 534 388 584 0 939 799 105 100 999 473 120 0 134 119 999 933 337 430 0 336 641 340 651 879 177 841 954 954 100 606 0 0 0 864 230 220 251 586 371 0 40 196 934 540 533 500 57 446 830 
157 0 512 882 658 480 688 754 144 0 332 235 363 274 780 489 554 829 524 357 0 596 670 0 393 0 873 71 112 638 482 0 260 431 432 0 296 74 645 0 233 502 957 0 931 75 155 897 437 37 354 123 584 55 421 665 670 0 0 258 722 683 442 0 182 529 811 721 96 0 0 250 410 0 867 921 729 90 0 457 166 693 0 840 476 707 771 76 545 0 0 955 0 841 0 0 833 14 184 560 784 496 312 527 0 617 10 484 0 128 760 403 
284 448 789 287 520 461 366 320 992 0 540 0 918 572 28 983 992 994 328 456 990 451 234 988 0 0 83 814 895 0 531 0 109 450 314 677 393 226 0 144 633 663 915 137 0 799 817 686 573 580 808 998 612 983 0 0 0 191 844 102 586 724 536 843 645 894 384 936 888 0 71 502 796 562 0 0 645 476 190 0 876 345 303 0 0 985 93 666 303 0 868 875 126 708 864 833 0 620 593 117 494 515 807 521 0 63 545 223 182 465 0 29 
834 0 395 488 0 306 422 511 0 869 234 0 51 0 931 0 666 731 825 124 0 8 609 756 895 973 344 907 909 129 543 0 247 431 596 489 962 694 357 458 991 497 56 0 16 677 130 513 0 390 708 2 113 838 578 719 426 0 79 816 0 310 811 670 705 0 865 380 363 0 841 569 72 0 425 59 484 344 743 758 0 0 0 483 0 921 739 754 0 768 434 928 47 929 230 14 620 0 0 609 0 0 412 220 0 963 824 204 0 102 152 0 
277 19 377 0 400 208 40 721 224 0 0 63 0 0 288 597 0 0 438 92 49 914 815 956 53 969 0 157 889 0 0 0 959 845 921 348 0 517 0 690 366 772 123 55 460 0 855 0 992 0 720 322 978 252 389 692 404 268 910 0 628 0 679 0 50 0 455 546 241 0 0 0 877 24 919 0 702 56 187 0 0 0 0 0 427 227 807 278 131 521 527 0 491 0 220 184 593 0 0 778 0 738 0 884 617 0 137 837 860 169 628 804 
182 0 17 968 389 432 243 0 458 0 0 0 77 10 593 0 600 824 454 762 0 512 836 0 0 701 0 85 9 319 332 971 912 339 669 206 323 0 0 107 763 0 0 827 872 591 0 400 42 420 19 29 949 136 48 0 899 249 792 0 434 952 194 415 495 624 783 401 48 1 433 0 139 193 732 988 0 489 703 939 834 878 742 58 648 934 0 619 886 0 0 112 692 926 251 560 117 609 778 0 832 159 558 901 547 129 870 619 0 0 0 931 
412 907 638 724 755 962 999 210 101 60 530 218 69 0 0 0 899 231 328 944 714 747 733 0 153 0 0 373 806 463 146 560 0 479 581 532 451 688 264 646 913 376 0 0 974 167 0 0 184 910 145 864 0 286 458 0 532 0 0 0 400 407 0 0 0 0 71 746 992 802 0 0 568 560 727 0 698 0 0 185 0 0 642 280 467 714 891 625 645 557 0 94 303 699 586 784 494 0 0 832 0 0 16 0 728 0 494 0 800 262 0 870 
912 98 348 0 250 917 0 0 89 0 186 502 758 497 188 347 413 547 651 330 706 639 652 757 885 446 710 89 742 230 53 127 429 264 0 685 470 0 114 362 0 494 8 780 985 0 0 245 325 45 960 916 199 890 0 683 0 0 308 0 324 433 0 235 9 343 661 0 0 0 17 134 225 295 445 766 899 375 0 907 916 748 875 786 273 407 0 144 0 814 30 528 255 0 371 496 515 0 738 159 0 0 575 439 661 79 179 751 188 873 321 775 
522 863 0 610 121 455 0 775 698 0 38 31 0 879 971 612 439 305 799 468 773 659 0 507 491 0 944 602 338 684 885 376 592 145 788 21 988 929 161 974 0 0 354 872 0 911 0 0 921 933 0 603 437 685 572 0 0 367 489 801 239 0 230 240 584 231 0 0 727 396 556 19 317 534 257 559 0 535 173 907 79 140 0 536 316 773 909 214 394 139 510 0 737 0 0 312 807 412 0 558 16 575 0 667 0 501 760 480 0 547 650 164 
0 403 559 0 668 3 0 221 308 0 0 706 21 454 464 356 0 532 238 844 112 0 0 604 786 576 969 797 0 0 0 531 0 553 892 256 0 712 804 465 345 482 64 414 0 65 745 740 960 943 777 322 607 547 933 0 249 0 515 191 794 0 525 890 184 140 0 177 302 738 0 0 636 582 0 868 52 112 0 515 411 142 931 0 0 0 572 928 0 0 495 981 413 0 40 527 521 220 884 901 0 439 667 0 0 0 829 666 0 423 948 885 
