0 243 0 545 0 424 0 264 229 310 610 961 625 710 299 589 488 770 394 703 532 0 421 555 848 0 99 418 0 0 662 219 458 0 904 347 510 273 472 105 714 0 51 808 663 792 594 78 0 585 578 980 0 63 248 537 880 0 0 545 637 692 904 0 340 894 89 548 949 171 292 997 877 0 449 0 635 503 270 413 395 822 896 620 107 6 11 369 95 0 613 0 73 0 0 530 632 353 0 567 0 871 958 673 327 24 76 944 0 549 303 373 206 0 0 276 973 767 449 389 678 288 689 858 860 0 0 252 0 365 621 551 0 227 146 582 991 93 676 31 452 328 830 336 303 244 835 0 155 691 0 862 330 0 391 915 225 425 529 450 0 128 486 0 656 139 0 0 906 859 240 900 371 286 181 0 796 866 0 429 318 666 277 0 0 978 717 0 0 599 667 452 0 605 454 921 0 69 926 358 147 0 885 0 570 364 0 0 673 49 310 594 304 0 688 738 0 278 0 488 413 21 0 673 0 49 0 343 137 497 0 757 0 0 994 970 883 0 504 654 0 374 438 241 269 372 0 190 725 172 616 0 233 777 886 0 581 0 0 814 0 669 0 0 185 300 229 255 318 842 0 188 39 0 471 0 0 839 385 0 902 287 0 83 894 997 0 
243 0 0 624 320 653 465 0 0 572 0 415 823 671 391 0 0 312 3 886 0 589 532 254 300 608 28 325 590 0 0 735 46 0 591 301 0 156 631 106 0 951 521 891 240 0 21 443 368 807 597 0 485 774 144 0 902 0 311 0 913 11 893 917 0 270 485 0 65 0 847 750 137 491 0 0 354 0 108 246 0 727 520 387 0 71 449 440 643 944 20 853 537 672 0 63 740 935 146 178 285 554 854 901 828 552 0 473 67 544 0 865 705 750 442 0 0 931 713 0 308 39 0 105 222 0 0 178 293 896 993 435 378 568 979 0 0 790 683 458 0 0 708 502 72 799 50 313 586 288 935 323 103 902 0 0 68 508 43 595 0 71 454 269 28 331 472 30 266 0 691 0 39 654 229 282 904 295 614 0 682 21 992 288 65 513 679 0 224 809 80 0 360 0 930 606 462 241 0 734 9 0 0 266 788 0 0 815 379 0 881 0 408 363 242 0 215 992 540 517 0 531 960 272 0 850 278 781 214 58 0 579 0 19 380 174 907 0 466 907 561 0 15 592 440 412 402 71 0 850 914 148 347 946 666 606 0 479 480 0 588 830 0 434 92 982 207 114 970 0 0 0 0 0 578 211 770 0 407 610 954 788 803 0 513 0 854 
0 0 0 235 170 609 8 6 910 396 570 911 437 601 68 296 362 0 864 0 0 405 467 0 646 191 942 0 938 722 554 0 190 0 0 83 256 0 569 744 414 864 185 0 563 496 247 0 0 0 326 633 869 538 713 786 0 0 889 680 0 536 511 551 0 2 852 709 474 0 62 0 276 141 549 0 127 0 347 0 479 678 304 546 806 435 374 0 958 909 597 46 469 147 36 553 0 185 106 773 234 176 219 392 467 933 0 0 73 845 570 0 776 88 144 273 264 886 443 433 326 0 318 43 983 0 0 214 462 638 494 499 0 102 146 936 714 645 267 998 159 399 26 0 903 995 792 682 0 0 644 0 0 16 956 516 364 0 657 0 791 0 0 20 705 719 759 796 2 405 0 316 732 0 418 800 338 585 839 0 558 118 95 0 524 942 273 0 337 338 0 651 970 0 39 41 422 789 587 0 882 79 28 774 192 0 0 238 851 922 349 591 399 748 938 38 502 866 402 583 524 424 455 0 0 131 559 477 650 235 261 360 127 621 228 980 560 130 449 470 40 603 819 198 0 59 0 430 737 645 18 37 0 527 0 0 427 94 820 0 886 422 612 0 489 995 0 595 101 0 673 0 189 0 307 0 301 999 318 718 470 70 113 82 0 854 971 
545 624 235 0 862 275 529 503 0 949 412 86 991 0 943 304 140 108 319 973 0 773 295 0 66 873 45 999 181 0 0 0 0 480 811 442 0 0 101 471 353 547 0 221 869 768 211 508 0 415 289 505 958 0 345 0 672 0 324 0 0 132 172 0 184 912 251 719 832 0 383 799 97 0 0 795 282 0 0 23 239 975 318 0 311 0 0 603 29 0 0 0 0 883 90 0 0 847 871 208 211 190 0 0 708 767 959 582 0 762 903 0 0 0 300 0 0 785 686 6 0 0 126 0 536 0 705 924 198 920 10 990 872 225 105 927 578 810 49 0 448 421 523 138 616 547 707 448 91 223 601 121 0 499 338 568 494 147 230 960 977 211 0 0 0 829 725 9 0 515 257 970 806 588 301 16 786 760 249 0 261 0 683 867 0 687 805 0 350 800 0 180 351 780 497 367 499 645 153 0 445 697 216 762 366 0 673 344 0 0 0 0 277 444 381 56 318 885 704 824 471 0 9 0 44 249 632 0 177 373 2 406 459 604 0 263 15 510 952 595 0 0 0 126 253 441 686 153 496 338 751 0 726 140 549 705 204 632 0 272 879 0 288 600 892 210 0 275 966 141 106 204 289 0 462 825 0 729 801 220 962 884 0 176 873 863 0 
0 320 170 862 0 0 485 177 767 882 364 893 679 997 471 86 0 206 134 462 81 9 325 694 574 0 328 844 15 11 836 746 246 0 0 785 679 0 0 726 278 729 944 228 479 101 0 802 750 656 226 624 0 0 0 615 395 0 858 635 361 600 0 0 122 963 355 688 696 698 0 755 76 43 153 233 502 988 702 844 319 680 480 268 483 0 0 813 0 999 0 427 158 0 829 265 862 85 424 0 359 341 351 600 315 322 0 990 317 975 332 481 79 272 531 514 468 329 491 357 728 12 686 0 298 0 589 0 107 686 0 547 23 218 109 200 345 131 0 269 334 661 656 0 0 0 695 48 0 0 0 706 0 97 0 0 330 727 564 102 178 42 207 552 20 626 809 716 520 807 943 824 885 800 810 474 667 223 249 843 870 356 511 981 52 0 968 875 0 246 660 424 0 0 72 0 947 0 0 329 0 375 0 78 25 967 0 0 889 172 423 891 912 754 0 0 100 0 747 403 878 684 0 0 223 40 527 125 475 830 307 0 0 0 710 0 413 850 991 803 885 0 225 591 0 0 874 555 233 155 542 754 8 365 527 994 865 0 467 845 620 616 213 29 0 611 0 653 341 357 696 0 0 662 881 580 0 840 748 717 0 296 635 307 0 102 324 
424 653 609 275 0 0 287 54 387 499 350 858 75 207 125 106 160 441 951 0 0 0 287 228 594 469 352 685 0 464 0 29 27 386 213 868 767 126 567 733 162 0 559 0 959 437 746 129 0 0 938 439 982 780 990 782 0 0 227 261 0 590 491 281 422 344 0 494 797 163 387 633 0 0 65 0 574 0 379 7 831 698 798 0 10 309 809 108 0 415 0 0 82 717 326 547 841 0 335 227 0 628 890 0 982 0 204 817 262 561 495 239 690 0 269 612 915 0 504 345 0 554 789 152 0 282 0 627 397 0 198 350 0 0 694 0 0 0 130 386 116 0 750 54 612 386 0 70 0 107 848 551 772 387 0 891 989 508 4 971 948 285 772 0 0 40 976 788 448 0 0 811 361 624 934 53 93 260 977 159 168 549 19 744 748 0 14 996 417 0 861 0 0 776 939 0 572 772 0 736 0 0 203 937 703 0 68 774 98 135 0 71 0 750 500 0 0 582 756 271 463 413 461 126 235 680 786 0 763 916 0 889 582 944 240 0 401 667 591 29 0 0 0 592 0 691 548 627 703 424 0 198 611 670 15 990 0 6 0 590 579 428 575 825 389 0 333 292 0 266 870 367 326 177 0 13 0 74 734 482 190 248 0 822 513 0 868 
0 465 8 529 485 287 0 0 609 0 23 115 326 358 708 439 904 0 671 806 0 365 436 0 944 353 0 0 762 0 980 0 0 0 633 878 450 651 697 986 0 397 289 476 900 789 0 812 740 732 0 0 707 0 872 845 950 396 0 0 427 294 0 713 21 107 0 401 772 783 985 810 55 0 199 0 260 308 992 695 557 0 855 954 291 0 793 810 450 0 520 648 488 14 27 614 58 6 676 0 0 691 0 257 332 0 0 562 648 0 953 469 0 457 0 0 767 0 534 290 288 705 772 59 0 207 58 851 582 808 171 0 820 644 0 292 362 846 178 123 0 0 0 388 0 845 0 375 843 0 65 356 295 55 0 370 148 545 933 0 223 238 0 609 0 714 414 325 278 974 0 0 0 0 0 441 5 377 0 678 8 0 660 0 705 279 859 292 851 0 581 325 602 0 588 583 0 0 722 789 0 0 59 643 150 0 551 404 813 195 475 77 0 554 0 970 0 698 0 66 757 330 88 0 660 710 0 0 0 0 43 0 0 208 270 0 119 548 4 0 0 757 702 867 970 652 644 0 0 0 927 0 0 876 385 467 621 73 0 749 181 465 503 0 524 0 100 0 0 522 0 0 0 868 41 977 0 786 206 36 896 144 339 469 0 164 405 
264 0 6 503 177 54 0 0 348 0 0 0 46 0 0 948 0 678 174 660 554 467 0 725 245 408 527 0 72 0 826 552 56 781 435 0 437 870 68 995 286 391 0 74 0 868 0 434 0 190 907 252 638 0 0 910 415 0 517 380 0 647 0 563 500 0 500 159 876 983 0 0 260 889 306 508 823 0 746 0 0 846 844 509 0 937 0 63 774 0 0 0 0 465 758 0 0 985 377 681 71 496 0 122 416 0 920 489 0 280 95 204 590 978 117 920 0 927 518 940 720 0 0 398 225 255 489 0 394 0 299 147 886 400 0 964 827 530 159 0 687 15 0 407 741 0 322 420 215 545 455 658 0 16 75 973 0 206 572 904 473 769 960 0 384 588 807 0 0 101 153 933 771 223 654 918 749 610 0 0 293 0 0 415 0 124 615 0 562 820 276 0 536 928 793 285 820 495 348 737 16 0 317 271 398 778 841 117 0 162 288 656 634 73 0 0 347 999 410 0 747 0 198 467 300 597 778 326 351 113 0 618 185 716 0 0 215 0 695 109 483 752 42 211 866 0 532 592 0 265 143 0 424 494 0 333 811 920 0 0 0 531 0 290 0 347 0 292 0 103 950 384 0 325 884 108 352 0 0 0 0 626 474 0 479 0 219 
229 0 910 0 767 387 609 348 0 292 0 0 25 919 206 70 0 565 0 58 266 935 306 0 581 43 0 0 0 811 0 0 177 501 0 831 0 73 369 355 638 0 0 804 155 0 460 0 0 0 390 997 0 877 169 147 661 812 50 0 840 774 54 798 0 0 790 68 838 0 513 82 156 298 0 0 768 669 785 309 587 714 73 900 0 808 436 429 849 606 646 673 926 170 0 955 0 719 383 325 981 888 0 423 41 75 0 0 120 0 566 834 317 0 0 0 21 401 0 0 290 384 936 26 571 447 199 668 165 88 356 290 493 861 140 860 0 871 629 823 902 0 88 0 399 0 603 0 781 0 769 213 464 0 94 0 779 954 606 0 468 64 675 503 535 446 166 288 693 739 827 407 232 761 341 0 81 0 250 0 832 0 861 0 0 244 338 0 0 0 575 320 0 515 273 255 718 464 0 438 482 589 308 433 0 763 946 933 948 40 154 0 451 20 0 726 292 571 437 0 951 0 432 0 156 362 634 989 0 0 6 0 0 554 71 0 225 349 208 4 0 548 0 0 0 820 0 234 58 677 0 726 417 60 745 253 619 0 151 239 398 658 129 0 478 0 0 0 751 678 613 0 612 661 0 299 0 0 508 52 847 701 158 0 523 874 818 
310 572 396 949 882 499 0 0 292 0 975 0 255 0 0 0 343 406 721 242 0 853 504 0 373 0 926 674 355 555 789 46 373 0 821 252 0 0 487 339 988 253 0 158 773 179 694 8 837 286 273 0 11 724 0 566 0 761 339 250 57 624 665 0 865 0 812 422 845 0 0 935 321 397 420 681 288 727 563 464 94 243 0 0 0 0 0 279 168 0 461 0 110 201 533 636 23 0 672 170 396 968 802 732 550 710 895 0 5 211 0 602 374 0 619 774 433 0 0 0 0 364 0 0 284 543 413 301 199 838 244 528 0 224 846 418 312 223 0 0 171 906 73 0 0 846 0 324 320 0 373 0 37 391 324 0 783 878 210 316 263 827 163 257 0 510 819 0 0 705 0 289 153 154 603 65 949 542 353 939 669 726 915 0 33 446 137 496 0 0 34 175 279 834 0 998 390 268 113 907 653 0 0 450 0 411 404 616 865 866 0 77 726 283 0 626 0 600 0 267 0 869 355 177 700 329 0 99 509 503 661 598 0 1 0 0 207 446 0 0 578 725 728 462 0 409 0 338 654 0 917 27 166 0 723 0 344 451 548 0 876 954 679 0 0 0 814 0 0 802 466 299 290 94 435 292 408 14 251 874 58 0 518 699 865 471 248 
610 0 570 412 364 350 23 0 0 975 0 0 96 0 795 929 978 130 533 484 536 260 0 679 692 868 267 396 468 561 3 0 558 88 268 634 861 734 0 447 898 553 114 633 61 323 121 0 0 453 326 988 984 784 696 0 8 786 196 697 152 185 315 643 584 0 0 992 0 0 0 200 529 658 881 142 0 452 0 6 919 0 757 618 466 423 171 0 401 0 0 957 780 0 829 0 293 316 967 77 451 0 0 520 857 0 551 421 561 330 628 295 36 119 612 1 0 0 0 29 0 827 81 396 0 0 551 631 568 831 381 875 70 13 92 606 928 0 14 267 397 609 454 557 784 0 300 470 584 204 213 916 0 0 0 0 340 575 0 287 615 517 904 892 794 60 0 355 0 317 825 491 0 353 356 0 284 545 0 667 661 392 951 276 952 0 456 621 222 276 342 916 564 398 293 932 215 673 0 427 496 512 143 0 0 46 0 527 585 954 0 0 163 403 284 404 708 0 641 488 947 495 782 0 179 645 63 405 599 352 0 233 607 274 706 472 0 0 0 0 0 513 736 200 610 0 0 0 361 748 622 216 0 0 888 813 774 706 581 0 831 538 462 60 565 0 976 0 0 0 996 678 0 358 603 868 744 56 0 198 445 354 0 438 971 978 954 
961 415 911 86 893 858 115 0 0 0 0 0 0 788 323 627 169 0 696 250 644 0 433 310 267 0 528 946 304 0 209 117 40 130 642 0 727 907 8 38 0 671 31 0 461 560 791 0 320 351 892 801 323 759 258 787 203 272 0 185 0 320 82 0 3 0 0 495 870 824 953 537 510 218 774 0 936 110 0 979 0 795 0 157 0 535 628 194 0 947 284 796 604 692 133 464 0 729 133 349 0 0 0 0 660 833 43 800 0 354 881 789 833 744 384 256 161 0 967 387 876 83 736 226 245 279 700 94 955 373 269 871 370 483 0 0 279 249 664 943 869 436 0 877 601 0 202 306 477 935 779 930 416 0 210 772 0 0 921 0 9 782 702 0 0 7 0 710 892 0 433 0 0 0 726 144 788 0 818 0 603 4 727 230 67 404 5 76 729 0 0 0 870 971 0 333 125 0 571 971 742 642 200 446 357 644 438 668 0 645 573 0 0 357 83 828 692 661 0 0 0 621 951 279 107 291 513 773 0 0 12 622 956 528 0 275 968 202 668 115 455 12 634 646 833 53 0 0 73 162 176 0 229 131 519 37 0 0 704 0 0 0 632 162 701 375 0 545 0 532 0 141 419 179 0 0 821 753 0 0 608 0 301 365 917 673 961 
625 823 437 991 679 75 326 46 25 255 96 0 0 9 970 888 549 715 862 652 614 0 504 789 22 94 322 793 0 58 878 839 0 217 13 854 156 0 322 331 389 0 0 159 0 0 614 300 686 906 125 719 0 996 499 766 192 368 869 0 230 880 13 110 0 0 0 0 159 641 560 502 876 628 222 394 263 0 271 363 693 1 0 813 641 443 0 0 698 597 43 672 732 352 79 991 492 482 430 0 254 0 101 0 474 193 0 0 238 0 180 339 195 51 244 236 52 688 612 720 43 648 616 62 437 310 275 107 484 0 269 513 0 0 657 413 643 110 773 667 141 143 0 283 391 510 92 181 628 19 0 978 431 207 581 769 793 229 22 0 18 703 0 905 0 0 0 0 0 994 931 406 437 0 960 677 639 103 806 446 695 542 705 726 780 307 545 510 214 345 0 79 300 691 273 429 236 0 239 0 0 865 0 633 432 89 318 737 246 589 627 255 111 0 619 319 0 0 0 0 552 0 167 634 826 0 111 205 714 344 0 0 4 185 655 967 833 999 790 563 0 532 246 872 467 176 558 57 147 337 0 0 997 140 734 832 959 557 0 0 0 875 537 700 0 0 0 0 198 49 0 292 141 724 389 412 573 497 0 0 781 0 0 173 353 0 302 
710 671 601 0 997 207 358 0 919 0 0 788 9 0 549 604 100 634 329 310 573 195 988 0 278 523 981 718 310 405 61 0 110 908 164 772 428 26 771 0 171 0 798 116 601 592 924 705 0 558 358 879 0 582 0 773 157 53 683 613 0 917 337 638 196 800 0 501 461 151 187 671 129 842 187 491 0 439 157 0 326 121 0 508 493 354 977 454 251 370 0 658 667 0 0 0 53 678 486 0 982 282 996 36 0 319 772 603 336 824 334 0 0 363 0 41 828 0 353 186 0 770 0 433 0 0 833 0 195 0 83 0 0 171 937 0 821 567 259 402 859 832 0 258 923 353 79 941 799 937 0 594 304 460 97 997 0 837 221 509 488 0 813 0 317 0 232 499 734 542 962 0 850 0 686 641 119 558 63 422 647 980 659 965 0 584 701 541 0 171 448 961 627 919 0 824 0 620 893 140 60 546 576 32 676 954 0 63 763 419 679 45 871 82 0 295 0 688 514 352 605 958 374 0 268 245 120 0 727 19 993 0 831 0 0 589 445 0 139 0 0 0 0 844 794 335 572 977 138 812 0 998 700 935 0 0 999 214 875 987 0 965 266 546 100 749 88 397 822 983 478 909 0 0 931 247 0 0 479 852 301 512 0 757 22 517 291 
299 391 68 943 471 125 708 0 206 0 795 323 970 549 0 0 386 280 629 200 530 893 327 653 132 895 112 0 747 350 827 639 220 92 0 96 212 0 353 148 0 946 0 7 932 869 23 494 749 0 0 640 548 640 0 592 434 942 934 363 179 866 942 163 492 51 0 0 184 0 845 0 943 191 694 0 758 0 97 0 0 795 751 0 835 947 179 583 101 0 688 0 284 445 724 0 0 0 433 811 383 186 0 375 916 34 949 40 0 972 0 455 0 616 68 896 467 585 0 0 429 684 0 0 174 505 22 325 316 515 287 0 80 669 281 0 0 783 584 18 925 259 486 0 213 0 363 613 619 973 286 45 0 203 0 471 727 0 121 621 920 574 469 154 0 432 0 203 161 58 112 0 906 268 0 41 591 946 806 395 105 969 951 674 0 0 551 0 589 141 114 775 724 0 197 405 0 0 272 609 0 892 641 792 0 902 851 165 0 713 0 0 0 975 0 256 951 977 14 861 0 0 974 0 177 593 0 170 378 0 215 442 290 648 593 248 860 349 0 887 186 267 304 695 989 685 829 399 255 0 253 617 604 0 306 806 0 493 286 585 497 184 142 0 672 539 215 282 362 54 645 928 473 31 229 0 0 866 495 75 703 973 109 490 179 0 544 
589 0 296 304 86 106 439 948 70 0 929 627 888 604 0 0 590 280 0 476 0 831 165 525 355 754 165 346 806 517 890 514 935 193 0 0 560 153 597 129 0 915 512 0 320 800 0 552 670 327 678 868 700 507 0 105 558 378 0 960 0 230 385 0 0 761 583 886 820 362 719 517 858 0 335 474 608 500 0 0 20 737 320 331 0 0 121 682 311 935 0 932 683 0 827 0 0 72 630 981 890 269 0 662 326 0 357 958 0 382 301 210 862 686 373 3 45 201 244 453 0 247 170 995 217 300 57 206 647 69 304 0 0 118 0 817 0 180 818 308 621 531 0 938 333 0 149 0 752 88 98 0 523 362 288 615 0 0 201 8 0 0 180 601 893 647 0 0 150 76 0 514 0 153 12 0 175 0 0 0 758 0 59 503 813 89 506 422 285 628 0 0 182 116 648 515 137 649 490 0 195 567 431 532 981 0 130 710 811 271 0 571 0 0 106 464 0 405 0 0 160 617 0 775 379 90 0 0 792 682 0 544 490 396 236 414 0 118 49 481 199 693 934 337 0 256 376 0 0 188 482 931 877 0 349 809 512 0 278 517 594 507 898 207 0 173 983 0 0 738 924 0 436 0 983 0 0 302 913 134 362 986 937 852 0 939 963 
488 0 362 140 0 160 904 0 0 343 978 169 549 100 386 590 0 495 0 439 555 357 321 52 28 50 158 0 918 0 367 35 0 199 437 311 488 0 0 512 431 0 900 795 431 432 571 287 0 334 0 21 165 264 315 446 731 360 788 0 95 0 425 0 509 693 63 0 436 0 0 381 265 0 0 72 290 181 224 209 335 232 0 942 522 400 118 766 110 275 648 469 17 0 535 269 527 0 0 352 240 729 752 158 0 553 0 854 0 0 348 558 0 860 338 609 763 926 436 459 794 747 459 0 163 391 888 877 928 630 160 58 934 0 0 354 338 976 976 85 706 126 544 785 73 0 237 0 377 926 969 0 667 196 0 0 163 0 0 0 0 0 712 0 0 401 9 786 0 258 429 0 133 0 0 309 350 237 990 0 7 0 181 0 978 229 691 273 0 27 374 654 0 530 748 512 553 850 176 207 413 0 0 519 524 18 0 319 812 0 735 477 735 912 0 0 982 163 0 436 358 902 104 268 0 0 524 345 872 0 302 0 947 0 291 469 730 667 408 782 710 276 0 466 0 0 577 521 297 180 413 0 446 17 225 453 209 117 288 350 0 903 121 0 583 412 863 56 508 666 843 516 0 64 606 962 77 0 0 0 0 619 718 553 0 231 0 
770 312 0 108 206 441 0 678 565 406 130 0 715 634 280 280 495 0 673 546 0 815 154 0 414 232 441 356 865 178 0 815 173 255 0 403 188 828 0 657 822 0 0 0 325 748 42 0 970 678 841 987 616 0 118 0 46 0 510 272 641 0 0 742 716 0 175 512 881 20 604 701 765 82 621 0 918 0 318 866 0 654 854 0 0 0 728 739 251 311 0 757 810 137 0 394 780 673 0 121 18 720 0 39 821 248 75 602 604 770 379 0 822 0 784 0 328 479 0 0 209 608 537 57 498 835 585 652 783 102 414 910 183 695 708 539 569 382 84 632 4 722 403 645 716 603 0 212 0 52 702 0 136 976 0 113 885 816 91 150 942 290 0 0 535 719 429 263 0 0 998 0 0 502 0 82 0 345 947 886 37 122 961 222 0 146 243 313 559 905 669 799 0 789 583 0 997 827 958 490 880 193 0 183 397 0 300 0 869 649 0 851 0 544 697 282 30 157 0 429 0 700 0 832 0 772 0 759 214 0 970 543 0 0 45 0 384 87 0 408 638 91 0 373 471 0 0 0 600 766 20 83 838 275 259 279 0 0 805 202 806 147 0 546 0 499 391 2 365 427 0 249 634 72 778 648 0 949 444 568 655 860 375 250 565 519 720 
394 3 864 319 134 951 671 174 0 721 533 696 862 329 629 0 0 673 0 0 0 886 105 0 795 346 578 812 749 0 631 0 923 259 611 0 0 501 708 988 891 410 576 828 541 245 86 0 638 890 0 247 820 145 779 658 364 417 0 648 951 84 0 0 212 0 147 994 0 610 407 46 859 102 176 762 256 575 585 0 109 0 600 0 197 724 532 941 0 847 0 512 701 497 581 803 436 240 956 0 459 461 203 51 0 520 216 486 0 999 571 498 151 0 403 750 382 425 714 0 262 681 0 79 785 27 0 41 0 644 59 975 0 207 670 949 261 526 0 698 673 876 0 803 278 932 222 0 852 724 291 0 847 0 0 120 0 0 149 983 363 30 587 952 0 541 162 412 897 181 614 0 0 91 53 467 31 72 866 859 148 0 769 795 898 0 0 296 0 668 0 0 447 91 0 0 0 953 550 213 206 662 53 153 0 0 0 727 0 677 921 704 0 68 556 0 904 590 996 769 809 119 0 0 998 0 254 274 72 0 632 281 0 0 651 226 406 469 534 974 0 312 0 0 0 190 968 386 238 747 491 386 0 354 0 140 822 0 0 739 928 0 855 878 0 833 28 378 0 532 277 623 666 854 643 108 0 925 445 0 65 660 989 0 600 122 252 
703 886 0 973 462 0 806 660 58 242 484 250 652 310 200 476 439 546 0 0 378 0 0 0 121 343 942 645 798 380 0 515 949 488 153 873 204 33 0 732 260 185 0 789 0 345 363 0 0 621 34 439 585 276 6 0 868 0 824 811 112 136 0 839 0 249 912 56 154 606 130 235 0 989 889 419 715 815 918 0 569 0 833 0 0 773 972 598 857 8 0 633 852 649 154 48 0 273 0 81 0 969 895 879 182 164 0 180 586 918 825 781 133 821 484 716 399 335 296 0 0 42 0 0 0 440 0 674 96 259 0 245 0 476 618 879 682 496 731 350 176 774 503 6 418 70 0 699 386 290 588 0 228 109 557 830 294 816 259 0 91 438 171 0 483 507 869 773 516 0 0 0 9 237 717 886 210 446 597 86 0 0 395 751 0 44 0 652 0 475 122 310 297 132 684 690 127 907 589 466 0 0 413 0 970 828 815 652 909 0 128 6 888 124 968 0 813 0 0 368 70 227 595 64 0 0 980 604 658 740 329 968 0 863 954 735 427 459 238 0 29 859 71 902 829 341 95 0 0 402 0 368 0 837 251 311 0 865 660 536 0 656 472 933 229 0 0 843 0 27 0 524 537 786 652 934 381 611 357 634 30 24 255 0 681 824 0 
532 0 0 0 81 0 0 554 266 0 536 644 614 573 530 0 555 0 0 378 0 0 838 131 33 0 0 0 255 881 0 234 211 5 437 196 28 116 0 608 985 490 896 246 610 188 824 767 875 358 581 0 540 402 0 0 597 360 0 0 370 820 887 147 500 189 863 0 522 841 0 0 354 451 316 908 311 649 0 47 503 379 498 666 0 0 0 186 698 0 810 627 0 44 316 127 751 388 832 854 577 850 0 117 425 612 783 170 0 0 0 598 341 0 555 90 18 70 0 465 152 0 313 150 116 832 98 0 121 347 368 0 842 435 799 293 18 343 0 303 715 478 0 188 709 523 370 234 0 0 564 428 0 298 316 770 284 0 0 372 288 936 223 0 839 296 0 589 0 583 12 199 58 117 400 27 929 0 0 36 0 877 350 895 466 0 892 123 621 724 811 448 851 0 40 491 0 351 388 0 559 0 848 885 351 0 0 337 981 8 0 311 0 758 291 433 9 508 226 656 0 941 0 0 527 534 177 0 523 0 182 699 582 64 945 0 0 0 422 165 564 169 686 458 232 650 312 866 854 39 28 0 939 247 624 250 0 373 530 753 0 0 568 0 26 678 680 618 889 667 61 67 571 761 0 781 418 157 0 0 943 650 84 106 834 278 685 
0 589 405 773 9 0 365 467 935 853 260 0 0 195 893 831 357 815 886 0 0 0 480 776 484 170 938 778 0 47 873 40 336 687 0 534 0 0 982 660 297 626 968 0 0 825 398 545 400 912 0 275 0 105 40 0 261 497 886 660 605 509 215 532 642 554 185 871 525 203 455 0 692 604 168 182 0 192 205 197 0 683 49 504 0 0 13 677 1 0 0 529 264 0 0 356 943 733 86 418 0 0 116 0 0 696 0 902 395 618 933 324 0 874 387 0 871 623 257 0 666 598 24 0 366 327 571 0 884 903 104 749 53 926 389 693 485 184 756 0 0 374 516 972 513 275 247 0 0 934 613 766 0 477 488 218 555 642 0 514 0 32 717 767 146 100 0 0 594 0 180 0 304 0 599 0 537 352 842 70 671 860 273 0 495 459 807 0 503 558 467 0 215 285 95 271 611 549 465 628 923 289 67 673 532 0 372 178 373 477 384 937 809 734 708 15 0 429 376 772 961 0 0 769 0 0 443 463 565 55 444 462 0 604 0 535 299 0 0 0 971 246 616 0 0 0 687 796 670 324 327 964 33 149 587 0 721 234 331 959 95 138 555 0 630 430 593 300 545 0 0 986 841 222 990 0 554 647 159 202 764 697 132 0 0 443 387 
421 532 467 295 325 287 436 0 306 504 0 433 504 988 327 165 321 154 105 0 838 480 0 309 763 26 97 416 775 7 972 914 559 735 0 816 0 43 0 878 490 602 922 0 4 0 530 925 298 848 460 725 0 770 0 677 456 374 283 319 763 0 27 0 299 451 692 874 880 384 830 608 822 202 867 0 424 431 980 195 57 557 85 0 0 119 472 350 330 0 582 635 0 0 483 24 0 32 0 678 120 861 183 610 0 168 414 646 266 406 358 785 921 701 386 391 593 985 0 0 0 343 636 539 332 960 6 71 0 679 906 137 758 23 808 656 84 47 89 726 82 16 114 0 203 308 418 956 675 320 224 610 0 831 0 0 151 10 983 0 990 483 0 654 819 73 228 0 955 594 0 0 0 374 98 0 510 0 185 0 0 698 429 14 0 0 403 0 101 324 487 549 0 251 834 262 553 262 413 0 137 990 367 922 0 0 0 0 504 310 153 0 0 10 841 253 784 0 161 114 934 811 0 779 453 157 920 0 0 571 596 647 174 808 319 0 80 632 393 0 694 236 766 99 0 747 510 317 990 348 304 296 563 125 840 0 961 0 749 906 119 713 84 298 175 0 334 476 413 76 374 532 827 979 0 991 0 774 0 0 736 101 476 0 0 296 673 
555 254 0 0 694 228 0 725 0 0 679 310 789 0 653 525 52 0 0 0 131 776 309 0 429 671 260 0 695 493 0 0 313 413 987 439 291 906 218 528 0 0 47 90 0 892 956 573 0 510 252 0 96 917 325 109 56 360 757 405 568 710 434 860 5 839 162 666 244 0 720 774 0 792 497 401 343 957 962 559 952 914 570 216 631 0 290 0 830 59 0 0 0 0 298 868 790 358 787 95 0 122 199 659 909 965 585 0 408 0 0 134 240 194 844 0 373 0 924 899 0 0 735 910 0 57 837 197 457 830 509 0 33 0 681 0 295 136 0 681 2 546 207 321 0 0 213 24 886 129 766 193 12 227 273 735 0 804 745 337 664 0 884 553 380 825 150 570 862 50 856 561 0 304 225 500 192 992 149 0 342 436 554 965 211 0 0 451 0 0 689 58 57 414 81 753 46 0 468 703 316 0 0 0 601 0 86 766 0 40 382 0 104 123 0 723 142 0 0 128 309 661 969 671 4 876 23 797 997 125 0 373 806 704 71 0 404 350 543 590 0 213 258 939 0 702 0 117 238 442 218 719 752 619 743 601 781 953 131 417 0 596 0 463 389 416 0 72 0 962 132 0 0 935 144 0 380 349 0 123 0 38 620 566 899 807 664 
848 300 646 66 574 594 944 245 581 373 692 267 22 278 132 355 28 414 795 121 33 484 763 429 0 0 574 804 16 0 0 679 65 231 618 953 844 904 126 0 831 450 0 0 581 192 111 256 438 618 0 328 721 0 40 980 0 462 0 169 845 732 865 597 696 0 926 8 0 166 545 784 566 812 0 0 0 820 671 666 0 365 466 614 0 884 0 436 830 569 437 170 608 0 250 627 982 643 547 0 811 874 0 0 863 656 156 222 79 952 0 134 9 778 478 233 0 0 0 337 419 0 0 737 424 730 0 52 299 149 855 0 760 464 0 0 94 423 948 441 45 461 848 580 30 575 531 966 0 559 852 580 0 265 0 887 995 614 608 252 871 591 179 957 316 961 32 567 710 0 846 655 0 0 40 893 682 847 569 386 186 575 877 857 92 681 67 264 0 0 160 657 795 417 475 235 159 832 92 297 692 111 0 985 168 900 915 822 902 320 604 129 305 703 655 35 0 0 624 765 0 795 897 883 75 431 520 0 891 623 343 0 128 0 0 0 131 295 110 597 835 0 0 688 599 0 0 713 525 815 949 378 816 442 488 784 294 0 760 236 34 364 131 18 217 455 0 109 111 479 794 0 387 904 254 759 0 292 442 77 21 974 43 234 991 0 255 
0 608 191 873 0 469 353 408 43 0 868 0 94 523 895 754 50 232 346 343 0 170 26 671 0 0 0 826 195 556 0 497 658 338 376 0 0 431 729 345 0 265 850 6 950 0 0 480 597 536 0 336 275 423 0 952 0 455 510 996 0 285 0 0 521 990 198 160 264 458 846 673 170 420 222 0 635 4 800 364 857 431 19 0 166 404 196 718 0 0 0 734 393 614 239 0 0 676 0 33 153 294 500 209 0 343 69 0 569 973 0 285 332 0 247 33 565 452 0 0 0 913 394 880 464 0 739 996 637 0 390 529 697 950 0 322 523 161 0 355 837 230 0 837 792 892 668 587 73 481 729 336 773 0 0 496 0 247 87 0 299 481 47 316 654 460 307 250 341 346 427 232 633 0 0 908 0 896 0 718 63 831 532 0 727 0 850 936 176 28 343 708 115 186 710 295 913 515 768 819 635 116 178 939 394 0 0 974 233 162 648 565 174 0 0 472 597 0 455 46 553 305 748 166 500 480 790 148 814 102 518 293 81 0 0 0 54 626 175 707 821 715 326 376 618 181 636 487 488 838 600 0 859 0 435 0 0 908 0 848 432 410 256 421 720 326 386 628 102 652 841 87 773 829 498 641 830 895 952 0 0 746 0 69 442 415 264 
99 28 942 45 328 352 0 527 0 926 267 528 322 981 112 165 158 441 578 942 0 938 97 260 574 0 0 0 0 0 531 775 0 379 765 193 824 665 223 34 0 325 779 524 740 0 431 0 13 0 15 193 0 483 0 106 359 0 0 0 21 637 0 743 380 0 0 92 805 121 484 493 868 704 789 150 605 87 813 811 240 303 756 583 206 746 380 557 924 331 365 688 373 330 0 0 0 575 892 69 456 95 785 605 453 0 23 196 500 0 78 117 945 59 225 337 687 936 881 0 878 586 348 431 0 0 676 0 98 967 426 735 248 0 610 0 0 628 0 313 936 276 818 366 521 0 357 175 0 0 528 961 331 453 627 858 681 192 192 86 0 48 829 430 444 601 0 84 565 485 950 333 0 13 816 0 329 846 520 821 0 0 130 0 0 536 782 868 0 703 0 941 0 627 187 0 987 116 945 225 0 291 525 748 836 897 289 0 403 997 864 0 425 0 765 900 0 212 728 3 150 963 939 0 882 165 297 0 648 868 715 905 440 122 754 909 391 481 0 907 0 0 0 583 793 0 985 99 0 0 526 416 0 418 817 217 0 764 22 684 999 0 328 519 545 248 212 0 69 575 0 428 638 878 568 705 875 176 728 710 748 0 214 69 0 851 536 
418 325 0 999 844 685 0 0 0 674 396 946 793 718 0 346 0 356 812 645 0 778 416 0 804 826 0 0 120 0 910 189 0 831 913 624 932 223 374 735 0 0 994 658 910 461 551 0 0 54 474 0 9 0 366 801 529 385 132 781 683 299 0 378 521 0 0 0 716 755 163 619 0 763 860 0 0 931 901 0 191 669 261 323 0 429 0 411 667 987 668 0 951 35 579 1 707 788 500 71 304 0 179 925 645 0 75 340 752 0 783 40 0 803 291 356 948 329 634 467 500 336 0 830 692 0 471 0 701 56 160 386 590 0 0 0 0 0 351 305 503 0 0 423 0 0 0 153 540 367 418 430 732 100 0 509 12 0 0 22 268 0 965 0 961 824 228 0 38 322 671 0 892 776 0 267 42 488 901 680 576 364 931 738 630 46 378 235 214 37 341 72 43 380 213 343 35 148 721 843 398 0 656 564 233 800 109 367 441 964 0 520 480 558 376 0 13 277 611 948 554 0 930 641 812 551 0 351 632 544 937 159 457 0 284 295 892 686 724 0 992 419 0 0 345 811 358 0 718 748 294 470 206 338 0 285 215 925 867 147 893 17 73 900 540 0 341 396 582 0 743 0 554 0 261 643 0 183 0 963 551 296 990 538 0 4 283 
0 590 938 181 15 0 762 72 0 355 468 304 0 310 747 806 918 865 749 798 255 0 775 695 16 195 0 120 0 49 844 118 447 0 747 645 452 741 0 0 732 885 0 699 110 250 0 68 491 0 299 803 741 0 226 457 0 0 274 0 0 748 480 806 793 582 58 938 848 0 0 27 898 112 93 401 951 0 814 0 827 310 62 0 390 0 0 150 598 436 0 418 0 0 420 214 447 0 0 948 368 0 736 148 697 250 789 679 651 510 0 119 694 0 118 760 0 142 555 798 551 888 467 0 541 720 328 336 235 252 756 614 875 74 0 448 770 0 136 637 872 338 556 768 847 388 186 0 961 421 923 598 696 737 0 241 0 645 926 0 640 470 275 0 855 526 0 726 612 430 864 972 241 0 44 0 0 0 0 642 0 0 480 988 155 215 402 495 0 961 279 308 523 0 73 44 0 585 612 367 36 280 781 0 200 0 222 869 474 321 690 0 734 801 0 324 482 704 173 938 980 888 219 12 0 0 634 766 959 0 139 852 0 803 340 0 463 139 18 81 0 380 345 415 486 0 0 175 193 0 0 458 859 0 0 129 856 130 911 332 0 0 483 725 0 244 631 435 151 90 881 874 545 330 205 0 364 0 48 603 401 301 276 776 0 132 0 
0 0 722 0 11 464 0 0 811 555 561 0 58 405 350 517 0 178 0 380 881 47 7 493 0 556 0 0 49 0 351 548 937 504 324 497 0 0 0 300 878 163 649 0 0 0 106 913 226 722 902 0 594 185 0 0 947 291 678 894 175 769 392 336 322 815 0 0 793 559 225 459 397 456 0 822 0 85 32 549 157 367 85 825 20 193 927 403 0 0 0 827 872 525 744 775 806 425 0 208 582 648 319 0 238 397 16 970 191 0 487 8 946 759 30 0 391 0 240 853 0 133 625 928 0 152 426 568 0 230 742 94 0 544 511 475 0 513 66 0 507 750 960 278 166 619 134 234 0 743 0 923 420 881 0 128 650 294 648 142 396 0 787 765 505 534 0 71 479 950 0 0 149 199 628 259 778 794 773 100 986 81 797 306 0 687 944 518 860 758 738 0 526 241 652 417 2 90 0 906 123 472 854 547 110 738 627 617 0 436 0 868 332 794 426 415 34 654 0 813 300 0 697 705 261 112 419 0 571 255 682 0 0 418 0 496 646 172 709 313 155 773 384 55 140 977 0 918 834 543 245 105 375 0 908 0 0 42 0 418 258 0 726 767 895 403 0 0 966 0 888 926 190 472 0 338 246 484 29 239 500 840 0 873 175 0 16 
662 0 554 0 836 0 980 826 0 789 3 209 878 61 827 890 367 0 631 0 0 873 972 0 0 0 531 910 844 351 0 205 0 351 516 519 0 796 286 632 137 24 32 419 22 686 27 803 836 481 617 214 0 961 139 397 881 519 804 0 630 701 813 960 988 670 885 782 595 0 75 375 731 584 400 199 898 126 118 684 839 0 194 689 562 213 766 0 597 0 967 825 854 779 151 0 985 0 187 785 0 518 885 712 825 471 0 444 708 741 67 0 965 99 290 276 0 393 183 728 223 157 635 474 693 514 846 821 278 314 811 240 809 296 17 750 573 633 0 672 0 325 82 0 518 655 798 908 51 501 363 0 935 843 217 159 50 0 0 0 274 0 194 73 731 428 136 555 527 332 626 983 199 0 583 196 202 121 556 525 753 625 0 0 159 402 678 872 727 0 252 649 366 0 730 0 714 126 0 128 72 674 300 176 0 75 0 6 257 314 554 888 14 583 0 202 706 326 137 969 899 794 141 237 334 616 334 526 993 981 433 0 717 372 0 522 285 789 497 589 572 300 254 247 914 985 0 0 312 806 260 868 692 674 0 634 0 493 868 30 0 13 655 994 0 0 0 325 337 421 70 709 0 323 992 354 316 0 599 950 566 97 0 485 301 895 477 
219 735 0 0 746 29 0 552 0 46 0 117 839 0 639 514 35 815 0 515 234 40 914 0 679 497 775 189 118 548 205 0 528 0 570 0 906 661 233 0 0 882 0 397 775 626 855 0 522 349 117 686 49 404 695 0 661 928 0 978 0 908 362 337 966 782 0 942 0 533 0 0 996 817 0 34 233 193 139 394 457 574 151 193 234 0 0 706 923 0 184 386 307 95 362 0 537 461 861 0 0 219 780 0 0 639 479 0 382 0 690 162 852 928 266 0 0 619 294 766 0 181 0 240 548 799 199 221 600 0 201 711 692 539 922 191 0 678 516 671 726 0 0 248 96 0 0 0 179 662 0 628 145 354 0 429 0 853 515 112 0 232 764 418 0 299 705 756 423 850 457 0 546 4 0 544 90 515 258 0 119 626 1 96 0 559 57 122 0 968 0 0 0 224 530 0 242 0 168 232 0 793 0 269 688 0 623 246 854 937 286 635 890 0 213 937 791 0 98 737 0 85 743 68 343 0 24 0 856 0 0 547 0 508 52 0 355 332 923 952 653 978 987 502 959 0 169 987 40 761 0 903 925 960 553 787 41 273 336 490 0 0 599 616 869 579 852 341 495 547 0 413 519 0 971 271 323 9 0 677 725 147 0 0 138 600 72 
458 46 190 0 246 27 0 56 177 373 558 40 0 110 220 935 0 173 923 949 211 336 559 313 65 658 0 0 447 937 0 528 0 769 271 798 494 277 0 93 961 291 867 325 0 769 545 713 355 826 758 480 118 995 851 0 352 0 107 967 752 863 148 218 573 0 164 634 0 192 154 652 0 128 0 357 755 669 778 743 0 0 65 237 196 412 119 706 0 0 0 653 873 378 279 42 0 0 557 304 900 664 782 346 59 0 638 271 0 110 0 243 938 0 675 463 372 574 429 858 564 982 797 857 218 257 0 111 528 276 568 663 245 0 342 415 0 368 611 456 636 481 676 836 39 754 0 262 81 37 112 774 977 0 167 316 899 214 529 847 341 143 695 901 0 328 16 0 0 758 923 574 0 749 169 502 720 724 17 0 960 0 322 403 679 0 22 748 0 0 823 371 18 934 0 243 787 925 0 570 0 451 0 289 937 25 0 922 0 0 351 955 412 16 932 0 406 0 707 678 141 0 158 916 0 0 97 562 0 325 0 537 0 464 105 412 0 766 494 0 753 0 208 726 0 27 918 0 949 0 0 621 0 967 583 927 0 919 432 25 0 530 729 0 0 130 0 0 831 665 536 0 0 965 0 38 0 612 0 943 0 0 487 0 0 538 0 
0 0 0 480 0 386 0 781 501 0 88 130 217 908 92 193 199 255 259 488 5 687 735 413 231 338 379 831 0 504 351 0 769 0 175 0 14 905 720 0 500 933 218 0 932 954 455 0 0 158 521 568 0 0 871 339 878 850 300 624 0 607 0 701 601 845 0 2 112 151 464 331 153 577 33 992 333 0 494 341 64 645 917 342 90 848 0 80 360 883 0 133 690 0 930 483 864 806 0 346 337 21 713 0 502 865 0 0 963 0 268 9 256 570 149 785 0 0 878 0 58 0 0 747 179 526 368 486 487 396 0 91 643 718 86 69 315 0 64 0 135 0 299 446 0 0 720 186 0 0 40 415 274 487 0 181 491 231 0 979 481 372 0 336 219 314 874 0 0 770 448 15 300 394 728 573 5 0 0 820 776 572 698 0 432 374 113 360 22 635 315 48 721 850 492 889 691 34 201 730 376 192 767 314 791 254 393 0 628 819 199 206 0 502 584 0 0 856 791 975 326 351 0 186 991 0 0 448 428 0 867 0 0 712 18 721 719 0 487 740 0 747 0 969 152 796 558 252 725 0 676 839 840 61 882 834 0 59 551 635 0 0 22 732 559 0 727 379 767 0 581 0 909 0 851 936 885 157 225 980 0 898 0 164 317 0 120 
904 591 0 811 0 213 633 435 0 821 268 642 13 164 0 0 437 0 611 153 437 0 0 987 618 376 765 913 747 324 516 570 271 175 0 927 0 880 0 0 822 208 297 0 123 0 808 690 952 0 0 685 842 373 935 318 913 288 445 16 0 418 855 0 756 333 957 935 0 494 0 26 117 482 655 0 28 0 103 0 80 403 566 297 486 0 440 528 244 298 399 0 279 0 234 862 0 688 638 34 437 207 565 548 60 152 110 770 903 0 946 97 410 0 982 68 733 0 822 603 611 854 358 592 94 0 393 67 763 973 606 270 638 524 727 750 850 841 642 840 343 0 856 0 733 0 952 0 294 0 0 882 799 0 0 0 476 253 708 592 548 789 646 686 0 0 991 746 0 0 0 90 58 583 882 431 30 420 255 0 420 105 414 390 406 53 73 953 639 0 804 939 576 414 881 46 660 983 551 905 853 241 0 0 463 866 808 659 412 679 0 0 497 865 859 95 22 644 622 688 324 531 0 834 153 528 756 128 378 0 0 358 985 47 58 0 21 702 0 589 998 533 0 0 0 0 750 0 769 0 773 443 540 743 630 694 621 501 508 239 0 508 900 0 0 223 0 139 0 0 212 59 811 693 966 772 0 691 0 837 0 0 79 0 0 983 355 
347 301 83 442 785 868 878 0 831 252 634 0 854 772 96 0 311 403 0 873 196 534 816 439 953 0 193 624 645 497 519 0 798 0 927 0 0 251 0 653 572 176 0 361 943 930 0 689 0 969 272 160 898 973 315 282 175 0 754 278 0 0 152 0 867 732 732 363 653 681 39 77 472 0 457 968 879 0 318 170 0 152 165 221 0 943 349 6 722 995 531 0 736 506 0 40 461 71 0 945 353 971 0 0 231 341 578 772 0 266 557 146 60 817 399 178 893 742 977 351 955 0 0 288 760 551 0 989 348 0 532 0 442 559 958 736 0 268 276 0 0 545 0 208 0 793 645 108 643 157 628 0 110 0 879 738 864 623 0 0 0 390 720 802 13 0 5 0 359 42 454 0 828 742 804 282 0 360 0 400 59 181 0 0 335 913 892 775 994 0 733 738 804 0 307 0 558 0 0 384 756 348 0 0 769 0 859 162 691 605 394 0 0 0 424 0 0 701 444 972 424 0 137 218 0 390 122 0 0 310 999 280 517 884 976 686 566 728 93 942 930 776 268 493 942 546 0 0 915 862 0 993 856 905 641 323 513 0 54 0 349 0 0 0 510 855 206 669 869 0 695 0 0 170 0 0 404 821 0 0 77 880 0 0 919 104 601 
510 0 256 0 679 767 450 437 0 0 861 727 156 428 212 560 488 188 0 204 28 0 0 291 844 0 824 932 452 0 0 906 494 14 0 0 0 251 669 203 449 435 0 500 858 504 80 0 653 0 565 1 0 0 847 805 393 937 0 67 0 0 316 0 0 285 181 238 981 64 331 983 847 680 234 881 38 547 727 531 236 814 0 0 948 481 704 39 495 9 501 942 271 829 959 508 688 964 0 800 277 0 948 0 671 0 0 731 0 87 0 0 0 628 139 0 522 232 187 0 0 256 0 724 244 0 857 844 365 348 25 506 911 664 150 918 20 618 78 398 943 347 0 280 0 402 636 825 0 307 724 155 42 503 0 775 86 740 412 703 559 889 156 217 0 0 514 0 0 0 685 406 323 818 80 972 794 729 0 817 0 440 946 0 546 0 0 212 724 387 520 382 0 175 339 0 0 405 0 909 0 81 0 0 569 0 0 0 212 703 0 186 0 456 908 386 354 234 363 445 174 827 389 472 0 0 0 320 296 0 279 479 0 562 80 362 347 536 760 565 857 0 819 443 0 0 784 38 116 582 978 0 0 493 0 224 808 612 0 647 55 881 731 785 888 733 0 954 964 718 910 571 576 861 395 110 54 954 0 0 50 442 0 684 845 562 273 
273 156 0 0 0 126 651 870 73 0 734 907 0 26 0 153 0 828 501 33 116 0 43 906 904 431 665 223 741 0 796 661 277 905 880 251 251 0 543 905 594 962 58 56 208 466 402 710 396 465 309 106 0 445 0 866 0 923 0 0 681 313 825 0 923 325 492 0 806 526 288 457 0 91 265 781 712 0 932 612 500 625 497 566 422 799 344 0 283 47 109 655 141 926 0 0 357 0 512 899 816 0 609 758 480 795 9 485 598 849 0 963 570 367 120 770 496 0 439 996 406 428 0 677 0 686 904 972 842 968 0 657 429 0 940 287 809 526 463 161 978 0 648 0 999 207 490 849 49 666 0 116 856 0 272 321 632 0 46 36 41 536 0 0 423 225 56 0 0 160 0 818 0 376 770 984 0 390 0 110 679 718 523 614 373 42 755 2 0 594 0 391 0 741 776 0 772 512 703 639 0 553 113 43 763 579 120 108 855 234 0 0 725 0 484 0 817 0 163 246 0 0 655 598 491 0 581 0 685 763 531 0 0 633 56 89 51 289 0 717 865 0 511 312 334 946 311 0 822 233 906 526 36 606 90 0 789 15 0 426 614 291 922 674 88 335 182 0 267 0 0 880 859 746 988 897 556 185 221 967 924 649 141 780 779 0 394 
472 631 569 101 0 567 697 68 369 487 0 8 322 771 353 597 0 0 708 0 0 982 0 218 126 729 223 374 0 0 286 233 0 720 0 0 669 543 0 843 0 775 910 0 628 692 0 818 858 451 137 860 542 629 468 0 315 268 708 0 317 0 380 0 0 0 827 958 423 0 247 901 196 245 450 928 0 749 873 653 605 930 0 368 950 845 104 0 551 520 979 807 366 978 730 78 310 968 337 153 708 256 0 207 785 329 0 976 553 549 232 76 536 0 175 860 205 15 0 431 739 502 880 742 306 0 398 394 435 899 358 237 155 0 991 0 980 623 402 0 566 655 833 673 306 0 0 0 430 438 47 0 0 0 0 180 818 661 988 20 817 0 790 179 959 897 467 776 635 260 597 0 461 0 654 2 0 71 467 558 636 395 441 0 0 0 0 934 0 142 0 516 0 0 57 0 138 862 58 0 622 364 318 30 180 0 502 612 702 202 876 538 0 803 609 830 531 0 0 727 171 0 158 0 719 301 845 887 21 455 213 892 61 0 61 600 632 413 17 0 140 0 247 397 172 0 758 0 230 676 536 682 558 48 0 970 208 915 0 828 511 735 378 677 487 213 854 75 12 495 165 32 0 0 782 31 297 630 0 20 832 444 403 992 631 137 752 
105 106 744 471 726 733 986 995 355 339 447 38 331 0 148 129 512 657 988 732 608 660 878 528 0 345 34 735 0 300 632 0 93 0 0 653 203 905 843 0 433 758 238 890 611 756 679 750 436 53 846 573 991 143 614 0 145 885 718 235 0 219 83 0 0 0 418 0 0 275 129 0 242 432 0 346 652 787 845 0 0 98 57 193 973 0 108 225 947 0 450 969 0 6 561 847 830 42 471 807 558 536 191 622 845 71 654 767 143 814 635 957 317 567 129 685 0 0 590 771 849 920 57 688 93 590 25 926 0 0 0 745 440 651 995 0 771 781 0 908 853 284 296 598 0 813 357 305 74 637 926 611 536 0 97 0 0 573 910 190 425 59 0 0 994 364 323 0 34 284 119 317 530 669 6 0 820 485 0 135 972 987 639 556 646 495 0 458 126 612 23 491 970 985 761 0 849 736 710 424 0 662 398 0 581 279 0 385 936 412 60 530 940 841 359 904 908 0 922 265 0 760 845 0 379 0 503 330 600 813 0 0 326 146 798 167 346 347 579 0 756 15 0 443 82 892 480 0 891 504 651 623 0 601 432 526 296 986 93 0 424 453 376 286 487 481 548 0 199 39 311 591 232 892 0 0 639 432 241 0 0 890 654 171 938 334 203 
