0 104 905 995 883 857 4 0 143 533 440 0 0 100 885 712 20 784 162 207 121 0 376 0 319 463 942 711 0 936 860 29 0 477 147 611 279 0 511 638 0 781 18 9 237 810 405 0 32 0 324 962 0 0 380 0 807 881 193 684 0 447 785 310 0 9 0 648 0 722 913 214 228 0 264 0 156 763 901 625 684 425 367 491 145 5 299 531 862 240 238 695 830 398 0 770 877 27 466 573 632 0 465 561 370 997 20 0 204 774 28 90 0 194 0 375 601 106 262 304 539 114 949 928 457 870 360 278 657 831 854 0 498 55 254 33 0 0 0 0 851 419 911 545 61 892 0 518 0 876 82 154 0 343 393 833 110 349 0 233 962 889 219 236 59 249 797 522 282 888 439 337 0 634 784 633 0 173 133 357 146 546 298 0 324 186 0 513 0 0 0 778 495 775 204 321 0 214 844 356 98 850 169 992 588 508 92 950 422 371 971 204 541 491 28 0 0 122 1 896 162 0 857 463 837 45 726 844 521 11 0 933 724 0 295 981 461 0 0 468 518 759 159 850 77 603 890 0 454 0 871 0 704 271 167 207 318 0 647 0 471 508 596 0 0 350 417 374 251 738 869 0 829 321 437 0 465 878 0 852 0 646 321 619 269 838 617 921 328 13 0 164 356 211 829 507 0 571 649 0 480 0 205 538 0 67 157 0 552 123 133 267 141 398 335 14 296 465 411 0 154 0 324 0 770 210 795 596 0 840 656 421 0 147 578 765 
104 0 786 374 59 0 5 0 197 106 880 0 798 779 0 281 696 26 87 0 0 72 29 882 67 58 452 0 667 202 289 424 700 417 809 855 469 233 0 0 449 950 0 0 0 298 239 0 572 0 740 108 0 977 439 0 984 609 0 582 503 937 993 319 556 0 981 553 148 535 77 517 749 945 948 306 62 0 737 247 0 950 351 929 0 852 665 87 0 497 0 360 239 154 966 639 40 364 218 507 0 0 295 399 485 402 372 352 0 780 622 106 368 0 88 773 516 0 0 594 0 0 94 267 234 0 0 33 169 741 0 686 850 849 278 0 961 841 771 46 0 829 396 380 491 0 0 990 357 0 340 266 700 543 281 261 444 20 202 572 0 0 390 500 0 76 361 0 451 546 628 373 174 0 547 820 350 783 77 0 88 0 596 34 0 0 354 302 405 889 194 741 0 289 743 124 0 0 566 795 384 0 804 925 0 819 159 192 349 146 375 207 630 354 240 239 294 0 634 376 665 81 890 282 923 876 0 248 0 79 509 306 778 501 542 446 427 814 581 827 302 0 691 727 347 559 815 60 98 395 92 348 286 0 308 0 0 0 617 763 731 567 54 101 0 0 721 173 0 356 905 0 814 651 718 373 0 0 372 647 95 741 221 402 28 767 156 535 150 843 0 67 170 685 530 0 0 0 852 0 275 852 603 479 737 453 513 672 251 296 440 758 108 897 908 632 62 209 0 0 729 0 655 683 0 0 450 333 72 729 277 158 857 0 770 0 
905 786 0 806 465 388 277 953 958 540 917 224 0 260 248 0 0 370 391 633 0 508 986 608 0 591 371 0 397 479 82 0 335 86 425 0 0 106 0 895 153 234 259 170 0 0 373 0 952 787 0 167 887 135 0 320 858 508 769 131 0 532 161 112 645 897 303 183 0 247 123 255 578 490 535 639 934 0 0 0 0 319 0 929 817 0 146 897 0 434 167 0 0 865 0 616 670 546 404 800 938 954 715 630 0 786 496 355 258 587 0 0 501 94 481 659 825 750 0 0 495 870 35 0 865 291 909 937 712 885 986 0 175 303 989 118 424 0 992 857 0 286 419 0 856 0 536 691 0 534 0 692 223 299 0 354 649 429 648 982 667 691 378 39 982 761 264 245 310 0 262 0 366 510 0 435 0 0 910 367 0 985 703 0 396 4 186 645 186 0 0 462 944 835 978 0 223 0 495 612 108 206 308 348 722 510 333 34 281 0 504 389 0 0 0 610 571 0 847 962 261 583 661 488 96 219 916 694 923 812 346 0 732 0 0 0 0 981 0 786 942 922 875 277 0 387 698 0 127 593 124 968 187 0 545 378 628 591 654 915 707 29 635 346 165 0 956 192 0 91 726 495 0 100 514 903 213 710 0 0 20 195 752 193 0 449 0 59 834 449 0 230 732 169 0 0 269 211 746 337 631 0 0 215 977 0 685 376 828 192 316 8 61 74 2 232 0 873 0 229 0 293 62 12 0 480 721 499 454 851 862 0 28 921 0 585 
995 374 806 0 643 988 34 0 885 346 0 356 0 845 961 55 39 205 269 621 617 295 0 0 811 20 91 387 0 611 0 0 668 885 318 540 791 129 844 0 645 250 0 34 0 0 876 186 253 852 0 0 287 944 0 812 198 0 334 131 521 705 0 172 771 0 936 705 34 143 721 184 0 403 23 260 0 448 988 637 504 639 101 812 0 247 0 884 0 522 963 232 0 0 358 823 20 416 124 0 148 80 391 0 975 13 228 0 558 19 0 133 809 113 350 90 352 0 733 566 0 404 76 868 303 183 298 277 0 357 145 505 374 0 4 818 527 165 0 269 486 0 533 0 667 248 557 0 629 206 259 0 0 332 615 0 903 352 335 696 758 966 0 738 479 233 0 46 770 0 984 114 77 19 183 709 876 355 891 0 842 0 0 23 0 165 0 28 0 990 585 816 15 342 14 641 0 750 928 678 321 756 589 0 433 509 26 205 280 334 253 417 835 505 0 940 13 374 231 127 706 371 768 102 0 398 0 932 370 787 351 158 0 961 0 20 912 224 868 428 0 0 281 745 0 586 149 687 904 0 0 603 0 317 66 0 936 0 625 0 533 10 739 303 456 261 361 663 521 406 848 673 603 902 0 679 490 202 689 0 146 160 0 0 766 556 26 760 982 978 0 352 626 0 389 612 0 248 35 0 0 0 350 146 0 0 398 0 0 405 684 198 215 372 0 220 441 0 757 520 850 409 915 307 530 0 170 587 730 146 0 0 335 0 609 210 
883 59 465 643 0 676 0 217 24 0 0 844 583 410 145 293 0 0 350 928 932 509 369 373 408 0 929 25 771 0 307 878 285 732 683 990 123 34 0 925 361 0 506 129 124 464 181 977 868 928 617 694 676 111 646 70 0 0 472 285 0 918 440 336 894 311 984 0 475 0 367 70 407 880 221 808 28 937 0 0 713 432 348 0 0 179 308 816 111 457 0 72 746 767 0 837 269 413 713 172 155 827 428 674 273 375 0 362 0 0 383 919 342 998 727 164 160 79 716 976 55 0 381 411 0 0 857 146 133 444 0 658 1 398 328 308 714 0 347 803 133 152 474 0 0 59 908 0 0 534 0 906 0 0 0 399 342 51 791 661 695 0 378 21 591 0 0 467 420 556 0 752 0 248 204 0 477 0 628 0 163 641 351 452 0 0 0 917 0 296 456 607 317 0 31 0 0 32 543 32 770 779 832 905 833 0 763 622 0 148 450 145 783 245 946 335 864 458 587 601 0 478 799 903 900 113 818 306 0 938 872 0 0 0 470 641 795 338 476 960 369 457 175 670 871 173 3 277 821 0 866 884 966 44 610 97 548 140 134 0 310 0 405 0 450 345 881 0 0 857 421 832 242 417 836 26 0 678 978 854 286 618 103 0 489 0 651 71 0 122 986 457 0 336 0 971 754 682 61 0 0 434 0 159 59 695 982 120 0 368 0 775 482 0 0 507 898 0 532 815 174 134 0 994 352 271 865 0 359 461 105 556 0 790 0 408 
857 0 388 988 676 0 0 0 614 0 592 483 923 487 186 584 449 682 269 836 133 403 800 702 889 606 789 162 0 145 253 423 345 405 874 337 126 694 635 958 430 0 385 0 600 476 665 352 460 764 797 698 0 337 0 235 0 0 593 426 186 421 624 25 0 589 0 743 474 0 503 0 442 204 351 671 873 414 220 0 705 20 294 58 477 834 956 703 711 280 194 891 257 0 838 230 722 0 345 204 0 277 470 59 655 143 451 0 0 587 0 582 719 0 0 0 6 432 70 669 0 762 894 516 508 795 397 824 574 0 417 790 285 110 859 258 476 727 617 0 0 523 0 516 850 537 183 567 271 933 128 0 994 335 179 847 238 86 0 199 114 175 0 820 116 906 429 899 0 0 80 64 438 443 277 970 640 368 556 767 784 391 0 813 724 407 331 0 663 897 901 334 0 0 594 0 134 313 438 158 322 22 471 965 931 127 697 0 373 0 996 856 282 0 220 0 564 952 364 818 674 93 335 756 0 32 817 0 396 544 241 915 0 0 247 734 0 0 0 449 892 23 340 157 274 740 483 383 836 847 209 457 270 255 779 0 0 586 321 954 494 947 332 0 228 665 340 601 48 0 0 623 782 187 870 710 922 0 0 873 987 695 514 682 682 876 657 367 235 396 0 962 743 568 0 0 553 659 229 367 367 654 248 281 0 470 297 906 642 623 564 403 0 751 329 152 933 0 579 0 916 851 101 972 458 16 426 873 671 295 68 0 767 349 475 446 
4 5 277 34 0 0 0 523 281 487 491 92 318 422 326 491 676 0 42 194 622 713 900 664 69 260 0 136 52 886 0 834 245 326 0 0 39 407 0 0 189 759 657 635 806 0 0 228 0 81 883 897 263 616 673 0 0 0 953 0 828 488 0 19 0 938 597 561 192 590 608 446 480 28 474 955 0 265 606 511 0 513 627 701 163 337 0 585 820 547 712 0 414 0 180 0 0 236 68 0 411 420 602 0 0 673 801 242 428 640 202 886 0 0 129 994 477 595 0 0 0 284 0 801 430 753 64 997 0 0 806 272 733 39 498 466 0 379 0 300 859 0 0 526 0 364 125 855 0 821 0 413 241 230 917 416 296 67 586 534 0 0 0 808 0 61 0 828 0 0 68 109 922 0 509 0 766 994 0 0 0 0 329 561 892 0 726 504 891 451 169 389 313 847 568 80 0 160 928 712 0 399 723 748 404 0 0 138 814 961 124 0 310 783 247 136 560 965 909 119 191 698 729 0 32 0 455 744 0 326 38 0 21 0 288 319 0 590 203 0 53 0 910 0 205 878 0 75 325 21 0 0 221 800 895 113 806 0 779 0 457 928 76 576 0 0 0 0 268 12 199 0 0 657 378 652 22 772 351 0 0 467 0 220 0 98 683 920 203 474 610 0 366 163 872 745 0 736 724 681 603 218 358 46 342 498 63 0 373 231 968 978 0 877 775 468 0 952 592 272 995 96 211 354 563 112 0 157 275 0 317 980 264 396 0 0 
0 0 953 0 217 0 523 0 539 737 436 583 972 797 168 737 163 252 222 272 614 9 122 45 293 4 0 848 0 576 0 530 0 648 305 276 469 350 53 781 413 0 443 690 328 0 387 624 621 854 566 280 667 102 782 468 448 780 0 0 0 78 925 0 973 0 864 591 0 959 637 387 510 700 0 0 0 0 811 731 850 733 0 757 14 761 707 70 967 772 246 276 504 518 873 892 996 997 41 0 53 412 15 29 243 0 0 62 984 487 20 726 0 804 0 659 0 993 0 990 0 0 331 800 457 316 332 619 205 92 298 0 472 284 379 937 0 230 30 0 426 0 60 594 439 79 874 168 0 20 746 216 672 303 0 960 810 472 572 808 538 576 842 297 806 766 0 564 0 264 892 350 492 731 160 354 589 584 922 0 75 247 0 877 238 943 0 0 288 182 0 0 200 667 0 0 162 539 8 246 469 598 0 15 206 187 0 16 887 257 9 888 159 22 504 92 211 965 335 356 437 683 0 195 578 893 0 475 119 236 0 773 456 173 837 0 0 164 0 878 0 0 192 799 934 156 343 0 251 20 573 979 512 628 340 0 980 0 287 457 0 824 0 0 609 968 0 0 167 613 0 596 399 390 617 878 347 966 182 532 624 740 91 645 653 0 714 957 397 121 421 0 0 517 885 930 381 972 176 405 474 774 733 0 0 342 0 869 0 820 0 486 0 0 778 322 627 72 0 891 0 382 604 591 573 133 945 786 0 40 0 891 0 338 93 584 
143 197 958 885 24 614 281 539 0 142 825 0 613 270 38 681 19 21 622 703 295 738 710 59 0 611 0 0 716 305 350 802 598 337 631 12 461 979 836 0 927 0 160 200 516 977 897 657 0 0 0 0 396 0 869 812 94 0 0 957 344 479 749 804 108 0 0 816 0 768 787 365 831 494 0 637 739 28 253 78 0 451 656 3 623 15 408 497 16 483 0 614 46 350 82 525 0 850 0 861 686 908 355 374 231 0 919 0 0 30 969 206 156 814 322 221 847 741 787 882 895 795 0 0 501 754 0 245 890 73 0 794 546 335 0 0 5 209 270 0 345 402 848 654 298 882 0 975 8 754 975 0 0 172 712 701 264 325 319 146 0 435 414 982 0 0 994 785 0 329 888 0 126 804 925 170 601 354 356 0 963 302 213 865 531 0 0 0 0 569 0 0 404 739 868 954 0 0 0 0 623 130 366 957 575 179 221 756 0 381 122 929 278 399 790 711 174 581 507 0 689 0 0 828 737 334 569 80 611 0 735 736 443 522 0 632 294 149 66 114 985 347 650 451 0 659 0 219 0 0 0 880 0 878 0 960 346 108 86 178 0 457 334 973 0 0 0 505 689 62 0 941 331 373 919 0 589 310 60 0 0 0 765 785 361 534 0 318 845 979 461 609 399 424 372 336 306 4 0 47 797 0 371 409 333 537 0 450 615 0 291 930 71 143 124 736 0 656 811 115 538 899 786 809 318 692 0 745 0 305 0 0 76 129 126 180 
533 106 540 346 0 0 487 737 142 0 658 310 385 0 0 201 347 0 717 220 493 313 144 413 802 288 493 784 798 0 300 0 169 170 330 966 489 784 472 0 997 706 235 309 999 559 808 466 139 687 162 478 516 0 2 605 295 0 977 199 975 554 511 0 0 0 670 0 563 825 0 967 0 0 453 766 954 796 362 565 873 536 0 142 175 791 0 36 278 0 324 744 455 477 637 451 654 110 490 447 187 883 35 254 917 589 918 127 0 0 545 0 47 296 0 759 492 0 461 937 326 0 770 0 472 229 795 0 0 628 0 544 356 0 477 862 89 348 914 121 278 378 0 552 168 435 265 0 151 0 469 687 748 560 0 886 0 296 938 0 0 675 0 820 911 858 657 514 858 0 0 646 221 0 979 600 518 937 979 154 446 500 493 274 455 830 0 892 686 0 335 278 631 0 700 0 0 103 258 404 38 35 310 645 216 0 467 687 445 503 0 611 0 0 556 398 0 0 4 0 0 230 30 244 0 661 909 403 0 812 581 935 18 186 495 204 0 810 934 0 378 465 905 0 596 0 682 16 0 233 306 705 58 0 0 962 297 447 591 0 0 757 57 574 662 312 491 498 631 0 444 69 992 986 692 620 0 378 493 977 811 669 802 765 808 550 299 915 0 852 0 880 930 852 0 146 697 889 324 0 489 991 326 556 0 89 0 0 0 687 17 0 0 276 993 0 739 761 0 0 542 483 893 582 0 828 0 835 148 819 385 352 560 895 710 0 
440 880 917 0 0 592 491 436 825 658 0 143 0 906 325 793 881 0 328 282 0 0 712 521 0 0 700 0 256 501 960 17 901 743 936 63 932 0 0 664 874 0 0 0 732 526 600 0 765 692 236 0 613 20 785 171 894 863 694 774 268 706 3 0 218 646 995 791 931 628 851 310 0 908 850 0 428 448 97 678 0 503 663 205 0 656 94 510 0 794 53 136 0 540 793 0 543 632 738 146 768 519 620 462 154 605 0 744 524 0 299 183 254 0 0 269 346 635 610 79 0 762 949 250 59 0 281 0 227 0 800 374 69 636 332 0 587 128 872 451 343 634 676 150 699 250 591 912 511 0 658 893 981 375 925 287 25 275 0 40 853 578 650 856 0 241 952 748 467 763 76 751 807 538 336 49 197 596 0 418 0 369 0 236 985 106 228 72 814 0 414 0 155 151 112 0 0 752 451 315 358 0 0 848 777 10 534 182 36 222 0 198 0 176 756 141 77 61 0 0 371 0 0 106 743 0 0 843 181 720 0 379 542 188 921 0 0 434 300 0 686 601 424 7 16 189 532 0 882 754 292 684 697 642 0 0 0 0 716 305 410 258 0 455 397 6 0 0 569 802 959 709 932 697 179 780 181 552 89 668 0 34 0 576 595 127 114 869 265 422 161 0 0 253 477 396 583 204 0 716 812 843 310 157 398 0 287 733 196 38 286 0 237 100 0 53 136 0 41 0 912 0 42 0 463 0 97 617 927 601 258 510 128 734 668 414 
0 0 224 356 844 483 92 583 0 310 143 0 0 884 265 0 630 215 721 977 672 0 524 249 576 674 438 354 67 927 0 222 443 618 268 774 759 596 478 0 592 0 548 812 79 378 0 991 620 971 12 107 782 946 373 342 260 954 0 0 230 650 13 166 761 850 600 0 251 0 871 60 929 0 0 116 658 67 858 0 281 220 424 893 704 0 251 425 60 620 307 233 60 754 291 0 932 0 67 695 3 717 0 0 747 299 480 0 161 0 0 601 657 296 309 0 810 0 220 842 791 364 417 0 836 909 128 0 0 398 79 25 218 768 0 316 837 324 110 798 0 979 928 504 735 554 0 93 112 641 121 0 0 373 84 230 621 493 298 234 39 36 0 264 0 146 924 881 0 232 465 0 190 815 669 0 78 242 0 402 562 692 14 567 452 0 301 87 0 631 0 712 0 299 92 0 667 520 254 661 0 716 101 193 938 0 265 0 0 929 0 481 0 0 387 0 701 0 690 638 677 938 132 928 0 591 259 262 953 833 264 152 577 436 363 903 911 786 0 903 912 0 0 505 480 897 578 144 971 821 106 970 795 652 950 568 0 200 0 835 0 758 256 469 530 0 0 438 807 443 0 419 8 684 928 34 67 990 681 64 515 447 292 593 0 496 50 535 877 323 0 300 268 942 0 812 513 0 669 19 0 577 180 920 705 139 0 585 603 261 754 891 927 492 0 783 393 9 0 405 833 104 0 737 650 0 540 888 0 0 22 588 834 0 66 288 
0 798 0 0 583 923 318 972 613 385 0 0 0 581 723 16 56 357 292 426 286 435 556 848 0 174 309 772 0 984 0 600 0 157 0 893 211 0 970 0 973 499 0 857 978 803 0 236 0 169 901 0 701 102 858 844 598 890 21 414 990 828 0 122 709 56 405 0 865 0 0 0 250 362 280 897 958 962 770 220 33 0 917 761 73 587 69 550 240 132 0 0 641 0 0 165 840 548 922 578 748 934 0 0 901 712 0 238 231 441 561 182 38 0 0 472 187 0 2 560 513 764 776 0 478 0 0 0 700 0 989 0 0 344 25 0 585 0 927 343 586 891 447 749 806 991 0 128 0 0 47 0 0 0 0 763 707 58 374 0 0 0 0 0 808 23 956 286 778 351 476 301 698 509 924 337 268 0 0 26 244 144 602 30 0 512 0 1 0 0 47 0 137 775 0 798 327 659 0 418 143 174 395 424 218 285 0 84 938 74 0 116 180 633 135 567 550 0 182 878 642 726 459 236 212 0 187 670 0 102 0 821 805 373 0 0 0 615 272 61 282 185 404 169 66 658 205 364 0 145 659 535 0 469 0 426 712 640 137 554 0 749 0 253 0 806 342 554 0 553 0 196 2 0 436 950 700 184 514 801 0 78 0 659 816 0 819 171 0 376 0 293 318 385 0 0 0 0 8 53 374 538 0 907 942 552 271 153 369 0 849 525 15 475 0 581 0 239 884 265 448 0 240 349 492 755 0 833 0 538 828 331 0 844 210 495 
100 779 260 845 410 487 422 797 270 0 906 884 581 0 0 0 797 62 527 448 0 0 600 0 0 927 553 0 0 661 0 451 241 0 798 723 359 765 646 854 0 0 459 201 759 341 0 535 920 160 186 873 286 0 184 296 375 167 175 609 576 0 0 800 0 0 21 694 950 0 617 335 84 0 292 589 334 0 0 444 232 27 9 609 0 377 845 0 249 375 87 153 666 581 879 47 0 794 891 902 0 925 0 285 804 820 400 573 0 63 95 953 835 466 0 524 74 427 983 222 0 128 0 87 0 0 0 336 0 805 207 447 0 74 0 57 158 0 0 193 0 482 469 0 971 687 0 407 470 772 605 356 794 0 852 644 166 800 190 0 0 0 734 513 0 760 622 549 16 0 577 795 0 0 0 163 997 0 0 373 88 0 703 280 815 249 27 346 931 237 0 681 0 820 0 0 416 893 497 0 0 761 0 0 719 673 958 619 949 510 127 46 448 0 0 311 334 0 329 720 0 462 0 317 873 136 805 0 0 146 0 132 731 50 958 6 841 0 547 56 0 581 770 376 11 987 449 884 0 0 0 0 0 502 775 0 0 0 909 603 0 479 0 746 167 701 932 607 733 985 725 569 303 826 845 0 0 464 846 697 292 667 529 81 882 963 47 225 2 831 0 961 968 575 429 782 335 0 541 0 832 488 0 0 0 799 357 0 911 902 643 945 55 910 583 481 0 487 241 516 226 961 656 834 935 0 0 608 317 0 393 554 530 802 749 806 
885 0 248 961 145 186 326 168 38 0 325 265 723 0 0 207 406 510 320 0 0 704 0 988 0 514 778 158 0 601 0 912 414 606 787 607 0 608 481 44 946 777 705 0 285 671 0 681 975 942 52 93 933 625 5 313 389 676 44 560 77 29 850 422 809 0 0 516 975 596 364 801 757 0 25 773 199 0 248 241 473 710 281 0 871 37 26 0 229 0 611 0 0 445 0 638 394 663 517 0 549 629 490 841 227 591 731 434 311 0 106 0 2 103 0 8 807 0 797 767 442 530 346 104 295 66 845 338 32 262 0 641 902 876 80 657 515 0 217 866 147 443 0 530 124 213 707 146 597 285 296 605 0 132 0 922 295 376 0 895 560 1 50 196 956 309 647 131 146 127 105 321 895 102 769 0 781 678 411 51 0 0 0 83 0 709 485 149 239 559 0 759 0 0 243 507 0 522 0 106 818 0 522 166 230 846 354 129 703 774 111 285 0 827 621 133 500 5 905 0 478 679 254 0 818 751 308 0 0 456 590 0 359 0 0 517 754 0 916 808 933 303 0 448 412 360 0 159 988 707 174 0 200 684 965 913 971 300 430 0 217 982 0 0 383 202 494 21 0 0 456 402 282 302 589 442 18 850 0 959 525 0 208 660 482 748 741 665 0 393 0 0 0 745 634 360 598 831 951 530 260 131 115 475 0 0 377 59 487 0 20 897 468 0 306 0 0 0 0 642 925 0 0 516 196 913 404 583 316 547 68 718 875 0 325 530 
712 281 0 55 293 584 491 737 681 201 793 0 16 0 207 0 981 269 358 886 325 226 883 885 0 126 842 662 313 851 995 721 439 849 499 633 930 0 279 431 882 959 0 200 0 598 537 538 301 0 746 212 535 136 288 475 855 813 0 0 534 521 0 0 0 893 913 479 0 521 371 264 990 856 589 189 620 0 0 525 270 0 644 0 0 0 609 0 957 249 0 0 0 954 331 223 0 0 706 756 696 731 0 0 8 920 813 0 0 879 380 0 249 0 346 934 115 609 314 210 0 378 990 300 0 0 357 375 894 445 948 291 729 186 964 533 769 0 960 957 327 682 422 306 890 484 280 365 705 271 121 634 125 974 0 934 987 51 702 0 706 314 677 104 190 224 152 780 114 0 301 872 30 588 161 0 0 0 877 578 267 0 381 33 574 291 0 653 0 640 696 890 0 318 470 0 106 805 603 721 16 643 378 0 930 0 206 1 326 610 159 0 0 934 132 521 0 221 688 780 794 579 495 933 0 706 894 0 0 59 502 181 0 0 330 80 732 286 729 0 467 386 796 950 508 75 873 0 14 0 893 0 0 912 302 493 0 740 570 0 172 967 115 579 141 0 229 233 48 0 709 11 0 0 0 957 138 930 0 0 535 452 294 0 574 359 444 315 21 453 0 0 666 511 448 784 0 290 0 915 803 406 785 0 597 896 0 0 674 58 365 433 99 44 829 0 0 95 710 161 0 158 973 545 0 0 374 364 42 555 336 999 708 0 750 103 
20 696 0 39 0 449 676 163 19 347 881 630 56 797 406 981 0 0 246 0 727 0 81 234 0 852 837 362 654 0 117 970 0 899 800 810 108 324 0 326 425 0 0 315 139 904 459 0 323 891 798 833 132 0 0 0 143 407 275 0 978 532 808 0 958 217 0 0 0 756 559 399 22 0 869 578 0 510 0 90 451 233 858 0 646 313 200 0 300 421 607 31 0 291 0 0 542 0 384 0 521 0 0 0 871 267 225 262 932 44 662 0 318 418 157 0 265 716 605 0 184 816 198 169 0 338 761 143 360 417 131 0 872 906 941 419 5 803 0 392 0 0 0 393 125 553 37 934 341 207 366 408 482 720 0 0 0 898 118 0 131 375 0 246 723 0 500 224 996 0 42 120 652 346 468 0 0 0 0 124 251 133 564 135 144 760 372 541 701 116 0 582 666 0 28 0 0 918 727 965 545 623 513 749 0 79 0 713 543 8 720 0 409 0 729 0 398 729 379 0 781 0 567 961 484 0 387 644 602 782 973 984 683 768 236 677 0 46 830 206 827 306 881 914 914 3 101 912 973 420 47 758 459 554 312 0 463 114 0 483 298 845 673 0 0 225 772 0 929 902 241 455 0 496 108 306 617 166 229 459 0 51 424 839 433 975 599 151 0 152 0 378 699 868 112 0 0 0 171 0 876 51 969 591 0 244 746 396 535 0 160 4 533 475 663 262 708 376 123 626 210 851 62 305 108 629 631 0 0 0 593 338 235 559 680 819 
784 26 370 205 0 682 0 252 21 0 0 215 357 62 510 269 0 0 139 130 0 0 475 467 0 598 357 858 0 257 618 530 532 22 0 796 364 0 927 278 48 0 998 132 786 461 814 601 217 924 887 252 759 761 603 0 579 559 352 292 619 889 519 828 916 0 865 43 0 706 244 845 754 105 824 10 0 507 834 555 0 0 0 294 913 0 536 262 375 622 680 429 608 789 270 695 858 0 0 740 443 431 912 14 465 980 192 0 596 732 0 763 359 0 589 599 372 892 969 423 483 263 804 552 78 0 393 0 0 113 462 34 374 0 425 266 107 0 143 715 261 706 336 0 216 0 0 481 692 778 0 159 405 879 989 0 412 116 0 312 173 644 504 548 475 405 983 203 703 355 972 860 81 227 579 953 0 482 0 868 717 0 186 0 515 0 799 921 180 0 829 564 919 636 686 132 572 0 259 802 432 657 657 227 0 516 535 0 0 257 272 0 0 525 598 0 137 783 746 317 0 225 41 0 869 0 362 734 0 672 368 625 0 526 715 0 56 27 0 251 556 827 0 0 75 974 206 712 370 223 566 177 144 268 780 666 643 564 0 851 802 181 946 615 503 712 483 282 306 750 772 959 655 761 355 746 0 526 949 0 0 778 103 339 0 933 662 0 381 0 0 726 241 0 830 110 0 988 850 954 3 790 575 910 0 710 0 388 911 953 810 624 0 608 0 862 512 0 621 169 912 278 0 0 564 970 583 264 0 144 584 0 57 648 63 600 
162 87 391 269 350 269 42 222 622 717 328 721 292 527 320 358 246 139 0 895 212 331 790 0 945 564 650 911 811 941 286 67 949 872 823 578 974 795 179 782 753 61 470 0 308 0 0 964 0 295 0 336 350 865 515 972 24 643 24 536 423 589 164 374 288 876 547 486 774 0 668 788 0 944 673 413 20 508 0 939 689 517 690 265 0 912 251 568 62 626 707 788 0 0 332 51 369 0 525 118 678 169 829 839 24 734 471 0 0 128 468 700 0 790 451 0 0 0 530 0 307 85 781 0 125 660 185 431 136 0 803 580 379 881 781 96 417 0 980 380 867 0 910 753 671 65 131 462 0 691 0 0 0 831 384 135 819 382 804 666 0 228 624 231 0 50 589 211 355 120 810 250 0 571 594 175 209 473 991 0 941 279 0 341 934 148 246 0 78 773 242 884 362 51 0 704 222 0 863 712 804 182 426 0 0 446 679 0 0 960 958 642 419 746 554 682 0 212 0 943 676 6 0 18 792 933 0 617 824 0 307 815 858 402 988 207 374 0 31 0 156 346 0 971 708 424 705 0 923 653 654 334 243 466 747 576 993 687 319 70 620 0 927 609 701 405 796 93 837 593 613 0 0 0 0 389 762 0 477 295 0 827 633 979 504 886 735 952 534 471 506 820 155 0 556 214 956 100 84 494 855 0 0 67 0 236 991 92 374 0 37 0 784 495 0 0 436 915 536 0 957 784 488 255 0 0 292 0 87 537 668 153 657 508 778 710 
207 0 633 621 928 836 194 272 703 220 282 977 426 448 0 886 0 130 895 0 411 726 862 0 0 0 736 0 0 303 188 241 733 0 0 96 0 0 594 726 640 0 725 270 0 704 886 88 520 85 870 445 0 540 204 147 29 707 392 482 0 909 372 29 348 969 0 400 878 638 139 576 0 509 427 226 798 326 53 208 0 417 586 756 0 154 0 940 0 4 130 649 28 387 26 43 296 140 805 197 0 752 336 832 510 0 0 0 0 0 71 491 815 938 995 421 0 789 365 149 44 0 502 0 108 122 935 0 63 350 253 861 0 419 0 966 0 728 319 0 117 0 852 0 0 0 691 951 0 995 786 986 641 758 396 0 4 462 699 814 183 201 362 0 585 0 178 665 0 0 0 46 265 433 878 224 397 221 597 0 0 4 459 977 20 295 953 480 0 0 400 340 0 0 937 0 462 675 599 0 0 887 308 837 131 0 0 719 267 793 0 898 985 389 927 0 478 226 0 716 754 0 123 398 489 811 91 119 470 792 0 708 3 0 992 844 707 91 209 680 576 556 351 47 584 173 274 946 231 130 29 721 0 914 907 807 906 805 357 34 166 846 725 0 968 0 396 434 416 888 541 687 515 414 331 392 875 0 894 934 258 650 179 962 37 804 782 0 406 0 639 442 56 0 0 762 411 560 619 0 309 820 545 832 628 0 0 756 630 689 0 511 0 0 493 0 0 194 284 193 974 0 0 0 0 505 747 670 720 0 0 565 155 0 51 639 
121 0 0 617 932 133 622 614 295 493 0 672 286 0 0 325 727 0 212 411 0 796 729 222 365 485 891 91 208 143 173 998 76 913 239 463 374 777 0 24 544 155 0 370 186 0 652 0 633 926 643 137 883 684 43 24 0 0 609 0 694 792 275 371 0 321 907 887 528 610 0 0 406 673 860 276 0 0 873 0 120 113 0 0 823 0 733 0 896 266 81 893 0 0 495 573 756 923 218 0 0 580 530 501 546 943 0 918 0 0 941 805 0 283 996 149 463 580 0 0 683 165 875 255 390 0 521 0 475 752 0 0 0 520 742 0 0 397 217 438 930 0 612 471 0 837 486 0 719 815 0 0 153 0 768 904 585 0 851 0 606 967 0 652 510 599 505 0 436 490 791 853 928 528 634 483 421 464 809 469 946 299 203 901 249 850 0 605 940 87 0 647 890 26 370 939 3 698 407 413 700 584 213 0 365 552 547 225 0 0 0 591 761 980 727 637 976 525 607 383 0 250 0 0 686 793 960 849 0 536 949 437 0 0 733 0 161 409 987 253 0 930 790 236 290 418 0 0 0 287 303 0 56 827 0 92 890 25 630 491 467 87 623 226 885 986 546 448 233 448 198 707 936 875 0 152 0 276 0 0 497 0 182 915 839 883 633 0 200 0 0 287 0 0 977 336 49 0 0 0 394 89 711 620 752 735 689 964 0 0 0 749 0 622 648 0 843 0 0 0 138 0 0 0 0 62 0 0 749 394 534 583 262 0 616 48 
0 72 508 295 509 403 713 9 738 313 0 0 435 0 704 226 0 0 331 726 796 0 625 321 770 875 0 961 158 0 0 0 0 104 0 659 68 547 188 897 183 420 392 821 0 461 683 81 0 728 0 457 599 0 129 0 981 9 0 555 314 0 950 219 79 319 694 309 0 120 512 33 669 269 118 522 949 0 0 504 0 684 0 533 913 0 938 822 229 24 240 655 508 449 0 409 74 557 695 174 570 680 101 0 0 622 122 281 604 696 895 856 0 0 0 888 1 0 909 579 0 322 488 130 318 930 521 969 844 204 0 0 63 512 0 611 43 35 124 441 0 159 0 481 618 755 657 839 928 0 324 904 965 264 0 887 703 347 357 245 349 0 148 0 20 0 0 0 668 651 980 53 110 19 117 753 0 258 830 650 18 0 657 590 949 446 0 562 0 281 48 705 120 125 563 229 883 980 0 432 263 0 0 922 877 61 682 834 0 590 0 857 599 682 721 118 54 61 25 288 644 573 198 0 0 811 856 0 698 366 301 710 607 567 884 0 964 510 159 430 29 0 170 314 543 259 0 186 437 965 0 0 956 239 283 537 353 663 406 299 436 528 608 373 260 8 529 977 999 318 87 647 658 49 0 318 405 341 21 51 172 296 634 0 614 0 201 561 589 964 0 473 266 186 489 0 876 682 0 372 0 0 38 0 526 448 163 55 78 198 849 873 388 298 0 0 0 687 979 299 184 110 903 0 947 913 691 320 438 172 904 607 531 582 643 695 
376 29 986 0 369 800 900 122 710 144 712 524 556 600 0 883 81 475 790 862 729 625 0 504 460 332 208 322 477 307 933 233 0 178 641 101 465 898 162 0 690 613 648 2 745 386 906 984 683 17 745 0 172 230 412 74 0 639 201 695 282 186 592 404 967 529 580 306 827 590 0 933 322 483 967 410 262 170 0 821 0 762 0 691 0 241 0 572 151 830 0 45 175 281 0 0 322 0 263 982 893 456 300 0 62 266 943 538 942 803 235 0 0 845 363 304 407 35 915 0 293 0 549 332 4 738 370 652 570 0 905 0 251 0 403 0 72 831 103 220 327 0 0 200 0 173 280 983 358 0 272 635 978 506 68 0 249 977 641 0 561 603 112 721 54 766 0 87 0 868 0 0 0 717 61 961 0 729 28 768 6 0 0 704 56 954 0 780 974 628 0 0 389 950 169 220 427 0 380 697 0 0 48 343 0 561 0 0 573 0 492 282 690 452 963 157 579 855 0 414 97 359 600 292 0 528 481 13 0 0 839 601 684 540 738 0 829 912 0 436 301 994 417 505 327 49 0 229 0 17 345 649 183 495 305 90 0 553 0 0 948 0 211 0 61 751 877 612 935 9 4 275 378 141 721 89 396 810 0 161 289 216 793 78 535 0 507 0 307 793 240 540 244 759 970 632 613 0 446 701 736 186 342 242 426 992 472 942 868 190 472 44 180 839 0 774 254 0 473 221 441 0 458 403 543 0 0 303 930 791 376 722 274 940 562 885 
0 882 608 0 373 702 664 45 59 413 521 249 848 0 988 885 234 467 0 0 222 321 504 0 0 206 125 473 29 423 653 581 0 340 806 66 0 0 0 916 275 707 94 612 0 257 0 920 0 174 350 488 382 984 937 52 387 0 6 995 703 343 716 412 0 493 183 786 386 0 0 0 678 181 965 762 705 0 30 561 585 737 721 45 896 291 760 311 842 62 258 119 685 0 0 214 686 950 0 0 574 488 812 161 0 0 837 730 0 85 934 0 0 0 0 639 639 326 492 812 0 274 144 602 0 700 552 714 43 181 562 0 207 682 925 30 0 0 939 0 0 917 999 206 20 597 966 850 81 382 134 502 892 503 97 0 348 0 0 737 982 0 882 362 600 0 168 783 319 420 780 353 326 889 932 16 429 45 0 430 11 455 67 76 0 0 618 330 203 455 197 265 356 771 795 221 168 281 0 430 0 749 600 661 0 721 0 811 678 35 71 0 836 0 0 374 0 807 120 769 592 219 0 262 194 489 415 0 574 0 395 0 190 323 0 343 776 0 751 909 0 377 0 130 0 0 494 203 355 102 0 0 990 567 232 257 987 230 0 0 539 0 773 0 649 224 701 0 805 513 865 421 99 363 0 250 313 994 341 0 0 513 76 102 0 793 0 513 983 5 807 64 201 60 0 879 0 367 0 0 471 72 859 596 399 0 914 228 363 755 576 0 0 831 405 682 677 366 269 776 0 408 856 291 441 208 643 0 882 850 285 122 0 0 620 880 
319 67 0 811 408 889 69 293 0 802 0 576 0 0 0 0 0 0 945 0 365 770 460 0 0 419 0 0 231 767 0 346 554 492 470 634 240 198 437 0 209 88 0 282 225 963 72 0 0 0 685 539 764 454 0 521 0 212 824 592 99 0 919 607 0 294 0 99 758 0 166 542 13 0 0 854 105 964 973 534 14 255 944 0 391 546 398 0 0 878 100 0 433 566 118 385 404 96 687 370 844 125 0 0 380 0 716 0 61 242 771 940 135 175 216 424 915 466 264 522 587 294 62 0 0 810 607 718 647 0 316 698 760 0 932 763 953 517 31 0 818 0 71 0 603 0 939 762 836 801 650 624 596 253 653 0 164 66 0 385 735 247 146 0 596 93 686 0 767 0 896 15 431 506 342 106 0 135 161 864 295 0 27 474 0 726 802 469 933 211 0 0 0 374 0 292 976 0 0 0 571 0 348 548 212 654 0 0 409 131 568 461 336 443 894 794 0 160 840 585 0 394 356 850 513 304 975 0 380 321 482 0 0 940 608 920 562 0 640 198 708 222 239 847 527 167 300 364 799 0 533 859 69 805 269 358 989 669 0 819 0 0 594 459 926 54 277 0 227 828 877 124 0 538 673 672 115 127 919 0 0 709 0 954 0 0 375 282 588 381 632 603 0 64 980 202 0 358 0 861 929 0 820 246 633 263 613 0 835 979 604 0 0 374 0 256 288 0 889 655 59 852 676 625 71 852 0 0 914 896 599 279 0 0 398 593 
463 58 591 20 0 606 260 4 611 288 0 674 174 927 514 126 852 598 564 0 485 875 332 206 419 0 0 414 907 817 471 365 276 525 161 0 0 994 0 576 446 828 806 803 608 212 0 0 129 0 476 687 994 178 422 0 39 0 171 0 884 133 0 944 827 560 193 420 70 38 913 0 928 560 618 0 672 624 0 819 257 894 974 0 368 417 0 664 219 862 732 601 0 289 617 451 387 497 673 343 0 460 0 149 0 991 347 0 0 627 0 137 0 553 0 0 49 855 965 533 415 133 0 86 374 951 582 0 173 340 481 787 0 314 286 99 0 868 190 173 0 0 994 859 719 959 313 765 351 852 0 866 3 637 495 0 777 0 576 396 962 797 450 123 0 879 808 698 945 448 362 676 362 0 0 880 680 418 631 753 454 683 82 498 639 0 32 122 855 0 590 504 531 0 55 100 0 0 675 817 0 867 0 480 721 0 895 166 734 0 0 0 354 357 885 0 135 814 680 280 733 530 287 504 123 282 413 602 935 566 962 587 860 0 934 589 0 0 327 769 285 596 0 359 188 811 0 710 0 927 0 943 0 937 240 564 198 0 0 936 0 0 999 667 458 947 912 713 489 510 977 0 0 434 93 0 40 816 651 753 670 92 616 268 0 861 594 278 857 530 228 0 610 0 18 858 660 189 0 341 444 436 323 0 136 0 371 761 410 0 813 581 502 879 975 0 448 901 841 902 388 53 156 866 297 482 835 477 580 718 770 0 49 0 705 583 
942 452 371 91 929 789 0 0 0 493 700 438 309 553 778 842 837 357 650 736 891 0 208 125 0 0 0 0 0 0 20 246 84 857 0 716 0 447 0 843 0 0 164 952 617 0 585 936 940 861 0 0 0 849 701 475 0 0 879 67 268 924 452 0 0 506 649 621 582 997 731 0 239 692 0 692 178 686 149 674 0 549 89 778 661 298 986 73 0 494 801 959 913 647 711 289 0 0 333 0 413 812 727 0 698 0 677 811 639 868 355 0 497 0 521 745 93 0 90 876 541 800 567 0 0 0 755 519 86 223 141 726 0 0 171 666 787 491 544 324 33 243 597 685 0 85 167 0 0 252 766 0 0 679 524 685 414 454 536 0 129 764 0 0 349 0 772 292 845 0 49 479 0 0 995 0 0 845 784 842 835 13 974 478 0 453 423 287 0 0 959 185 252 1 603 462 258 0 962 0 898 109 0 170 344 359 0 524 490 0 763 357 752 0 587 288 932 0 960 0 196 0 598 974 464 794 763 434 605 787 946 461 442 494 195 0 0 384 904 376 537 302 371 256 269 0 441 984 0 930 617 0 561 706 728 152 249 68 3 265 253 929 796 308 770 689 586 919 0 0 85 982 18 515 629 0 63 117 144 180 0 112 510 893 740 551 864 0 717 828 522 388 0 548 842 71 70 0 666 249 284 761 493 0 726 190 753 31 432 826 255 780 812 66 28 423 127 761 0 486 234 629 84 755 0 455 0 425 649 412 948 684 0 922 316 0 
711 0 0 387 25 162 136 848 0 784 0 354 772 0 158 662 362 858 911 0 91 961 322 473 0 414 0 0 0 202 764 336 997 984 75 592 694 0 276 0 0 0 0 0 271 0 98 0 799 518 951 473 381 337 556 391 178 806 306 779 595 0 177 0 840 962 0 595 731 0 0 728 127 55 506 35 8 645 176 630 0 142 364 999 324 128 367 748 792 46 773 193 148 0 0 983 0 728 496 0 217 155 170 163 185 362 873 933 448 0 321 326 292 0 951 609 0 346 885 959 776 268 560 430 616 24 784 89 0 72 108 732 466 176 0 800 155 516 0 102 64 366 287 0 0 945 901 0 0 0 344 240 0 779 306 416 58 968 0 306 0 744 966 0 910 0 18 538 802 18 144 760 193 0 0 0 421 758 934 540 0 281 417 373 0 0 0 193 491 893 589 0 387 175 0 140 846 688 890 116 0 28 0 327 0 32 0 284 825 0 847 5 792 453 460 869 15 572 217 44 291 135 718 0 685 588 374 0 499 131 757 648 175 905 1 942 489 569 806 617 0 0 0 0 120 907 58 764 47 429 0 615 17 55 896 0 565 621 484 554 69 0 898 480 283 0 363 166 0 862 137 20 0 596 0 181 73 3 994 0 0 0 11 826 6 0 0 408 0 552 80 866 256 0 892 620 732 763 0 608 111 0 955 0 1 94 0 0 90 0 814 365 219 951 719 295 151 0 262 380 0 0 238 253 207 430 0 93 883 754 0 421 158 916 540 383 
0 667 397 0 771 0 52 0 716 798 256 67 0 0 0 313 654 0 811 0 208 158 477 29 231 907 0 0 0 0 23 941 0 312 846 0 0 0 268 0 888 5 860 0 550 555 285 568 692 861 936 19 498 0 0 0 33 0 312 127 0 920 842 0 161 0 0 783 72 180 0 639 377 865 992 594 0 121 0 769 399 194 0 983 160 568 803 67 0 487 0 0 521 539 791 0 0 0 0 566 0 0 879 575 836 0 438 359 728 0 0 857 0 363 62 560 681 325 417 681 779 130 0 451 104 613 182 151 0 849 877 597 441 555 0 535 374 0 162 818 150 0 993 553 979 0 283 947 0 787 551 359 247 215 0 0 0 677 876 0 0 258 204 751 84 0 27 751 932 784 79 596 113 532 663 63 165 562 0 996 944 0 0 0 28 378 242 645 814 634 0 833 451 818 391 0 489 0 419 0 680 0 181 13 566 0 209 0 632 906 0 354 0 0 0 146 249 609 91 601 0 631 0 0 17 123 441 833 358 804 219 0 790 0 940 0 366 219 817 0 646 251 989 453 614 0 409 660 5 344 777 365 279 0 0 897 0 597 144 757 940 236 949 280 0 183 836 772 256 179 0 310 253 585 247 0 0 191 927 276 0 914 932 0 116 0 574 198 845 248 20 483 0 487 802 969 767 0 600 955 839 0 636 187 0 429 43 0 441 837 0 0 0 880 744 450 980 286 54 503 760 0 485 0 0 90 471 485 169 539 1 0 0 950 0 0 
936 202 479 611 0 145 886 576 305 0 501 927 984 661 601 851 0 257 941 303 143 0 307 423 767 817 0 202 0 0 98 0 0 76 400 759 858 634 679 90 0 244 309 283 470 658 954 930 0 721 292 479 0 0 830 848 0 0 0 964 764 813 0 0 0 223 136 0 249 913 136 0 830 65 576 870 936 720 711 691 699 808 0 0 656 7 164 0 833 783 377 703 245 340 0 986 297 128 0 785 929 986 146 360 375 307 211 269 476 158 702 285 0 649 888 199 902 620 514 643 481 223 0 88 0 673 0 64 443 797 167 46 212 330 987 156 786 0 0 157 221 407 161 217 236 28 0 127 916 326 545 448 768 947 916 0 0 877 0 91 425 55 583 430 765 422 528 0 0 128 577 524 589 250 0 412 5 397 506 318 991 0 934 268 0 0 687 0 115 380 749 684 639 0 741 626 0 8 534 0 0 417 81 996 0 349 248 0 953 315 461 0 656 900 312 231 184 811 257 0 0 0 111 164 267 687 899 240 855 0 926 670 674 503 55 0 0 815 530 21 328 85 704 148 110 682 916 0 569 32 250 49 363 191 779 0 0 241 844 747 403 0 0 0 56 81 803 0 26 750 376 0 0 163 910 903 938 525 2 988 731 323 289 0 443 593 803 0 313 113 0 803 375 309 953 348 833 723 695 556 428 0 0 109 214 0 833 0 0 323 496 0 234 0 768 0 0 342 21 715 560 302 343 588 846 54 52 0 391 0 657 300 0 603 91 862 
860 289 82 0 307 253 0 0 350 300 960 0 0 0 0 995 117 618 286 188 173 0 933 653 0 471 20 764 23 98 0 0 725 131 20 0 870 16 327 491 91 20 244 250 49 160 17 0 0 409 849 434 875 232 454 914 486 29 78 0 619 229 0 0 347 825 972 316 0 722 112 274 398 94 0 557 346 82 955 12 134 282 513 271 797 27 817 0 71 924 155 428 239 433 0 474 0 0 432 939 14 0 0 660 0 775 712 833 797 782 221 425 0 0 0 809 416 45 805 448 0 0 442 25 0 546 0 550 0 0 0 132 0 527 340 473 887 235 0 216 111 432 0 783 97 649 0 490 0 4 0 18 295 625 271 0 938 410 526 520 0 766 251 802 0 0 113 336 747 0 278 16 29 931 813 661 681 872 276 863 0 532 451 438 0 277 333 0 55 689 800 531 445 911 154 706 160 18 546 732 0 650 0 519 391 249 872 656 933 0 647 0 31 132 23 0 338 361 176 276 381 618 869 700 470 955 0 257 528 111 0 741 767 865 0 880 862 735 157 719 400 239 805 313 724 743 561 211 846 0 0 459 672 100 564 0 90 895 0 53 44 185 415 594 385 239 104 782 81 112 626 920 656 980 818 0 202 813 759 436 913 509 439 0 0 829 131 284 739 525 116 0 0 142 780 177 0 0 770 609 987 714 617 810 91 207 0 54 0 525 980 164 0 0 973 233 741 158 0 557 620 0 0 0 0 156 554 0 78 617 0 0 948 19 418 45 
29 424 0 0 878 423 834 530 802 0 17 222 600 451 912 721 970 530 67 241 998 0 233 581 346 365 246 336 941 0 0 0 0 511 440 738 0 385 759 505 290 0 969 964 914 374 714 175 522 29 672 574 115 127 996 818 543 239 704 701 377 43 164 896 798 323 0 538 763 406 130 42 0 0 0 788 837 0 691 170 18 608 582 583 630 329 0 0 633 595 973 0 854 0 421 815 534 183 502 559 0 670 708 0 0 619 0 503 0 15 902 331 932 188 432 723 374 754 89 948 0 0 852 878 0 0 17 666 699 86 0 420 992 531 802 210 814 0 330 834 880 934 206 943 333 961 53 689 461 255 427 86 418 485 0 564 165 608 68 0 0 0 393 22 0 938 490 0 0 0 819 65 373 910 501 0 720 790 871 768 766 228 0 0 0 925 111 0 590 24 835 0 982 0 164 16 337 75 718 0 0 0 129 785 630 0 0 441 931 106 0 715 204 0 75 998 45 0 0 342 0 120 0 307 265 816 244 667 894 433 792 502 608 0 65 755 335 0 723 202 265 138 229 643 0 0 100 0 358 109 834 444 213 850 934 531 0 445 676 748 542 765 973 546 893 190 263 648 485 432 68 985 0 0 113 149 800 765 569 730 977 0 171 0 785 657 552 715 743 625 778 167 0 822 110 246 0 226 167 499 228 382 699 418 390 0 450 915 952 0 207 673 0 0 0 805 0 820 199 0 143 432 50 370 305 906 342 961 0 589 0 757 985 213 293 952 
0 700 335 668 285 345 245 0 598 169 901 443 0 241 414 439 0 532 949 733 76 0 0 0 554 276 84 997 0 0 725 0 0 167 427 409 525 714 962 364 941 0 0 182 531 786 0 419 675 600 0 437 0 0 579 589 503 0 0 907 0 928 155 978 628 835 525 0 979 77 296 248 0 730 0 983 0 0 3 434 551 160 0 0 0 893 58 449 93 0 209 0 327 744 0 12 747 0 733 0 357 579 63 579 129 527 711 853 398 267 497 339 0 928 0 0 336 924 716 493 507 486 633 544 0 782 538 862 700 0 0 192 301 603 966 153 94 939 0 468 0 530 773 686 918 267 219 0 596 823 791 893 269 507 210 327 133 0 721 308 61 0 345 713 332 603 179 248 880 453 75 231 865 245 85 457 760 815 358 426 81 892 988 0 744 0 394 0 701 0 610 998 927 835 870 402 730 375 0 25 457 625 861 691 260 0 160 385 913 47 0 891 660 728 811 0 10 712 352 685 595 631 376 0 120 586 94 382 993 0 0 772 0 0 0 120 446 633 575 314 0 928 908 469 867 247 2 975 518 461 36 663 39 0 576 0 0 0 786 0 515 107 0 417 951 0 556 695 0 382 968 48 188 0 89 0 452 738 0 917 851 362 191 0 704 396 0 750 0 216 387 0 0 141 768 473 154 62 651 818 0 411 783 811 0 0 0 935 0 892 108 711 117 709 898 403 597 129 0 0 159 467 902 21 0 266 0 797 780 974 888 713 729 560 914 706 
477 417 86 885 732 405 326 648 337 170 743 618 157 0 606 849 899 22 872 0 913 104 178 340 492 525 857 984 312 76 131 511 167 0 0 548 759 252 0 223 0 239 215 22 190 0 972 909 0 652 707 7 0 119 768 811 755 0 525 0 0 563 235 118 938 437 755 994 375 0 225 756 711 0 160 0 100 0 308 529 0 0 926 0 0 0 997 748 322 529 575 362 214 22 860 970 28 879 841 129 0 626 39 0 908 717 201 793 879 50 837 793 920 762 0 0 879 0 0 840 722 125 46 0 511 49 573 787 412 0 490 289 936 0 474 0 170 470 736 612 748 0 49 489 432 914 73 463 0 901 784 262 0 0 90 807 374 0 576 8 381 662 913 256 756 335 32 0 467 432 22 858 83 451 604 511 930 126 818 764 888 663 778 104 0 0 0 197 515 3 0 0 674 502 0 807 0 494 0 487 243 494 641 894 216 621 74 308 0 0 118 980 0 436 197 595 783 0 0 97 862 416 0 416 834 0 0 35 771 291 74 424 8 745 78 949 0 305 474 140 698 531 702 389 0 714 403 0 0 548 55 0 305 0 0 134 361 0 115 113 674 404 296 141 652 119 355 480 246 305 0 211 940 560 663 370 651 385 0 152 874 757 55 801 0 14 615 402 944 0 729 250 635 0 306 206 503 646 251 989 450 947 0 545 685 531 0 780 905 99 0 369 749 977 649 78 149 757 491 0 698 0 865 0 0 180 464 246 730 745 0 225 530 686 465 787 
