0 269 726 207 0 947 430 986 595 721 741 589 531 295 417 85 0 932 0 0 0 380 517 174 578 776 799 0 684 0 456 923 296 507 616 618 250 361 0 110 567 271 0 247 290 397 718 495 837 618 575 0 0 793 0 116 193 0 0 141 596 154 0 518 694 0 612 0 978 234 798 827 69 316 863 775 0 0 316 967 0 0 595 516 0 62 153 944 649 496 0 358 0 702 315 524 914 574 0 557 909 809 252 0 963 674 666 218 0 945 312 0 0 414 707 858 739 90 828 769 71 182 425 154 249 908 912 0 389 0 854 668 0 0 908 351 563 176 261 0 155 0 316 108 383 950 721 395 468 0 244 487 0 209 
269 0 0 263 750 739 57 819 138 841 0 0 323 324 256 0 401 0 84 551 16 657 448 79 540 335 406 629 62 0 0 0 690 0 813 0 98 108 0 32 230 0 199 753 978 160 0 10 201 284 0 855 415 87 770 875 535 194 789 0 545 0 770 313 564 597 144 405 31 941 333 0 0 507 0 894 886 550 886 514 747 12 797 947 0 918 494 850 941 148 0 512 0 0 373 111 331 7 496 0 826 0 109 0 957 500 790 572 864 252 0 463 533 480 427 452 398 0 0 757 365 455 128 817 508 681 193 963 403 470 0 0 968 765 899 567 520 493 720 0 837 648 875 0 101 876 0 225 741 656 738 0 17 882 
726 0 0 189 577 0 588 238 124 0 961 298 242 177 228 0 833 896 0 0 0 607 0 121 155 0 479 866 687 731 375 0 15 0 857 504 0 0 587 828 953 357 248 0 0 970 252 602 757 504 787 574 672 832 0 465 0 976 839 347 235 272 0 808 0 338 0 420 428 187 445 0 252 664 967 203 15 756 0 275 368 610 989 404 723 995 263 321 0 212 0 650 46 0 0 865 0 0 17 0 374 0 300 769 626 964 453 559 181 0 388 48 909 0 0 0 850 0 850 0 171 660 386 0 47 10 0 372 463 156 723 194 0 719 420 56 20 982 152 770 854 973 0 754 0 0 290 667 0 0 426 96 459 737 
207 263 189 0 273 169 229 210 0 826 753 669 0 42 410 76 160 648 473 895 457 841 821 0 517 119 0 172 370 235 0 449 0 675 636 959 77 554 759 219 777 75 0 606 506 0 544 695 842 619 108 0 0 999 555 927 549 25 236 201 217 0 337 0 0 0 220 86 0 559 231 249 139 307 0 752 39 559 0 305 724 493 805 721 824 0 0 304 937 836 0 153 845 487 390 579 668 258 760 410 680 0 52 392 458 994 0 262 74 300 530 0 161 477 683 932 72 0 521 0 0 0 0 771 833 0 0 0 720 490 48 0 380 0 618 337 0 248 871 0 649 655 0 89 123 150 870 692 829 634 142 368 0 374 
0 750 577 273 0 0 270 272 0 347 845 152 710 0 425 688 529 415 223 923 501 521 846 718 349 0 516 823 696 0 462 20 139 201 0 849 623 804 933 106 947 0 0 757 251 763 689 288 296 708 889 0 957 837 900 490 0 117 984 347 365 295 610 0 460 3 277 938 204 750 0 6 0 889 397 720 456 958 603 924 599 45 361 564 337 0 642 304 0 0 651 923 444 0 0 0 841 549 0 0 0 618 0 513 255 329 850 514 397 424 313 814 163 220 0 430 10 836 0 399 730 817 93 597 266 944 0 291 315 0 339 431 0 0 654 0 0 0 708 0 307 0 707 57 34 864 328 0 745 840 657 633 960 0 
947 739 0 169 0 0 218 817 0 817 0 341 703 39 763 784 830 0 688 767 0 0 121 900 0 641 0 229 817 375 15 119 223 0 566 636 834 0 0 9 0 0 195 255 857 671 12 0 36 255 0 221 20 299 866 182 0 317 0 310 909 752 0 689 114 49 609 863 77 943 917 985 327 562 0 692 0 0 244 882 0 645 356 170 336 859 632 999 889 861 499 789 785 909 552 799 775 0 587 504 187 0 490 281 29 784 0 549 154 707 0 699 974 151 342 0 848 182 0 281 290 508 908 0 75 0 700 0 0 469 140 0 0 733 951 807 466 650 408 789 0 641 525 0 0 394 383 299 0 556 190 176 323 62 
430 57 588 229 270 218 0 886 0 0 923 263 104 387 383 645 97 705 0 0 0 0 355 216 772 692 37 877 919 789 0 356 751 486 275 0 910 0 0 569 463 0 716 563 275 0 562 346 827 261 2 113 587 985 461 978 0 510 999 940 269 0 0 839 0 0 616 223 540 63 88 0 317 846 357 0 923 149 0 206 253 0 309 788 0 220 0 321 908 0 32 485 284 461 0 983 200 930 621 0 594 0 789 0 823 332 0 0 720 279 312 329 419 73 683 152 0 364 976 291 292 744 457 189 385 710 265 88 792 314 0 634 0 0 449 65 163 136 563 269 0 815 446 857 409 378 272 760 371 639 71 0 587 0 
986 819 238 210 272 817 886 0 892 24 275 662 469 490 42 0 533 0 731 0 470 534 77 0 677 113 673 32 966 520 495 0 740 965 705 0 55 696 0 136 300 48 0 433 554 601 0 0 0 503 192 945 11 149 451 546 9 626 0 435 221 554 67 118 664 397 826 0 141 832 831 0 608 0 0 864 0 752 452 928 987 861 0 523 656 0 494 457 40 334 346 945 40 828 204 0 262 32 0 284 0 921 918 454 146 695 352 979 537 417 905 494 847 153 0 0 27 0 0 785 0 0 344 790 338 80 674 891 952 614 910 750 177 7 773 0 542 817 762 544 0 0 391 0 716 663 104 370 873 546 888 0 0 245 
595 138 124 0 0 0 0 892 0 555 0 0 424 408 168 0 0 864 288 75 184 0 267 709 747 538 12 574 130 0 591 0 909 628 33 49 89 810 0 0 195 389 75 0 213 520 823 280 21 0 0 484 0 225 99 863 41 769 0 7 0 385 404 584 439 0 0 814 271 219 925 0 620 464 371 538 677 329 0 385 757 0 212 963 0 631 571 613 86 401 217 156 897 685 260 704 382 173 431 900 169 712 227 18 935 362 0 0 0 0 662 0 0 973 142 550 957 0 975 74 0 971 228 111 611 0 790 669 893 455 0 870 769 734 393 0 842 189 813 833 412 0 754 0 615 499 361 279 0 776 565 137 200 0 
721 841 0 826 347 817 0 24 555 0 731 859 0 754 520 338 132 929 103 403 495 526 809 195 289 0 878 141 493 629 0 0 966 174 857 32 854 548 0 0 0 644 700 1 898 205 0 983 135 945 499 175 669 62 505 425 524 0 411 838 573 307 461 32 0 302 695 646 693 825 618 0 0 421 634 984 0 355 357 0 912 959 0 735 489 114 480 890 273 887 165 363 219 338 859 561 568 820 353 0 0 0 136 662 891 946 801 661 0 0 696 289 0 133 0 713 127 965 640 0 703 318 0 40 907 411 0 935 756 17 167 94 168 302 240 749 919 0 386 105 0 903 184 437 160 973 0 43 407 994 562 0 0 240 
741 0 961 753 845 0 923 275 0 731 0 905 743 137 0 0 601 121 0 60 122 231 0 128 0 166 438 695 0 0 140 207 74 871 102 124 380 617 0 868 257 333 648 0 0 493 767 449 660 0 0 100 21 520 822 485 600 329 490 300 742 424 0 192 0 348 0 510 0 575 322 0 789 540 0 417 0 773 0 399 697 470 0 669 0 474 544 276 0 239 922 874 0 246 320 423 631 586 924 0 39 990 756 632 0 888 0 425 0 312 0 78 431 694 971 289 0 623 724 243 25 0 0 781 942 0 211 0 0 0 687 901 47 0 837 657 680 203 0 804 851 913 0 38 227 239 424 554 742 329 241 456 728 528 
589 0 298 669 152 341 263 662 0 859 905 0 585 0 0 393 487 70 999 78 0 426 187 742 442 791 181 757 667 354 76 0 733 0 211 381 857 548 213 554 41 0 891 268 259 984 567 0 744 713 11 159 891 60 0 498 34 222 0 0 0 25 0 656 586 0 503 0 475 554 301 439 714 89 352 196 834 0 0 51 789 80 938 389 582 121 521 475 980 974 0 797 0 876 594 429 0 171 732 956 0 86 0 0 0 424 336 0 607 474 90 959 725 100 0 691 0 223 738 39 337 0 0 0 0 490 990 563 326 0 116 708 0 352 998 59 439 0 276 0 348 130 465 0 0 953 340 608 0 488 105 658 837 449 
531 323 242 0 710 703 104 469 424 0 743 585 0 12 626 24 943 0 0 0 916 920 0 73 0 43 822 0 0 223 600 244 662 285 633 465 359 759 820 913 122 0 633 470 435 0 831 0 72 961 723 678 0 578 577 0 0 370 0 0 634 467 495 366 678 95 199 562 0 224 792 0 439 0 0 0 783 855 0 42 0 480 492 660 445 990 0 920 677 327 727 97 946 427 819 864 520 864 774 22 744 573 0 140 955 0 267 138 882 194 0 0 460 0 0 0 163 987 835 799 209 0 0 611 126 124 0 733 966 563 231 0 637 0 184 33 0 161 349 739 187 323 0 821 539 0 728 825 882 0 746 181 391 907 
295 324 177 42 0 39 387 490 408 754 137 0 12 0 139 379 518 192 0 0 662 0 0 576 216 350 251 525 0 10 672 958 733 118 908 238 775 887 0 0 611 23 499 564 946 482 327 827 282 558 0 581 922 0 165 339 681 239 193 510 39 0 221 778 799 535 250 33 382 0 367 396 530 0 77 0 570 383 0 0 0 634 0 105 593 856 0 352 0 739 0 923 0 0 99 0 211 854 0 303 0 457 803 0 0 593 28 895 655 309 167 585 857 739 730 750 179 0 773 0 648 394 580 884 57 981 84 931 0 604 560 0 0 497 47 582 297 516 959 352 880 880 646 98 741 37 122 617 0 240 711 772 985 320 
417 256 228 410 425 763 383 42 168 520 0 0 626 139 0 393 839 0 564 0 0 739 714 270 0 264 0 846 0 279 765 283 0 247 10 495 980 151 905 232 53 615 345 805 985 0 34 0 83 821 652 410 242 261 522 0 820 642 0 314 172 0 102 0 0 187 0 0 989 43 0 135 540 884 0 0 0 0 0 778 520 519 956 0 222 268 0 188 967 615 778 316 0 497 778 410 790 620 0 811 995 404 521 78 57 374 743 854 980 173 594 602 968 0 175 451 0 175 0 0 296 0 854 790 846 829 994 111 0 461 0 969 692 873 87 490 53 460 503 420 0 882 241 54 636 913 124 0 79 412 192 442 0 757 
85 0 0 76 688 784 645 0 0 338 0 393 24 379 393 0 237 9 382 971 597 846 779 0 0 512 182 815 61 207 0 573 23 439 0 740 964 939 0 487 0 839 274 412 0 847 965 959 923 890 108 655 0 785 0 428 0 177 947 0 883 572 0 0 201 885 840 517 11 0 788 761 119 863 873 499 661 200 198 474 604 129 0 747 819 433 99 325 0 0 0 901 0 529 785 0 564 0 0 455 957 311 990 248 0 0 0 61 460 175 241 95 658 801 768 158 0 740 444 0 88 0 26 699 0 944 351 945 954 971 435 893 106 294 367 625 74 774 0 131 765 767 857 79 848 0 937 0 979 937 966 689 451 767 
0 401 833 160 529 830 97 533 0 132 601 487 943 518 839 237 0 54 191 238 280 181 602 856 479 446 990 893 371 272 175 136 848 802 53 0 919 566 988 467 0 960 643 369 0 852 254 0 0 800 0 602 753 757 789 0 0 534 0 951 0 0 22 0 0 441 567 108 0 857 306 590 273 49 612 703 0 877 412 0 608 33 0 831 183 497 970 423 814 996 892 0 236 475 557 0 0 682 247 459 192 715 775 452 551 0 624 380 0 596 0 0 354 129 257 0 535 282 415 56 616 0 95 0 225 906 305 351 420 579 0 571 25 0 899 635 759 0 599 396 986 11 514 416 83 569 190 0 0 850 982 736 340 0 
932 0 896 648 415 0 705 0 864 929 121 70 0 192 0 9 54 0 0 967 890 115 271 0 803 0 157 910 619 0 0 0 564 167 0 745 92 249 0 0 873 928 876 24 157 0 920 579 196 428 0 566 36 805 110 0 111 794 0 0 0 0 447 0 563 0 176 687 184 775 0 79 411 713 517 704 0 744 127 777 602 456 975 819 318 722 410 936 711 359 0 186 821 226 739 0 18 738 314 413 770 286 0 175 626 923 158 708 886 582 0 746 184 382 0 518 816 646 0 709 0 950 0 723 0 486 94 0 878 384 891 0 93 894 961 795 838 320 0 794 985 759 932 0 215 518 535 752 0 143 44 749 466 25 
0 84 0 473 223 688 0 731 288 103 0 999 0 0 564 382 191 0 0 948 260 244 31 919 721 182 846 924 378 0 824 266 0 467 924 253 0 506 0 0 681 133 286 0 377 4 0 54 829 216 0 994 168 0 0 715 29 69 61 118 382 22 547 750 0 266 247 441 761 0 164 607 0 746 336 0 56 0 0 155 734 601 0 0 118 151 288 0 496 444 0 566 186 0 990 369 741 692 0 696 0 0 799 0 673 0 316 0 25 0 0 964 0 0 0 0 637 0 730 889 0 41 0 338 530 75 0 0 604 624 0 0 0 0 753 183 0 56 0 895 897 88 240 479 857 0 126 500 0 416 649 269 516 276 
0 551 0 895 923 767 0 0 75 403 60 78 0 0 0 971 238 967 948 0 0 602 596 122 583 756 572 228 524 0 408 173 270 0 163 644 657 0 414 111 322 380 661 345 628 788 0 0 0 735 55 0 273 999 0 792 0 220 539 708 169 122 784 0 652 189 504 0 214 0 496 739 367 841 904 0 299 776 0 276 169 179 742 398 340 596 145 920 691 270 849 0 558 399 700 756 893 0 0 417 90 260 704 422 448 231 331 0 0 321 451 949 598 184 486 448 180 567 0 924 0 208 55 552 597 688 0 190 135 0 609 0 462 900 557 23 948 283 146 626 179 0 553 0 0 163 0 986 0 127 243 119 0 370 
0 16 0 457 501 0 0 470 184 495 122 0 916 662 0 597 280 890 260 0 0 735 603 0 0 271 133 319 0 849 619 601 281 0 0 877 858 12 27 116 857 373 383 35 0 842 756 0 31 854 762 131 926 204 0 379 0 300 856 969 234 782 675 368 10 269 0 0 271 615 0 0 856 610 622 738 622 549 0 111 591 163 0 870 773 342 974 0 360 325 349 725 427 707 529 791 20 22 0 0 82 873 634 0 0 301 111 388 67 0 0 262 331 492 162 68 451 351 126 306 234 577 0 139 686 272 226 393 845 273 649 583 762 324 708 396 621 78 489 84 137 242 0 136 516 638 639 0 841 0 0 0 110 0 
380 657 607 841 521 0 0 534 0 526 231 426 920 0 739 846 181 115 244 602 735 0 0 789 639 111 78 984 873 104 916 174 240 0 0 191 391 634 174 0 742 215 0 754 655 0 571 341 836 251 285 0 323 43 806 0 0 578 955 730 33 495 0 503 413 34 0 502 249 249 0 605 305 0 993 8 0 3 0 542 765 393 805 0 589 219 344 787 0 365 975 0 461 199 888 347 0 0 316 741 17 0 436 0 388 259 451 829 254 430 0 340 146 0 0 0 501 763 33 456 117 0 606 775 133 964 907 0 192 930 0 0 159 430 860 999 756 615 867 662 0 645 717 592 149 0 327 955 852 156 86 732 0 982 
517 448 0 821 846 121 355 77 267 809 0 187 0 0 714 779 602 271 31 596 603 0 0 0 0 0 728 0 0 504 789 777 448 123 0 895 125 761 447 908 0 574 634 0 96 90 706 590 884 280 0 395 473 0 0 956 65 0 0 213 862 32 494 198 322 0 0 0 926 94 0 2 971 0 0 364 624 912 176 548 739 102 328 0 631 923 348 659 810 577 568 202 478 240 495 747 589 255 784 812 242 114 10 666 372 33 640 927 915 864 6 0 798 0 198 0 0 911 960 731 0 126 802 371 103 916 148 0 0 985 453 103 36 308 751 938 790 0 156 935 841 226 98 0 846 813 132 470 922 536 834 481 133 0 
174 79 121 0 718 900 216 0 709 195 128 742 73 576 270 0 856 0 919 122 0 789 0 0 0 0 876 774 345 528 541 0 195 91 193 0 0 0 163 0 0 0 52 0 998 631 0 963 0 119 463 419 272 0 0 64 0 0 0 701 0 193 78 0 285 0 673 470 337 238 0 613 614 365 993 49 468 0 126 353 308 0 0 555 360 258 36 343 851 0 200 87 644 309 763 925 0 674 632 743 485 492 846 0 801 623 315 284 419 641 521 230 934 0 840 393 966 829 0 266 622 0 0 862 423 0 166 856 242 308 784 333 720 788 0 170 614 712 586 551 966 584 501 964 894 149 25 459 0 442 0 387 7 599 
578 540 155 517 349 0 772 677 747 289 0 442 0 216 0 0 479 803 721 583 0 639 0 0 0 0 623 800 0 66 446 0 73 497 302 469 610 588 428 995 193 65 460 394 269 384 731 941 270 244 546 0 390 826 529 0 0 246 939 0 533 633 770 367 0 0 0 0 879 0 0 0 504 929 18 371 443 0 717 487 197 159 150 490 246 570 694 185 0 421 820 842 35 904 0 37 244 310 406 753 290 275 410 477 41 830 285 0 288 0 199 0 84 0 932 0 174 502 672 922 513 0 433 0 560 0 334 242 524 450 475 903 310 498 0 64 20 560 618 0 923 613 629 347 0 0 0 382 358 829 117 881 0 690 
776 335 0 119 0 641 692 113 538 0 166 791 43 350 264 512 446 0 182 756 271 111 0 0 0 0 0 69 813 0 0 944 246 891 0 620 0 0 173 703 855 34 343 60 730 542 882 343 847 883 0 0 364 178 883 886 119 842 460 384 199 200 122 0 31 567 0 371 799 0 796 843 419 746 588 890 329 31 545 0 0 946 287 373 928 228 76 83 344 835 0 934 528 502 29 17 501 317 785 0 236 93 456 222 91 920 57 705 93 850 890 0 772 0 429 942 393 0 0 152 597 340 932 0 727 993 835 774 87 624 55 502 975 113 679 896 365 257 855 212 415 221 128 625 671 0 980 456 0 843 0 272 981 394 
799 406 479 0 516 0 37 673 12 878 438 181 822 251 0 182 990 157 846 572 133 78 728 876 623 0 0 464 0 367 481 418 252 121 455 912 535 676 0 116 202 231 634 765 198 255 632 52 512 445 247 977 979 0 509 894 881 870 373 570 739 0 196 817 324 532 95 0 61 0 0 0 622 460 550 553 386 0 0 714 885 223 0 362 0 646 366 562 197 473 520 0 12 616 322 330 0 0 0 73 772 847 736 159 0 999 760 228 0 0 126 767 492 0 602 545 0 457 344 0 491 129 647 757 396 398 238 678 565 600 677 23 876 197 442 996 195 65 0 969 821 925 0 351 724 457 777 393 680 361 26 0 541 0 
0 629 866 172 823 229 877 32 574 141 695 757 0 525 846 815 893 910 924 228 319 984 0 774 800 69 464 0 195 108 67 435 0 60 225 105 233 807 941 832 0 852 858 0 383 29 482 627 0 0 163 0 656 744 0 930 0 816 918 0 610 0 933 582 0 0 0 516 832 0 563 554 981 833 0 765 487 847 617 643 857 182 0 201 0 65 47 0 787 824 0 255 501 89 84 670 0 316 0 163 896 2 64 637 635 345 0 591 0 60 0 113 0 739 0 489 607 237 516 545 732 0 0 0 0 452 523 0 577 563 708 385 168 518 382 666 36 900 322 937 926 437 538 0 294 0 422 0 774 0 0 595 0 475 
684 62 687 370 696 817 919 966 130 493 0 667 0 0 0 61 371 619 378 524 0 873 0 345 0 813 0 195 0 492 5 92 262 680 0 0 610 0 479 177 0 341 57 295 0 521 742 966 503 35 469 20 421 0 169 44 777 698 339 0 729 629 707 617 0 113 12 95 563 400 0 0 168 0 557 609 429 0 0 270 358 0 0 28 665 372 0 921 99 26 888 612 476 475 0 856 862 353 68 0 601 232 739 198 568 1 200 197 318 630 87 0 717 504 495 864 873 0 255 0 515 949 481 0 213 805 811 405 0 449 728 238 344 0 239 588 487 385 551 899 104 344 757 828 997 637 815 35 566 865 637 0 999 61 
0 0 731 235 0 375 789 520 0 629 0 354 223 10 279 207 272 0 0 0 849 104 504 528 66 0 367 108 492 0 552 0 691 535 985 73 649 53 870 346 490 0 36 95 231 814 476 258 84 414 728 247 170 668 697 0 904 358 883 717 0 570 912 907 804 275 555 0 737 442 466 767 0 157 0 513 384 0 0 0 0 90 108 744 402 639 916 0 331 197 315 496 103 280 830 653 0 951 900 0 0 376 870 137 363 0 206 546 292 199 30 650 0 558 0 964 541 0 3 301 886 596 123 0 0 252 235 0 0 212 0 829 0 323 148 0 5 609 201 0 342 134 0 236 0 139 0 0 0 319 996 0 149 0 
456 0 375 0 462 15 0 495 591 0 140 76 600 672 765 0 175 0 824 408 619 916 789 541 446 0 481 67 5 552 0 656 0 680 154 0 0 320 917 930 854 930 0 652 0 911 285 416 793 0 578 750 46 524 621 0 294 0 0 0 810 359 814 665 420 998 588 631 67 601 0 344 36 416 820 105 975 798 158 326 479 492 0 925 550 0 0 390 148 225 784 0 557 485 929 841 246 100 801 698 761 674 211 0 0 195 0 0 0 14 966 917 661 241 424 907 465 917 0 627 554 873 47 745 955 143 0 972 826 709 180 0 434 306 113 552 0 533 19 980 0 531 18 604 0 793 163 0 241 688 574 233 0 0 
923 0 0 449 20 119 356 0 0 0 207 0 244 958 283 573 136 0 266 173 601 174 777 0 0 944 418 435 92 0 656 0 751 0 562 250 824 149 443 127 6 810 0 312 621 946 730 896 910 581 0 269 0 0 353 0 0 780 85 0 0 0 0 217 736 170 684 0 417 0 0 678 770 51 910 0 0 248 558 782 580 268 198 107 664 145 35 927 932 0 0 899 72 515 0 0 0 331 630 338 932 3 812 718 0 626 252 0 0 896 78 0 643 582 489 731 457 355 572 0 0 0 0 474 0 939 538 780 965 41 733 721 5 0 289 174 99 960 0 276 0 0 776 816 720 893 653 895 573 0 0 0 892 911 
296 690 15 0 139 223 751 740 909 966 74 733 662 733 0 23 848 564 0 270 281 240 448 195 73 246 252 0 262 691 0 751 0 278 758 129 235 0 626 357 291 0 866 419 0 444 876 968 0 743 544 399 0 51 983 0 0 247 0 597 365 73 446 541 967 686 866 385 288 607 0 0 0 0 742 597 0 927 840 544 0 614 93 943 436 741 934 93 0 246 616 265 852 2 115 0 418 0 0 578 848 837 989 0 0 213 0 0 953 0 717 510 0 0 0 786 58 0 0 871 25 206 527 192 0 501 887 8 0 714 108 157 702 0 122 353 0 960 865 384 225 0 279 718 410 430 496 897 149 883 45 533 637 0 
507 0 0 675 201 0 486 965 628 174 871 0 285 118 247 439 802 167 467 0 0 0 123 91 497 891 121 60 680 535 680 0 278 0 188 0 86 409 866 243 598 391 995 414 872 0 220 376 0 572 892 0 760 206 578 0 397 195 908 0 0 0 532 536 653 741 12 0 174 871 738 112 511 426 975 298 0 813 17 0 520 0 965 0 466 0 795 0 94 0 852 205 557 848 647 945 999 0 868 423 701 48 824 899 623 0 234 221 0 121 0 0 321 0 0 57 845 506 730 0 874 546 888 0 690 0 932 0 0 0 994 634 639 0 765 64 739 466 477 574 0 652 773 440 680 0 0 9 0 969 623 0 316 0 
616 813 857 636 0 566 275 705 33 857 102 211 633 908 10 0 53 0 924 163 0 0 0 193 302 0 455 225 0 985 154 562 758 188 0 537 0 0 834 839 591 346 0 0 96 440 0 0 509 73 270 456 221 0 0 5 772 520 904 280 488 739 548 35 0 0 0 0 56 631 718 868 0 368 199 153 236 63 0 257 986 0 30 920 948 243 21 574 789 393 156 869 399 847 120 790 947 286 965 0 222 135 176 53 524 91 265 0 630 0 882 745 302 0 177 929 188 214 0 755 0 391 0 0 481 558 642 580 0 798 43 152 338 607 0 868 371 522 345 0 457 0 774 406 0 746 528 229 183 638 543 644 333 989 
618 0 504 959 849 636 0 0 49 32 124 381 465 238 495 740 0 745 253 644 877 191 895 0 469 620 912 105 0 73 0 250 129 0 537 0 4 440 531 88 422 0 0 734 860 696 0 112 0 4 465 818 0 899 0 275 328 990 102 404 95 653 0 0 730 611 0 0 0 497 0 766 0 0 891 978 675 655 47 508 228 0 0 181 0 0 217 410 576 0 991 455 301 114 176 0 293 352 173 781 0 0 568 603 736 250 764 0 249 396 95 38 402 382 946 0 573 976 300 568 43 531 576 513 268 48 0 708 0 887 0 640 970 0 140 0 0 323 15 891 704 0 38 747 442 0 843 93 555 206 0 830 543 0 
250 98 0 77 623 834 910 55 89 854 380 857 359 775 980 964 919 92 0 657 858 391 125 0 610 0 535 233 610 649 0 824 235 86 0 4 0 914 947 434 162 0 239 665 259 408 0 828 507 727 147 566 828 774 0 0 254 0 663 839 485 0 864 126 0 0 204 976 224 60 0 0 69 0 968 0 803 883 226 876 0 0 433 167 0 344 592 807 0 700 147 457 890 776 499 814 421 418 0 152 38 369 337 0 0 236 387 302 710 368 0 618 0 822 0 829 948 776 327 647 690 972 203 298 0 515 476 619 501 926 284 478 233 227 0 118 0 0 727 381 948 768 23 606 775 132 928 0 799 240 805 307 906 0 
361 108 0 554 804 0 0 696 810 548 617 548 759 887 151 939 566 249 506 0 12 634 761 0 588 0 676 807 0 53 320 149 0 409 0 440 914 0 0 109 342 292 552 771 419 265 395 229 879 208 735 201 0 469 457 726 792 471 0 735 205 87 726 209 140 426 0 903 147 0 739 0 792 0 90 851 644 307 171 295 0 357 75 160 156 0 109 498 0 535 216 717 260 627 714 149 564 106 757 0 860 985 281 318 736 220 809 935 0 881 134 0 468 77 534 807 0 0 854 0 840 320 729 0 317 671 748 201 619 439 0 380 57 173 0 8 0 0 0 501 78 81 0 0 0 481 0 979 0 918 118 304 114 672 
0 0 587 759 933 0 0 0 0 0 0 213 820 0 905 0 988 0 0 414 27 174 447 163 428 173 0 941 479 870 917 443 626 866 834 531 947 0 0 577 0 431 0 359 732 899 137 0 462 0 240 908 0 150 769 111 611 662 746 81 185 362 626 0 422 0 687 0 0 0 663 334 0 613 853 87 315 31 799 766 521 845 222 226 798 637 203 991 0 684 775 305 971 0 100 832 959 68 75 0 707 48 802 859 678 0 0 892 355 335 969 294 948 208 936 478 218 152 958 502 0 692 0 808 250 388 555 836 0 257 648 87 937 0 0 0 856 604 0 0 0 379 0 45 74 0 376 691 0 778 826 737 0 824 
110 32 828 219 106 9 569 136 0 0 868 554 913 0 232 487 467 0 0 111 116 0 908 0 995 703 116 832 177 346 930 127 357 243 839 88 434 109 577 0 353 353 256 0 338 682 187 446 733 563 594 678 856 312 237 181 94 407 150 478 529 0 664 720 903 921 457 672 660 419 142 880 0 586 0 151 298 958 234 222 644 19 503 684 503 0 0 744 614 275 478 749 396 0 885 434 697 0 0 446 242 474 0 897 0 954 79 873 61 346 9 249 0 893 901 0 40 551 0 274 555 261 85 905 0 534 539 497 201 521 0 0 526 517 946 893 0 153 495 745 923 582 313 0 0 0 752 0 879 747 302 228 0 0 
567 230 953 777 947 0 463 300 195 0 257 41 122 611 53 0 0 873 681 322 857 742 0 0 193 855 202 0 0 490 854 6 291 598 591 422 162 342 0 353 0 206 67 0 648 443 933 599 473 697 239 469 452 163 524 0 908 899 250 0 187 628 17 523 987 284 834 0 847 855 0 894 674 612 644 615 225 156 246 751 739 0 6 760 53 615 97 0 423 161 0 268 337 0 0 797 951 870 193 240 932 433 0 279 73 870 926 671 12 305 849 623 0 849 0 816 873 655 502 643 538 291 817 759 268 0 0 0 601 956 239 465 883 693 822 732 785 301 411 798 197 631 141 450 162 805 993 203 695 505 0 363 0 0 
271 0 357 75 0 0 0 48 389 644 333 0 0 23 615 839 960 928 133 380 373 215 574 0 65 34 231 852 341 0 930 810 0 391 346 0 0 292 431 353 206 0 280 0 68 0 764 638 329 309 0 600 309 0 0 750 478 180 685 632 602 0 787 54 20 0 111 888 8 224 0 618 350 145 120 331 610 506 742 763 10 0 587 0 170 235 901 442 0 778 771 803 329 288 0 631 810 593 219 0 0 603 112 728 337 911 0 768 196 705 77 16 0 0 854 98 0 303 991 0 151 0 920 0 398 0 736 378 148 0 29 0 758 191 563 0 542 0 772 589 554 11 0 880 379 540 0 851 750 100 0 0 0 0 
0 199 248 0 0 195 716 0 75 700 648 891 633 499 345 274 643 876 286 661 383 0 634 52 460 343 634 858 57 36 0 0 866 995 0 0 239 552 0 256 67 280 0 90 610 0 883 522 869 0 565 0 807 402 600 542 680 623 336 461 230 625 569 480 701 460 792 0 0 0 923 843 286 737 803 595 774 769 967 506 408 185 570 0 583 556 885 0 0 499 0 120 129 96 557 49 62 0 375 144 607 0 124 0 611 296 91 1 570 436 654 773 0 0 614 0 483 720 919 747 868 0 0 0 0 912 413 924 0 260 523 0 785 974 103 178 555 0 914 184 153 0 0 928 0 137 0 549 0 0 361 0 341 384 
247 753 0 606 757 255 563 433 0 1 0 268 470 564 805 412 369 24 0 345 35 754 0 0 394 60 765 0 295 95 652 312 419 414 0 734 665 771 359 0 0 0 90 0 650 416 595 703 610 160 0 0 128 0 0 672 217 684 846 898 890 585 0 64 0 175 970 426 220 190 675 880 0 831 693 925 239 24 0 245 301 720 386 960 0 0 0 0 632 407 917 353 421 71 88 978 904 442 101 0 0 627 0 199 0 0 25 0 784 93 735 0 684 346 765 0 799 748 857 0 0 926 0 820 76 17 534 516 0 404 28 158 0 782 557 314 693 114 0 0 573 0 444 0 0 763 835 776 924 354 0 0 486 34 
290 978 0 506 251 857 275 554 213 898 0 259 435 946 985 0 0 157 377 628 0 655 96 998 269 730 198 383 0 231 0 621 0 872 96 860 259 419 732 338 648 68 610 650 0 900 287 0 210 0 935 468 587 957 377 804 0 983 193 27 321 0 828 0 48 588 964 481 0 0 638 0 219 0 0 0 789 0 83 749 0 0 371 0 962 0 426 0 230 140 834 0 271 519 705 789 552 901 370 553 0 177 738 106 0 0 0 781 0 0 672 6 292 863 0 909 464 500 739 0 720 594 754 506 496 331 822 815 757 803 217 519 0 0 364 12 622 501 621 749 903 586 0 542 0 0 527 637 0 0 0 953 372 921 
397 160 970 0 763 671 0 601 520 205 493 984 0 482 0 847 852 0 4 788 842 0 90 631 384 542 255 29 521 814 911 946 444 0 440 696 408 265 899 682 443 0 0 416 900 0 760 862 623 555 0 543 688 970 0 0 819 219 0 882 691 599 694 781 0 13 0 337 0 578 0 0 0 163 255 676 467 318 270 44 113 602 0 944 353 335 920 117 9 468 0 0 0 0 0 802 0 197 863 167 429 392 228 0 634 620 84 72 594 0 527 0 0 955 386 0 0 274 274 0 449 0 0 828 0 0 787 270 592 256 0 652 726 0 657 556 0 995 839 0 0 0 672 0 0 0 0 0 262 166 763 0 738 336 
718 0 252 544 689 12 562 0 823 0 767 567 831 327 34 965 254 920 0 0 756 571 706 0 731 882 632 482 742 476 285 730 876 220 0 0 0 395 137 187 933 764 883 595 287 760 0 0 706 0 958 152 239 960 85 636 0 282 432 550 164 921 144 0 194 37 249 401 504 630 568 104 441 0 227 0 335 731 983 0 283 806 924 568 52 881 92 127 668 271 0 79 159 252 601 739 859 0 351 0 535 428 820 8 893 928 0 34 756 0 14 0 250 0 936 799 626 0 257 103 960 883 761 20 129 601 0 0 202 582 213 0 236 478 379 176 707 0 0 366 441 878 652 295 0 0 252 142 900 518 763 629 473 978 
495 10 602 695 288 0 346 0 280 983 449 0 0 827 0 959 0 579 54 0 0 341 590 963 941 343 52 627 966 258 416 896 968 376 0 112 828 229 0 446 599 638 522 703 0 862 0 0 0 352 239 579 0 0 902 428 0 253 0 339 626 0 0 96 110 458 522 154 0 737 795 131 711 50 419 0 937 187 662 390 313 750 76 165 601 185 107 627 772 0 0 576 221 327 226 0 120 643 0 500 27 312 921 571 823 728 0 520 880 276 595 734 776 141 786 0 265 998 0 476 329 37 0 689 0 279 475 65 757 241 900 201 512 248 1 829 965 899 0 123 284 393 0 231 897 924 301 481 0 257 346 353 697 0 
837 201 757 842 296 36 827 0 21 135 660 744 72 282 83 923 0 196 829 0 31 836 884 0 270 847 512 0 503 84 793 910 0 0 509 0 507 879 462 733 473 329 869 610 210 623 706 0 0 0 522 402 0 438 992 376 0 144 357 0 894 483 986 179 0 656 0 320 0 0 253 367 17 0 550 412 604 0 971 459 0 499 0 946 0 449 0 0 880 939 0 0 954 102 833 776 790 20 895 400 0 219 843 968 641 957 890 888 562 0 0 667 41 302 699 75 432 170 0 681 0 0 833 0 0 414 64 827 968 12 0 20 258 588 506 774 273 780 894 722 0 535 0 448 640 737 544 679 503 797 997 0 0 607 
618 284 504 619 708 255 261 503 0 945 0 713 961 558 821 890 800 428 216 735 854 251 280 119 244 883 445 0 35 414 0 581 743 572 73 4 727 208 0 563 697 309 0 160 0 555 0 352 0 0 0 423 135 134 79 681 0 34 112 0 628 0 63 437 527 682 276 279 0 593 0 769 138 608 741 642 765 922 363 971 864 0 806 0 630 172 767 0 238 284 326 81 255 485 552 158 196 151 0 0 0 639 209 391 252 214 691 538 281 779 0 0 506 342 849 7 461 919 327 489 293 0 279 579 0 252 968 312 309 0 26 753 172 0 766 185 0 925 0 615 125 146 142 882 314 112 0 855 298 324 287 414 0 0 
575 0 787 108 889 0 2 192 0 499 0 11 723 0 652 108 0 0 0 55 762 285 0 463 546 0 247 163 469 728 578 0 544 892 270 465 147 735 240 594 239 0 565 0 935 0 958 239 522 0 0 0 522 404 670 192 387 938 963 0 332 515 568 792 0 821 210 161 983 26 970 287 746 60 4 582 93 995 715 565 0 0 998 0 32 660 959 769 54 0 287 0 771 916 0 449 949 931 373 0 612 0 706 345 0 0 0 553 805 311 353 994 0 0 0 0 729 996 389 871 248 790 0 12 830 135 94 458 0 29 312 257 364 513 0 596 0 289 659 0 0 894 837 339 0 775 0 0 615 645 587 567 0 293 
0 855 574 0 0 221 113 945 484 175 100 159 678 581 410 655 602 566 994 0 131 0 395 419 0 0 977 0 20 247 750 269 399 0 456 818 566 201 908 678 469 600 0 0 468 543 152 579 402 423 0 0 165 0 0 0 896 222 151 0 0 692 0 979 0 456 0 562 54 0 0 325 60 0 822 361 290 669 457 546 264 0 919 444 536 0 897 430 462 0 235 0 994 788 0 679 990 281 836 396 580 60 0 50 18 434 0 0 721 978 435 455 147 314 0 19 142 518 582 742 937 0 0 70 797 807 214 0 803 0 866 206 278 0 179 903 882 89 184 997 766 0 563 893 0 817 0 262 0 531 914 0 213 577 
0 415 672 0 957 20 587 11 0 669 21 891 0 922 242 0 753 36 168 273 926 323 473 272 390 364 979 656 421 170 46 0 0 760 221 0 828 0 0 856 452 309 807 128 587 688 239 0 0 135 522 165 0 0 0 0 0 403 973 150 1 981 84 69 821 274 372 333 419 0 582 0 85 408 917 331 420 181 662 866 661 73 368 357 880 0 0 0 746 720 570 751 965 272 902 856 697 17 172 0 0 342 956 38 26 78 884 197 121 453 63 39 37 0 0 64 0 774 0 400 739 436 0 283 703 809 0 0 796 0 0 0 0 690 0 216 604 427 135 268 173 210 872 764 123 479 748 588 118 0 575 93 0 468 
793 87 832 999 837 299 985 149 225 62 520 60 578 0 261 785 757 805 0 999 204 43 0 0 826 178 0 744 0 668 524 0 51 206 0 899 774 469 150 312 163 0 402 0 957 970 960 0 438 134 404 0 0 0 0 978 412 586 635 0 500 663 0 878 0 255 753 917 352 0 806 862 90 0 752 419 637 313 241 653 0 0 332 110 261 578 242 865 353 0 294 918 961 0 973 971 633 0 0 120 66 158 380 83 928 123 52 0 957 745 0 842 84 222 0 0 0 341 502 640 930 678 0 0 359 579 637 212 730 149 0 0 125 0 12 0 0 0 367 175 0 0 0 0 763 682 423 523 0 0 248 301 0 370 
0 770 0 555 900 866 461 451 99 505 822 0 577 165 522 0 789 110 0 0 0 806 0 0 529 883 509 0 169 697 621 353 983 578 0 0 0 457 769 237 524 0 600 0 377 0 85 902 992 79 670 0 0 0 0 994 81 651 108 719 582 876 557 660 105 424 102 0 380 74 933 101 258 0 36 288 0 991 786 0 507 891 0 665 565 664 123 115 0 378 0 472 524 333 0 862 804 474 501 331 0 0 0 418 336 806 831 375 0 243 167 568 929 0 679 911 211 700 651 569 443 962 571 810 790 457 0 620 442 0 0 0 0 464 0 0 410 309 552 5 787 0 155 0 742 932 169 750 962 0 0 854 324 383 
116 875 465 927 490 182 978 546 863 425 485 498 0 339 0 428 0 0 715 792 379 0 956 64 0 886 894 930 44 0 0 0 0 0 5 275 0 726 111 181 0 750 542 672 804 0 636 428 376 681 192 0 0 978 994 0 567 95 0 342 903 492 342 896 876 916 859 0 0 284 0 560 754 84 0 618 220 967 559 87 900 579 557 0 707 119 774 0 290 749 888 234 831 592 227 483 134 0 382 0 282 670 457 160 386 833 453 450 0 389 398 0 283 316 536 0 624 0 0 942 967 0 936 591 285 5 587 307 91 0 892 0 577 254 487 561 0 913 595 745 530 0 0 0 354 403 174 890 898 291 986 53 84 578 
193 535 0 549 0 0 0 9 41 524 600 34 0 681 820 0 0 111 29 0 0 0 65 0 0 119 881 0 777 904 294 0 0 397 772 328 254 792 611 94 908 478 680 217 0 819 0 0 0 0 387 896 0 412 81 567 0 0 0 307 486 242 314 613 164 413 185 0 875 569 969 199 0 874 687 0 0 0 957 658 934 886 880 123 920 51 276 0 0 248 214 445 204 408 460 0 239 0 33 0 0 384 876 0 667 907 787 313 0 752 213 686 359 9 460 67 434 803 686 44 915 515 357 406 0 711 458 0 122 642 667 97 687 0 0 712 654 54 868 953 0 0 199 948 878 503 818 30 908 0 0 0 701 0 
0 194 976 25 117 317 510 626 769 0 329 222 370 239 642 177 534 794 69 220 300 578 0 0 246 842 870 816 698 358 0 780 247 195 520 990 0 471 662 407 899 180 623 684 983 219 282 253 144 34 938 222 403 586 651 95 0 0 674 0 0 76 0 365 504 325 0 126 621 572 629 771 40 907 472 68 427 52 815 970 451 958 0 891 379 0 81 814 260 197 920 230 626 0 240 206 715 624 495 396 874 37 719 299 277 777 439 0 721 353 0 0 737 851 0 517 941 0 566 834 478 0 0 158 0 353 602 0 471 964 0 327 82 466 0 986 586 0 21 229 0 713 497 0 0 790 48 822 0 700 675 294 339 835 
0 789 839 236 984 0 999 0 0 411 490 0 0 193 0 947 0 0 61 539 856 955 0 0 939 460 373 918 339 883 0 85 0 908 904 102 663 0 746 150 250 685 336 846 193 0 432 0 357 112 963 151 973 635 108 0 0 674 0 0 428 0 711 376 0 0 945 478 0 0 730 483 899 918 564 343 966 423 451 538 32 432 0 123 0 725 713 280 123 144 322 0 45 76 667 305 0 438 896 127 800 355 754 0 753 222 0 403 712 299 774 0 754 0 24 0 636 377 104 236 416 0 143 0 30 258 810 410 324 0 633 914 355 324 0 707 0 0 0 0 875 993 124 495 0 831 399 846 678 0 70 977 131 624 
141 0 347 201 347 310 940 435 7 838 300 0 0 510 314 0 951 0 118 708 969 730 213 701 0 384 570 0 0 717 0 0 597 0 280 404 839 735 81 478 0 632 461 898 27 882 550 339 0 0 0 0 150 0 719 342 307 0 0 0 0 368 137 640 137 123 334 477 849 729 338 270 0 0 125 469 0 78 819 0 777 38 112 618 307 219 741 552 0 0 213 858 723 733 834 603 905 762 398 0 0 0 447 0 396 62 490 591 629 0 0 8 589 351 0 398 388 882 853 32 804 37 509 599 303 0 87 50 0 0 0 249 708 552 0 0 0 953 0 0 0 0 489 0 479 650 584 627 500 686 95 435 250 928 
596 545 235 217 365 909 269 221 0 573 742 0 634 39 172 883 0 0 382 169 234 33 862 0 533 199 739 610 729 0 810 0 365 0 488 95 485 205 185 529 187 602 230 890 321 691 164 626 894 628 332 0 1 500 582 903 486 0 428 0 0 0 0 411 881 274 0 15 595 643 200 436 790 902 334 0 0 416 638 521 428 0 272 0 0 0 151 0 0 678 0 99 0 779 0 0 266 75 459 693 646 538 283 915 771 0 0 0 501 55 613 232 421 62 0 655 252 453 297 0 548 0 849 472 225 0 155 0 49 608 81 0 54 662 35 40 941 727 0 549 0 204 739 641 407 610 98 527 189 555 0 261 0 530 
154 0 272 0 295 752 0 554 385 307 424 25 467 0 0 572 0 0 22 122 782 495 32 193 633 200 0 0 629 570 359 0 73 0 739 653 0 87 362 0 628 0 625 585 0 599 921 0 483 0 515 692 981 663 876 492 242 76 0 368 0 0 946 0 200 273 551 0 273 882 334 859 0 469 52 0 0 850 712 753 744 0 522 200 695 5 0 773 26 0 481 0 37 0 0 798 0 0 788 760 0 137 669 248 0 574 495 516 121 0 179 0 810 255 6 0 0 298 0 24 109 635 44 288 704 0 50 944 538 146 0 829 818 149 619 832 930 235 199 700 173 793 972 499 534 54 302 777 926 0 938 155 439 0 
0 770 0 337 610 0 0 67 404 461 0 0 495 221 102 0 22 447 547 784 675 0 494 78 770 122 196 933 707 912 814 0 446 532 548 0 864 726 626 664 17 787 569 0 828 694 144 0 986 63 568 0 84 0 557 342 314 0 711 137 0 946 0 529 401 0 667 56 28 0 997 385 473 0 977 0 0 0 711 812 944 613 74 0 449 171 265 336 0 515 932 776 404 665 694 229 617 426 0 0 247 332 402 0 0 505 492 66 548 859 399 88 435 702 998 720 0 289 508 480 896 76 0 277 181 699 0 867 749 0 568 26 675 597 713 0 819 749 466 599 302 0 589 0 545 109 0 254 0 0 43 759 505 881 
518 313 808 0 0 689 839 118 584 32 192 656 366 778 0 0 0 0 750 0 368 503 198 0 367 0 817 582 617 907 665 217 541 536 35 0 126 209 0 720 523 54 480 64 0 781 0 96 179 437 792 979 69 878 660 896 613 365 376 640 411 0 529 0 0 0 973 748 91 0 698 0 499 0 822 0 0 436 840 0 0 385 469 593 709 404 566 721 258 200 0 738 278 405 0 38 379 878 534 0 881 0 683 392 222 0 229 846 776 558 326 301 0 800 360 865 326 979 864 0 112 727 816 687 651 681 21 841 994 539 0 0 418 0 138 448 150 733 292 650 728 284 169 794 543 68 161 541 764 669 112 512 185 29 
694 564 0 0 460 114 0 664 439 0 0 586 678 799 0 201 0 563 0 652 10 413 322 285 0 31 324 0 0 804 420 736 967 653 0 730 0 140 422 903 987 20 701 0 48 0 194 110 0 527 0 0 821 0 105 876 164 504 0 137 881 200 401 0 0 386 765 982 528 415 981 44 0 108 130 0 4 564 206 0 647 0 537 647 879 421 818 900 547 487 4 0 768 856 0 519 756 980 392 0 821 794 496 47 0 974 681 639 0 177 11 0 0 367 9 295 756 899 233 804 33 831 546 403 479 0 898 63 0 318 485 855 796 788 0 991 635 398 0 0 527 541 0 577 795 280 884 384 0 0 721 0 121 121 
0 597 338 0 3 49 0 397 0 302 348 0 95 535 187 885 441 0 266 189 269 34 0 0 0 567 532 0 113 275 998 170 686 741 0 611 0 426 0 921 284 0 460 175 588 13 37 458 656 682 821 456 274 255 424 916 413 325 0 123 274 273 0 0 386 0 659 0 951 707 0 78 295 848 0 0 356 640 686 220 556 571 726 328 0 759 798 899 12 776 676 497 587 0 502 328 455 330 637 939 149 545 744 214 178 400 0 192 505 0 807 0 513 0 413 0 609 453 298 134 897 460 0 784 256 819 0 0 319 0 866 0 53 735 846 0 62 144 0 419 0 314 959 0 358 602 969 533 619 411 0 0 569 0 
612 144 0 220 277 609 616 826 0 695 0 503 199 250 0 840 567 176 247 504 0 0 0 673 0 0 95 0 12 555 588 684 866 12 0 0 204 0 687 457 834 111 792 970 964 0 249 522 0 276 210 0 372 753 102 859 185 0 945 334 0 551 667 973 765 659 0 124 969 550 984 412 72 0 659 544 0 800 364 358 0 967 0 0 0 462 623 877 125 78 29 634 0 526 668 0 0 740 180 209 0 759 0 0 666 115 750 849 357 511 149 255 819 0 66 515 934 474 823 611 139 420 0 246 917 496 267 59 552 280 227 895 5 985 617 17 174 0 0 581 317 981 0 633 406 0 263 0 891 0 784 201 134 0 
0 405 420 86 938 863 223 0 814 646 510 0 562 33 0 517 108 687 441 0 0 502 0 470 0 371 0 516 95 0 631 0 385 0 0 0 976 903 0 672 0 888 0 426 481 337 401 154 320 279 161 562 333 917 0 0 0 126 478 477 15 0 56 748 982 0 124 0 501 660 0 0 389 394 589 330 0 543 960 416 411 943 630 15 0 0 0 737 397 696 237 104 10 209 742 0 0 1 0 574 935 628 490 590 865 115 0 264 317 33 0 201 114 410 0 119 0 128 0 0 102 476 0 769 0 0 902 182 0 109 761 826 616 629 0 669 202 11 0 224 664 606 856 0 0 68 0 302 171 163 0 818 433 991 
978 31 428 0 204 77 540 141 271 693 0 475 0 382 989 11 0 184 761 214 271 249 926 337 879 799 61 832 563 737 67 417 288 174 56 0 224 147 0 660 847 8 0 220 0 0 504 0 0 0 983 54 419 352 380 0 875 621 0 849 595 273 28 91 528 951 969 501 0 0 0 248 722 0 42 0 344 0 780 0 894 674 0 701 460 863 940 439 547 984 854 0 0 183 0 158 37 0 498 0 0 0 0 0 0 0 715 85 661 948 0 407 17 706 0 0 0 241 150 251 245 9 901 0 474 768 131 818 494 140 700 0 615 864 973 33 95 285 274 0 0 595 464 600 324 632 646 687 263 615 309 0 664 178 
234 941 187 559 750 943 63 832 219 825 575 554 224 0 43 0 857 775 0 0 615 249 94 238 0 0 0 0 400 442 601 0 607 871 631 497 60 0 0 419 855 224 0 190 0 578 630 737 0 593 26 0 0 0 74 284 569 572 0 729 643 882 0 0 415 707 550 660 0 0 260 336 357 0 869 443 828 749 853 635 686 610 0 849 836 388 459 0 420 0 928 500 148 390 968 89 0 353 59 39 44 268 0 122 344 0 295 37 931 0 556 601 0 86 553 645 276 813 488 418 817 0 0 474 75 867 591 0 962 451 945 0 0 718 731 13 429 991 0 63 0 446 731 604 785 672 409 950 771 754 892 83 688 590 
798 333 445 231 0 917 88 831 925 618 322 301 792 367 0 788 306 0 164 496 0 0 0 0 0 796 0 563 0 466 0 0 0 738 718 0 0 739 663 142 0 0 923 675 638 0 568 795 253 0 970 0 582 806 933 0 969 629 730 338 200 334 997 698 981 0 984 0 0 260 0 874 440 371 411 81 825 365 0 784 0 709 0 445 948 973 0 183 842 338 479 328 916 790 0 834 314 432 860 567 132 630 893 302 85 13 0 0 283 766 0 0 274 0 0 794 930 567 760 523 177 0 51 245 0 53 13 0 844 0 192 852 75 943 662 966 271 114 0 110 721 537 87 0 0 443 709 0 0 617 30 378 0 477 
827 0 0 249 6 985 0 0 0 0 0 439 0 396 135 761 590 79 607 739 0 605 2 613 0 843 0 554 0 767 344 678 0 112 868 766 0 0 334 880 894 618 843 880 0 0 104 131 367 769 287 325 0 862 101 560 199 771 483 270 436 859 385 0 44 78 412 0 248 336 874 0 0 0 576 281 681 0 990 921 625 0 0 856 734 803 0 131 512 593 0 234 407 664 0 947 0 566 92 197 351 0 991 0 959 0 322 0 0 873 671 974 0 840 604 695 974 166 788 865 917 448 809 803 440 183 0 177 936 0 31 585 642 356 586 983 878 286 0 23 0 956 147 403 163 0 440 735 0 0 0 982 0 0 
69 0 252 139 0 327 317 608 620 0 789 714 439 530 540 119 273 411 0 367 856 305 971 614 504 419 622 981 168 0 36 770 0 511 0 0 69 792 0 0 674 350 286 0 219 0 441 711 17 138 746 60 85 90 258 754 0 40 899 0 790 0 473 499 0 295 72 389 722 357 440 0 0 0 240 921 925 53 0 0 26 0 851 951 404 722 607 536 726 544 323 432 0 61 400 294 535 211 0 135 0 917 656 0 92 0 773 0 69 183 265 796 696 0 594 804 149 48 356 499 798 757 974 589 0 36 0 788 325 361 142 458 0 651 660 529 540 859 0 272 950 298 696 783 0 0 433 902 326 37 99 16 592 638 
316 507 664 307 889 562 846 0 464 421 540 89 0 0 884 863 49 713 746 841 610 0 0 365 929 746 460 833 0 157 416 51 0 426 368 0 0 0 613 586 612 145 737 831 0 163 0 50 0 608 60 0 408 0 0 84 874 907 918 0 902 469 0 0 108 848 0 394 0 0 371 0 0 0 946 0 0 0 0 262 0 0 220 0 107 784 583 0 84 231 252 820 0 0 251 114 0 231 481 998 202 234 930 0 0 317 171 346 473 830 838 890 292 626 0 0 885 0 0 628 515 937 904 645 0 320 52 576 0 641 54 0 0 581 506 31 801 18 942 896 0 475 758 0 0 0 85 104 312 452 13 874 0 290 
863 0 967 0 397 0 357 0 371 634 0 352 0 77 0 873 612 517 336 904 622 993 0 993 18 588 550 0 557 0 820 910 742 975 199 891 968 90 853 0 644 120 803 693 0 255 227 419 550 741 4 822 917 752 36 0 687 472 564 125 334 52 977 822 130 0 659 589 42 869 411 576 240 946 0 943 112 113 242 159 809 651 445 929 878 130 0 529 579 0 0 432 374 529 138 711 630 333 0 0 394 538 486 269 446 526 0 418 880 682 11 254 159 0 569 0 94 872 0 0 0 219 0 482 76 210 754 856 983 86 629 406 915 805 0 0 545 142 910 0 879 423 816 830 657 0 644 0 0 797 429 0 0 137 
775 894 203 752 720 692 0 864 538 984 417 196 0 0 0 499 703 704 0 0 738 8 364 49 371 890 553 765 609 513 105 0 597 298 153 978 0 851 87 151 615 331 595 925 0 676 0 0 412 642 582 361 331 419 288 618 0 68 343 469 0 0 0 0 0 0 544 330 0 443 81 281 921 0 943 0 0 785 178 897 188 0 820 433 0 940 712 899 696 665 841 504 654 104 763 481 219 0 0 506 535 220 859 522 361 980 0 808 461 0 307 749 153 140 0 204 492 0 852 0 184 375 258 809 819 619 0 0 660 386 636 38 0 0 254 674 361 358 773 725 488 216 886 296 563 747 678 0 43 695 428 0 997 760 
