0 340 988 584 111 644 612 264 41 680 90 719 563 694 0 0 673 749 717 308 0 877 217 465 0 495 802 120 643 0 713 129 590 425 832 385 0 0 220 806 285 0 0 770 0 550 82 558 0 180 493 640 0 114 165 438 155 76 119 0 687 834 558 732 235 0 746 976 133 517 748 65 0 271 0 474 468 0 336 0 854 0 418 0 867 892 884 114 478 0 995 562 332 0 153 56 586 720 637 0 0 782 529 122 527 306 590 0 259 229 839 586 573 0 146 815 0 0 282 692 0 0 451 0 0 515 169 0 537 658 654 0 389 878 925 338 502 256 937 958 328 0 356 705 0 0 370 0 90 22 833 312 0 331 0 979 929 0 936 785 41 155 525 726 866 558 487 820 0 0 375 710 553 928 0 
340 0 495 435 617 595 925 180 0 302 261 790 841 303 0 638 855 437 945 430 0 0 613 129 65 383 0 430 0 301 150 637 841 911 0 930 187 946 0 0 0 449 641 0 713 0 291 199 228 922 0 646 786 0 116 303 207 0 0 147 0 340 696 0 0 744 0 0 347 799 346 0 740 79 0 0 0 536 592 775 732 281 0 558 620 313 517 455 341 823 0 612 330 16 0 807 965 211 81 595 459 317 125 171 0 0 563 569 0 0 243 672 893 857 0 549 624 424 220 60 451 684 276 0 872 0 856 25 346 0 211 582 384 395 428 962 558 787 723 930 556 0 0 481 0 456 302 874 414 0 213 639 0 41 480 893 391 289 0 964 34 14 589 0 0 0 126 822 734 811 225 659 810 346 959 
988 495 0 584 0 692 726 0 710 0 891 0 808 0 312 821 798 528 223 999 313 659 979 0 401 535 958 0 574 0 387 113 519 966 739 33 900 715 986 796 426 699 446 887 429 555 0 672 773 211 366 358 832 0 0 355 0 542 440 697 759 0 722 849 0 412 0 750 218 0 0 897 0 0 0 44 797 582 706 374 0 715 74 0 0 0 394 726 0 326 499 0 220 734 14 53 0 841 0 0 0 139 237 917 874 0 308 0 105 84 678 267 283 381 536 0 676 0 162 746 888 985 0 5 963 326 0 718 41 931 0 947 193 0 303 247 390 0 0 680 58 806 0 509 0 185 128 587 831 234 288 135 974 0 482 0 125 186 217 10 0 0 0 697 578 0 0 516 0 242 245 380 42 307 0 
584 435 584 0 974 403 52 59 648 124 299 0 997 877 0 90 299 306 0 670 0 476 0 191 802 936 406 572 0 661 0 346 737 0 986 251 306 112 0 0 728 0 39 0 683 0 612 81 862 500 0 165 243 732 628 838 642 351 592 482 363 963 394 584 0 317 293 502 798 0 115 0 375 192 0 0 0 143 705 0 30 31 59 89 0 825 0 896 574 705 480 305 164 105 719 63 715 0 220 331 0 165 447 0 720 0 662 37 141 925 767 860 621 137 268 0 774 0 0 83 393 843 474 523 841 0 993 127 167 626 0 0 112 482 883 0 504 541 650 0 683 0 0 0 372 0 711 292 0 0 804 120 0 796 520 444 767 524 0 464 326 929 0 787 883 53 554 0 630 167 558 174 0 0 0 
111 617 0 974 0 678 991 910 653 872 810 571 225 25 956 704 0 61 162 0 0 614 0 205 105 699 484 0 463 0 0 477 374 247 350 963 988 602 0 87 268 8 0 81 34 0 0 0 92 233 704 421 326 0 878 61 686 223 695 471 0 442 281 835 683 0 521 116 545 0 227 767 951 139 515 39 795 0 170 547 455 479 0 286 989 523 0 483 0 298 0 334 976 630 771 396 0 0 9 0 352 571 87 99 852 195 0 93 546 75 968 776 48 648 139 572 964 382 421 291 527 475 0 861 844 890 0 0 0 0 0 834 0 0 990 8 512 775 144 36 579 510 305 0 825 666 112 363 613 958 95 0 550 450 874 780 0 594 16 257 383 120 10 447 925 385 830 332 0 981 398 0 0 239 0 
644 595 692 403 678 0 0 606 290 458 0 905 741 780 461 0 331 0 0 853 613 871 434 0 959 390 91 0 0 0 347 949 971 212 0 883 587 0 318 433 603 78 384 108 608 644 0 923 432 220 24 0 0 700 539 566 524 0 235 0 267 788 861 593 522 665 0 0 119 745 166 434 686 119 504 915 916 0 992 0 45 0 289 857 544 273 71 915 0 75 947 0 0 319 40 335 660 0 0 309 163 685 480 11 441 922 915 19 0 182 260 0 782 644 878 145 778 0 197 854 434 0 451 145 599 0 676 0 92 222 860 105 45 166 83 617 98 790 651 99 0 884 389 746 0 388 728 281 0 412 0 894 0 572 0 0 649 450 0 77 905 0 913 141 24 172 656 976 0 0 830 816 266 638 0 
612 925 726 52 991 0 0 801 0 0 89 88 0 374 153 0 592 359 514 0 389 0 755 0 0 0 0 0 0 128 191 514 894 0 0 89 808 15 0 546 122 75 777 479 772 42 424 0 0 986 834 997 777 837 801 360 0 0 397 814 0 868 417 0 716 123 586 0 367 287 271 0 0 28 204 485 945 196 280 508 25 542 769 0 373 301 367 698 128 38 271 437 0 0 175 419 0 0 210 969 263 315 641 569 592 482 411 959 930 853 374 645 375 452 506 0 714 778 519 367 630 485 926 358 0 8 866 394 0 423 955 817 104 634 452 358 199 0 647 501 244 250 244 333 897 951 0 0 0 154 0 0 678 189 974 0 168 451 0 912 662 574 0 745 0 788 746 502 506 899 177 350 0 12 621 
264 180 0 59 910 606 801 0 461 0 465 591 709 245 43 56 393 208 366 974 412 184 0 83 69 69 982 756 394 703 802 804 0 533 0 0 0 104 0 100 954 365 0 945 359 746 728 88 0 884 0 268 0 706 334 680 870 720 762 0 360 168 0 0 55 639 0 0 374 289 132 641 0 691 741 369 0 429 422 0 319 0 400 0 123 371 0 51 738 56 307 0 417 0 750 772 174 358 412 501 131 950 290 955 986 425 976 228 0 0 451 167 978 124 162 26 0 0 225 987 896 507 424 0 26 971 74 349 999 130 553 0 0 724 0 0 974 455 0 631 274 446 0 323 877 86 214 9 709 603 48 271 381 0 743 162 123 0 0 194 360 649 0 853 0 769 30 288 677 0 401 895 0 0 604 
41 0 710 648 653 290 0 461 0 987 565 560 665 844 0 680 218 220 6 823 112 783 362 0 484 0 0 721 0 0 667 365 719 893 0 884 712 139 0 0 207 770 236 797 0 864 50 782 983 749 184 0 0 0 529 0 0 478 401 165 0 906 0 108 738 590 266 694 0 0 343 0 977 946 489 879 33 138 0 623 799 0 734 800 659 412 185 60 0 731 0 0 920 0 931 525 168 676 435 915 276 0 350 0 29 949 556 787 877 998 21 904 623 355 594 249 295 352 478 577 0 583 760 319 671 686 663 0 898 0 793 812 0 0 998 85 0 996 623 760 38 177 113 0 0 0 384 653 0 381 505 0 424 486 758 563 290 0 414 787 754 951 0 658 782 898 208 315 552 623 923 0 374 986 972 
680 302 0 124 872 458 0 0 987 0 370 392 439 505 789 0 542 506 794 0 0 0 9 0 823 237 0 678 0 765 0 818 0 0 254 774 875 75 0 332 0 585 791 240 0 0 0 990 40 513 462 208 92 0 0 0 644 608 643 393 300 0 0 979 2 345 433 632 0 82 0 0 0 924 508 625 102 70 181 0 218 0 618 729 615 0 217 0 56 0 0 0 0 0 176 212 234 0 617 0 197 221 877 0 351 195 480 0 0 819 59 786 32 668 843 236 838 366 34 637 158 642 155 779 984 823 0 0 793 428 556 417 287 106 738 575 173 217 0 0 52 324 490 875 141 0 964 0 0 0 549 934 410 703 411 0 968 0 671 504 131 907 765 0 0 719 889 517 396 0 0 615 243 328 146 
90 261 891 299 810 0 89 465 565 370 0 0 0 463 606 150 276 48 109 994 509 995 976 191 318 127 842 428 0 383 693 133 924 0 824 388 121 585 0 0 465 505 795 0 939 0 171 676 387 317 807 0 0 0 0 898 384 0 4 229 825 196 454 0 0 0 308 4 785 0 880 612 0 564 0 0 609 883 328 0 222 0 763 636 0 446 983 876 75 0 814 45 37 0 152 214 936 253 756 0 45 364 534 664 296 0 300 0 555 654 150 739 545 511 618 26 825 714 542 316 0 114 833 21 666 900 644 0 0 0 0 333 0 550 0 63 896 210 735 92 736 0 0 642 0 9 0 0 361 181 427 529 14 0 525 0 892 0 0 37 760 157 798 0 902 643 651 513 0 195 900 344 379 411 250 
719 790 0 0 571 905 88 591 560 392 0 0 90 481 0 12 98 120 303 600 523 378 385 0 330 52 583 241 734 0 114 0 988 0 19 0 537 0 622 852 0 179 786 849 630 383 792 999 210 884 572 28 0 0 575 420 659 0 0 0 904 212 0 0 361 419 952 221 727 708 937 540 362 18 902 934 0 700 191 884 504 91 56 868 717 138 309 303 485 196 781 747 909 679 0 0 57 648 964 0 657 983 480 498 141 821 0 556 0 813 987 909 444 54 0 0 406 624 561 392 183 0 68 0 0 49 150 468 930 0 163 16 527 0 0 960 947 0 0 19 125 939 531 775 0 0 8 380 386 520 590 0 638 182 804 319 972 0 0 704 892 0 270 347 772 478 569 136 886 179 0 190 828 0 622 
563 841 808 997 225 741 0 709 665 439 0 90 0 0 36 10 810 0 598 781 726 17 472 346 0 146 489 929 0 572 648 596 0 419 401 294 0 503 0 0 0 525 490 14 311 0 322 455 762 277 999 753 638 331 575 0 324 579 308 428 0 0 145 666 394 812 733 131 208 0 784 761 417 206 156 0 0 630 0 266 871 470 979 268 0 0 103 279 32 410 0 997 262 716 154 224 672 0 457 672 310 0 0 969 470 558 667 575 929 58 555 711 748 415 855 435 756 463 759 188 0 961 0 129 721 355 0 561 0 854 565 898 847 821 0 643 713 970 225 341 38 0 0 773 19 890 248 165 0 56 363 792 967 860 973 0 668 501 0 440 0 0 306 0 17 69 880 373 903 83 0 794 302 284 0 
694 303 0 877 25 780 374 245 844 505 463 481 0 0 68 112 882 0 810 470 103 229 0 371 968 658 33 635 587 589 415 368 0 996 690 693 0 0 353 612 284 486 775 0 997 640 331 0 0 198 0 55 401 721 569 654 0 583 866 182 655 448 829 627 623 19 247 926 539 238 232 479 62 0 0 477 730 192 118 0 0 517 363 0 847 756 209 61 875 94 0 0 617 0 748 649 13 64 3 386 938 0 0 937 860 624 270 143 456 0 523 277 0 0 0 886 887 0 458 411 0 625 847 288 656 371 0 0 508 151 752 0 102 120 222 660 0 0 0 629 721 243 561 352 445 0 127 770 855 562 621 125 0 172 202 0 0 0 21 0 574 0 0 0 793 76 39 59 29 865 0 0 0 32 472 
0 0 312 0 956 461 153 43 0 789 606 0 36 68 0 758 285 553 0 78 823 69 231 0 924 924 606 720 0 435 535 0 528 842 333 794 776 511 718 0 863 449 691 249 428 885 0 0 0 0 0 325 0 81 740 968 599 910 0 0 376 951 12 618 13 531 364 535 230 0 560 581 802 120 878 894 947 0 728 0 0 618 716 0 274 474 232 96 515 0 17 758 436 757 453 74 728 0 311 0 776 430 146 0 497 619 910 0 828 826 0 991 312 717 0 0 436 0 979 0 951 0 649 225 850 979 164 925 499 109 0 362 36 852 997 961 0 52 727 805 97 0 0 368 307 325 981 0 325 891 0 714 0 994 0 983 0 175 775 961 0 252 0 326 651 751 312 66 359 231 0 0 955 317 719 
0 638 821 90 704 0 0 56 680 0 150 12 10 112 758 0 211 580 185 617 0 617 584 923 562 784 290 527 0 980 883 174 885 0 0 0 321 975 0 624 0 56 28 106 717 33 0 12 5 877 613 705 640 0 143 635 406 161 43 865 0 270 159 0 496 436 467 324 553 393 469 0 534 877 659 362 818 910 0 430 0 886 516 137 184 404 236 506 302 721 165 574 730 745 465 488 743 361 0 0 0 29 496 304 719 0 0 207 186 155 0 0 373 806 161 0 222 586 0 244 0 480 15 830 0 0 963 222 762 543 27 0 0 0 0 924 551 33 0 997 0 918 0 638 207 861 690 534 145 605 625 67 0 634 895 365 603 492 470 69 772 611 0 786 766 0 669 329 57 72 890 968 0 0 40 
673 855 798 299 0 331 592 393 218 542 276 98 810 882 285 211 0 20 0 17 614 947 615 360 868 467 0 413 0 86 480 344 75 23 386 46 0 848 951 964 0 0 680 286 158 896 336 0 415 253 524 205 105 263 551 847 544 14 569 954 786 979 970 632 0 0 33 67 479 389 407 223 590 683 0 410 151 109 766 210 989 0 719 959 0 908 0 996 712 888 455 745 0 0 479 903 542 167 0 0 0 38 176 519 733 272 0 86 991 232 89 357 12 375 0 543 643 0 565 966 496 688 0 0 15 172 615 803 667 0 0 787 458 0 570 118 0 389 571 376 500 0 0 870 650 44 0 553 205 55 768 0 0 761 0 921 691 388 364 108 89 21 858 231 922 0 123 250 397 133 65 678 951 437 321 
749 437 528 306 61 0 359 208 220 506 48 120 0 0 553 580 20 0 0 298 489 75 278 264 240 0 0 941 895 856 0 682 480 568 585 0 635 0 75 0 578 132 0 33 217 96 0 724 355 951 77 483 732 136 226 957 896 237 660 431 0 704 106 796 291 0 590 630 465 0 988 44 0 917 0 497 905 645 379 665 0 666 333 253 125 0 828 693 0 571 337 326 459 0 0 533 106 195 40 9 150 782 0 849 810 0 474 0 92 495 0 497 193 996 908 90 917 0 451 87 254 724 28 375 0 605 281 506 0 0 971 807 111 375 161 0 253 754 902 448 208 514 0 0 0 969 0 969 733 921 232 156 550 971 202 529 0 45 131 6 289 53 703 629 0 0 0 953 209 539 0 337 934 0 908 
717 945 223 0 162 0 514 366 6 794 109 303 598 810 0 185 0 0 0 930 754 74 587 0 971 326 643 0 722 0 574 69 0 0 784 390 0 627 679 749 740 17 59 264 414 521 677 554 524 536 0 0 0 0 737 429 84 517 398 658 157 960 0 807 234 490 307 975 469 0 370 679 965 720 937 954 0 413 878 370 0 0 19 115 607 477 799 238 113 387 550 0 395 540 0 120 433 589 837 718 14 701 345 109 0 722 0 551 758 910 148 673 31 54 969 47 428 0 613 883 477 108 0 719 886 542 759 956 507 101 974 826 0 605 0 0 959 618 400 14 449 522 985 887 705 149 0 0 17 0 9 479 197 811 144 0 0 184 0 379 626 440 0 447 162 143 112 902 814 397 962 839 210 3 376 
308 430 999 670 0 853 0 974 823 0 994 600 781 470 78 617 17 298 930 0 445 0 229 0 231 598 547 746 527 0 0 0 429 978 909 814 213 936 997 892 858 109 896 745 87 416 680 453 905 178 418 745 249 611 207 0 925 749 12 0 9 464 343 325 270 901 925 940 0 60 244 828 700 38 697 211 0 414 0 572 365 230 127 410 472 0 393 865 0 0 857 970 369 0 0 182 829 898 80 855 0 898 933 290 142 779 406 147 0 307 0 0 617 0 994 0 0 311 0 711 0 140 688 599 0 480 0 620 97 436 0 432 686 0 875 415 0 174 997 0 0 0 0 839 161 0 293 40 660 620 406 638 900 882 782 94 0 0 493 819 440 740 738 918 316 881 0 701 591 96 45 896 0 716 417 
0 0 313 0 0 613 389 412 112 0 509 523 726 103 823 0 614 489 754 445 0 0 576 464 0 1 123 994 896 249 100 218 730 45 995 472 714 485 423 114 419 486 720 884 103 852 942 927 281 0 260 0 891 296 41 0 15 953 386 233 912 252 283 869 397 171 0 0 67 610 0 887 76 0 622 0 0 384 0 868 426 997 79 498 0 0 937 90 375 138 885 534 616 284 0 0 60 0 176 594 770 949 785 531 0 10 108 978 981 528 0 750 756 884 200 0 0 777 842 917 498 367 435 465 311 0 674 565 170 134 0 368 233 365 257 268 380 192 788 91 91 911 52 0 537 0 0 901 314 920 570 0 357 988 351 549 815 0 58 312 330 0 480 0 830 64 0 731 315 907 199 394 0 0 514 
877 0 659 476 614 871 0 184 783 0 995 378 17 229 69 617 947 75 74 0 0 0 0 732 694 425 649 247 0 156 277 499 0 768 0 650 515 0 200 607 477 134 55 360 965 579 89 411 208 657 81 779 0 668 322 749 130 337 785 681 785 285 0 665 461 498 0 974 320 799 900 234 317 914 141 412 499 729 764 60 70 0 839 0 801 727 816 110 832 488 242 0 812 0 66 281 507 688 12 277 0 0 949 0 917 0 228 512 0 526 776 900 0 176 883 0 450 178 182 632 698 0 854 0 664 358 0 0 977 711 725 744 0 435 187 98 525 456 735 0 757 76 827 0 0 147 0 375 403 240 0 858 225 769 224 602 0 759 0 874 650 730 657 729 0 725 561 0 321 994 5 893 571 237 96 
217 613 979 0 0 434 755 0 362 9 976 385 472 0 231 584 615 278 587 229 576 0 0 799 298 0 0 604 940 0 985 933 338 198 354 726 886 645 911 706 36 0 0 943 920 103 685 0 0 172 986 0 0 493 880 82 80 181 0 0 230 902 0 17 639 237 0 41 579 723 438 0 858 0 0 0 523 0 337 0 0 0 0 978 562 769 0 266 747 386 404 59 341 378 842 589 185 0 0 0 673 521 823 541 918 300 27 755 0 669 234 72 637 429 0 622 730 912 514 520 171 0 284 7 316 473 826 917 922 170 298 0 0 895 383 451 4 867 563 830 332 994 674 0 0 0 584 0 0 435 0 0 0 415 0 0 0 174 598 0 471 0 0 0 343 857 92 477 0 460 0 0 368 715 847 
465 129 0 191 205 0 0 83 0 0 191 0 346 371 0 923 360 264 0 0 464 732 799 0 990 196 0 740 0 999 0 914 412 636 179 387 448 982 41 159 188 483 988 476 574 773 584 492 0 542 0 55 962 781 997 0 463 733 389 547 320 0 923 675 171 0 41 46 963 467 191 78 0 558 454 434 782 142 0 401 253 715 46 126 630 654 0 312 845 0 202 0 0 205 648 0 369 531 0 573 0 533 596 489 714 247 858 0 272 406 798 837 677 239 172 822 744 0 573 504 0 534 5 468 0 0 198 0 762 992 684 0 947 693 531 823 255 798 266 0 0 0 683 934 57 54 0 293 0 0 0 277 320 608 825 707 264 0 968 36 107 257 227 526 0 759 360 0 916 723 0 559 116 737 299 
0 65 401 802 105 959 0 69 484 823 318 330 0 968 924 562 868 240 971 231 0 694 298 990 0 713 824 160 0 937 0 731 134 684 374 333 209 995 891 902 0 411 927 17 256 0 957 247 810 0 0 6 107 897 0 921 28 63 28 0 811 0 0 0 808 124 605 0 315 15 771 790 501 927 815 681 0 874 0 152 909 0 902 187 974 701 524 0 0 724 0 424 432 497 0 189 0 460 174 0 580 0 271 467 605 0 205 623 220 506 392 210 0 378 8 893 634 574 936 78 887 881 970 240 946 570 281 923 628 230 314 0 0 602 548 866 16 0 80 861 613 411 0 828 882 330 209 0 45 376 635 291 441 546 0 349 0 817 191 779 985 593 0 674 466 825 217 703 8 0 388 0 293 375 0 
495 383 535 936 699 390 0 69 0 237 127 52 146 658 924 784 467 0 326 598 1 425 0 196 713 0 0 373 152 0 0 310 652 0 188 0 927 774 214 956 591 0 857 330 809 749 275 587 212 493 270 542 610 163 973 0 0 348 431 931 224 587 469 463 413 36 0 235 739 221 246 856 3 393 451 47 265 417 204 0 373 919 653 631 8 140 150 19 603 548 137 3 279 0 253 507 533 445 0 958 755 16 633 491 949 0 699 371 0 812 0 799 704 324 722 946 0 253 794 68 0 474 0 0 887 0 365 960 393 203 462 124 0 607 556 980 155 276 61 377 0 0 0 0 433 190 757 456 0 169 112 456 0 587 60 0 54 308 311 0 766 304 64 0 519 794 522 416 123 0 698 691 562 893 723 
802 0 958 406 484 91 0 982 0 0 842 583 489 33 606 290 0 0 643 547 123 649 0 0 824 0 0 0 0 0 194 177 615 0 334 0 109 598 948 118 0 0 171 439 469 126 573 0 96 544 1 0 0 211 946 0 0 0 18 686 392 30 459 757 285 546 361 611 0 86 0 862 582 800 916 557 0 0 0 0 245 940 0 0 430 0 643 32 196 980 130 992 37 36 844 435 67 708 526 531 0 440 0 943 90 849 912 552 578 793 61 824 165 505 332 858 348 733 577 876 763 847 958 432 835 426 0 0 760 97 0 0 0 260 509 0 211 0 0 86 0 0 60 782 0 0 176 986 0 0 244 578 955 339 0 674 74 760 829 859 991 56 0 155 243 0 613 452 0 167 0 673 0 626 0 
120 430 0 572 0 0 0 756 721 678 428 241 929 635 720 527 413 941 0 746 994 247 604 740 160 373 0 0 759 472 0 33 977 577 147 593 345 875 235 108 323 0 863 0 900 870 333 0 808 0 75 189 28 211 0 0 0 969 416 645 911 540 408 0 189 0 348 726 0 213 29 533 758 140 24 322 911 571 0 0 912 131 0 0 216 245 0 112 0 34 338 869 0 0 645 672 725 976 0 786 103 824 626 163 468 94 408 832 0 0 467 931 42 734 0 0 765 353 16 294 0 768 691 0 861 386 837 309 0 0 904 755 0 632 392 0 59 486 635 0 0 272 894 490 536 857 226 829 271 344 958 0 524 992 210 737 516 138 927 0 0 980 918 187 879 571 720 0 120 623 447 193 425 0 898 
643 0 574 0 463 0 0 394 0 0 0 734 0 587 0 0 0 895 722 527 896 0 940 0 0 152 0 759 0 868 432 144 243 479 529 339 149 0 892 0 725 710 593 0 167 817 873 586 728 0 102 0 724 160 0 0 0 810 0 250 265 0 19 371 867 385 0 0 826 192 947 0 49 685 512 792 385 72 174 98 358 0 0 0 277 0 436 601 268 40 646 847 0 491 301 558 0 174 336 286 0 900 618 634 646 539 0 742 0 835 456 521 295 599 460 70 0 897 233 634 0 975 478 217 389 1 0 583 506 563 600 3 159 554 0 0 84 548 25 827 0 812 0 740 699 860 894 180 870 991 772 402 922 123 769 914 553 537 0 512 626 0 0 758 849 663 108 599 303 736 0 943 172 175 273 
0 301 0 661 0 0 128 703 0 765 383 0 572 589 435 980 86 856 0 0 249 156 0 999 937 0 0 472 868 0 541 0 117 532 423 0 382 0 892 242 726 0 218 0 0 465 541 735 329 0 0 293 0 748 44 0 0 239 806 776 0 0 0 486 0 548 0 313 0 495 934 409 944 363 397 491 245 259 267 937 0 0 992 104 369 585 0 188 878 928 132 990 0 306 0 833 519 0 720 411 0 862 0 577 100 800 76 993 0 234 765 0 0 534 753 0 297 805 380 16 0 0 995 48 602 110 628 497 633 0 0 573 916 27 658 692 0 750 0 0 0 207 603 251 616 951 335 16 866 174 366 233 235 878 916 315 120 0 118 183 0 528 97 894 106 116 655 0 0 0 0 0 783 208 0 
713 150 387 0 0 347 191 802 667 0 693 114 648 415 535 883 480 0 574 0 100 277 985 0 0 0 194 0 432 541 0 727 200 386 358 0 96 0 284 772 527 792 334 860 527 0 15 151 0 141 905 0 558 640 0 849 0 289 747 850 306 0 259 633 751 447 0 328 226 825 518 297 575 984 0 768 36 868 192 0 452 535 0 0 131 945 364 0 0 531 0 0 313 512 0 0 446 0 636 97 99 65 351 0 767 931 477 0 255 146 600 760 625 0 483 0 981 82 0 0 792 679 0 0 649 0 0 831 292 260 874 562 831 57 181 222 9 217 23 43 0 0 847 0 84 0 723 174 0 633 938 0 0 388 974 790 0 768 268 410 0 84 0 0 220 656 0 2 424 827 0 153 550 308 993 
129 637 113 346 477 949 514 804 365 818 133 0 596 368 0 174 344 682 69 0 218 499 933 914 731 310 177 33 144 0 727 0 984 339 345 0 984 786 840 0 0 878 127 857 357 156 713 0 945 0 945 0 299 680 681 680 985 59 942 0 667 809 457 846 7 61 56 63 909 680 916 0 673 506 377 352 264 559 798 718 861 0 370 975 645 0 369 0 312 282 0 207 211 0 222 733 940 215 520 209 834 229 645 0 179 0 837 0 0 731 583 116 38 697 942 0 24 180 843 0 633 675 103 120 457 831 565 744 0 375 0 818 341 505 605 200 215 0 0 0 675 667 0 195 695 220 200 0 0 469 948 0 445 334 534 89 340 573 186 606 0 0 0 411 626 227 0 0 820 722 0 820 648 688 0 
590 841 519 737 374 971 894 0 719 0 924 988 0 0 528 885 75 480 0 429 730 0 338 412 134 652 615 977 243 117 200 984 0 194 21 518 926 443 480 485 546 283 752 381 0 0 320 851 0 915 651 718 998 0 14 577 339 0 214 904 523 163 551 170 0 757 0 430 102 5 319 290 914 930 173 232 422 868 122 487 0 473 0 0 355 809 77 19 0 0 757 109 0 583 205 0 56 239 720 0 464 148 85 141 0 441 0 332 853 0 288 194 599 0 667 0 0 0 396 0 0 897 290 480 340 937 68 564 0 0 200 428 658 891 295 843 524 34 454 325 873 106 801 294 687 377 553 763 90 0 0 282 288 574 0 623 744 0 0 0 785 601 0 311 0 0 893 0 0 328 0 106 129 806 0 
425 911 966 0 247 212 0 533 893 0 0 0 419 996 842 0 23 568 0 978 45 768 198 636 684 0 0 577 479 532 386 339 194 0 643 204 0 464 849 451 0 764 583 336 458 0 0 0 0 22 538 0 489 0 668 842 58 426 677 400 694 0 803 174 0 340 0 911 780 748 0 414 807 787 519 843 816 769 0 563 487 739 423 0 445 612 915 235 922 94 245 960 0 0 733 0 869 0 959 977 309 0 853 655 0 542 449 489 162 351 619 425 706 781 392 652 272 0 0 0 30 409 682 896 0 274 157 0 0 754 959 501 0 0 518 876 0 45 647 743 998 374 997 97 81 113 187 0 432 0 0 869 0 125 115 543 693 514 0 0 603 767 505 710 748 986 484 694 933 987 0 630 152 66 270 
832 0 739 986 350 0 0 0 0 254 824 19 401 690 333 0 386 585 784 909 995 0 354 179 374 188 334 147 529 423 358 345 21 643 0 491 256 149 680 941 328 734 0 200 441 457 260 0 680 594 0 919 336 0 820 710 63 472 143 0 583 820 0 0 5 0 0 0 20 168 982 0 0 933 972 99 687 725 364 0 810 235 734 325 0 656 656 278 89 396 201 209 719 662 395 51 409 0 812 0 436 282 0 45 427 814 287 0 0 447 598 251 425 685 440 995 946 0 771 162 336 468 0 49 0 55 844 621 0 659 924 0 306 0 822 693 0 0 971 687 446 253 0 732 755 661 363 591 239 403 948 0 0 384 753 663 0 155 769 776 0 328 84 440 824 640 648 968 898 640 684 0 136 536 713 
385 930 33 251 963 883 89 0 884 774 388 0 294 693 794 0 46 0 390 814 472 650 726 387 333 0 0 593 339 0 0 0 518 204 491 0 960 0 21 257 74 891 563 694 651 146 198 0 520 0 865 738 439 955 798 759 623 238 922 900 0 937 0 679 198 266 0 220 592 974 0 0 498 892 823 0 179 14 710 951 0 794 646 162 0 0 0 0 681 0 724 0 476 0 445 81 847 6 0 925 0 609 385 966 453 691 0 0 53 902 0 0 154 476 271 519 0 0 0 36 52 859 0 972 309 655 525 591 210 922 0 0 0 153 0 306 460 896 364 575 0 620 529 603 471 199 172 855 0 0 0 90 600 134 0 357 326 266 12 321 710 546 602 949 969 26 545 0 262 943 465 0 46 297 284 
0 187 900 306 988 587 808 0 712 875 121 537 0 0 776 321 0 635 0 213 714 515 886 448 209 927 109 345 149 382 96 984 926 0 256 960 0 506 14 218 0 0 183 0 708 394 688 33 356 154 166 570 144 8 178 0 244 237 167 193 0 0 410 126 0 616 700 0 601 0 590 498 681 0 642 615 224 0 0 913 0 65 223 108 375 961 986 0 32 256 134 199 0 665 939 277 894 140 0 776 432 0 927 59 783 806 145 903 0 0 0 48 211 0 156 204 650 0 0 119 620 204 317 0 292 254 733 909 414 0 206 0 0 0 535 330 0 0 613 843 104 42 0 11 906 902 108 0 517 264 0 253 182 754 732 856 140 145 355 62 137 0 0 298 0 0 87 638 234 683 938 0 992 0 289 
0 946 715 112 602 0 15 104 139 75 585 0 503 0 511 975 848 0 627 936 485 0 645 982 995 774 598 875 0 0 0 786 443 464 149 0 506 0 0 306 0 800 256 700 344 84 449 29 525 0 0 491 0 0 279 0 0 294 185 0 743 121 0 486 552 265 283 0 581 346 314 355 99 100 58 974 542 0 260 619 872 0 507 466 386 0 0 205 0 0 0 563 248 264 592 183 348 72 829 655 713 4 0 0 382 0 0 225 0 193 574 838 941 593 501 352 866 451 0 0 248 459 878 0 0 661 0 484 455 0 469 910 838 61 100 91 0 730 174 0 54 950 367 694 976 272 0 951 0 513 143 390 245 247 0 450 875 0 522 381 0 348 0 414 60 923 982 995 263 556 0 748 824 425 0 
220 0 986 0 0 318 0 0 0 0 0 622 0 353 718 0 951 75 679 997 423 200 911 41 891 214 948 235 892 892 284 840 480 849 680 21 14 0 0 712 310 136 217 426 112 854 964 0 702 444 0 355 743 0 530 0 660 191 773 130 440 0 233 899 138 410 158 232 0 840 0 560 270 315 259 199 215 503 53 533 0 842 239 507 0 0 269 13 172 182 950 886 654 0 65 909 866 0 420 193 374 497 0 721 180 139 0 990 395 986 306 211 180 0 841 849 0 327 938 860 424 209 223 235 0 434 367 278 0 485 241 977 665 758 0 97 906 891 231 198 979 83 217 13 883 910 177 0 61 0 386 352 0 0 0 0 0 956 0 665 0 604 293 0 557 284 0 0 184 0 32 565 507 0 0 
806 0 796 0 87 433 546 100 0 332 0 852 0 612 0 624 964 0 749 892 114 607 706 159 902 956 118 108 0 242 772 0 485 451 941 257 218 306 712 0 0 488 0 147 70 93 0 0 0 0 747 892 0 27 0 445 964 0 500 0 886 507 266 0 667 838 0 871 0 0 0 989 367 452 867 0 321 0 941 0 716 675 332 927 779 497 172 145 507 349 448 789 597 0 821 20 207 604 0 274 403 0 302 180 0 322 0 191 0 107 0 0 0 315 863 14 0 815 358 0 102 839 547 0 463 768 138 640 0 0 422 942 516 389 85 138 825 0 196 0 173 0 793 0 162 54 972 833 778 0 0 111 856 47 545 0 0 431 376 113 0 468 316 0 701 47 228 194 603 693 0 0 914 759 986 
285 0 426 728 268 603 122 954 207 0 465 0 0 284 863 0 0 578 740 858 419 477 36 188 0 591 0 323 725 726 527 0 546 0 328 74 0 0 310 0 0 425 955 176 870 823 958 748 391 0 0 570 992 469 0 217 646 382 0 565 243 65 346 240 519 119 444 943 0 0 530 24 0 612 882 40 666 288 926 221 808 0 186 0 0 449 463 579 619 956 0 128 0 751 788 287 0 462 326 667 0 111 0 0 69 0 684 331 0 358 0 325 981 0 997 251 0 146 117 124 314 728 0 79 275 649 139 237 420 368 0 252 0 404 513 0 916 510 561 0 976 998 184 798 638 78 137 0 0 268 0 746 0 0 776 932 583 973 0 528 58 602 294 712 0 439 0 572 351 0 370 313 609 793 647 
0 449 699 0 8 78 75 365 770 585 505 179 525 486 449 56 0 132 17 109 486 134 0 483 411 0 0 0 710 0 792 878 283 764 734 891 0 800 136 488 425 0 287 0 506 684 627 845 669 0 814 638 124 887 256 0 989 50 274 468 0 162 0 179 629 0 601 0 407 531 0 730 0 897 813 536 565 0 579 904 230 163 932 0 522 103 293 625 0 997 429 0 0 662 295 0 588 119 30 0 0 981 956 695 574 123 864 810 860 859 655 0 283 0 306 0 938 0 0 932 699 25 0 551 673 617 792 386 0 0 164 0 509 613 467 31 100 408 380 0 820 790 226 0 0 662 53 974 212 0 681 941 506 130 113 0 66 503 470 982 860 559 139 656 55 796 0 970 0 0 606 586 0 872 0 
0 641 446 39 0 384 777 0 236 791 795 786 490 775 691 28 680 0 59 896 720 55 0 988 927 857 171 863 593 218 334 127 752 583 0 563 183 256 217 0 955 287 0 673 209 335 0 261 0 523 0 0 123 76 869 68 853 818 212 789 376 465 595 171 362 901 228 0 0 573 527 696 693 842 658 482 108 527 882 920 144 0 885 274 574 0 981 204 956 437 438 207 0 0 0 0 279 837 442 494 0 127 431 0 0 933 0 960 704 0 232 385 226 432 0 0 841 761 880 801 0 394 593 0 869 847 0 628 226 17 879 616 0 28 993 242 0 609 0 653 215 455 120 898 736 801 938 256 271 545 418 364 33 0 526 650 0 176 0 0 808 20 248 6 0 131 724 0 337 721 45 32 134 155 276 
770 0 887 0 81 108 479 945 797 240 0 849 14 0 249 106 286 33 264 745 884 360 943 476 17 330 439 0 0 0 860 857 381 336 200 694 0 700 426 147 176 0 673 0 855 0 441 902 975 846 992 696 0 0 506 459 607 204 0 658 0 0 950 0 327 666 0 0 0 0 0 558 0 427 770 0 0 234 0 730 942 617 622 814 677 739 148 0 135 0 0 0 602 0 870 0 313 846 169 502 656 372 846 0 0 7 727 978 256 368 608 116 0 496 357 884 917 0 0 295 170 580 439 233 410 0 813 0 966 0 0 321 36 493 536 76 308 840 363 171 796 185 37 738 660 555 859 853 0 397 176 78 995 43 750 868 398 0 961 370 513 424 0 0 688 992 322 480 0 445 310 604 970 365 0 
0 713 429 683 34 608 772 359 0 0 939 630 311 997 428 717 158 217 414 87 103 965 920 574 256 809 469 900 167 0 527 357 0 458 441 651 708 344 112 70 870 506 209 855 0 0 528 311 140 20 0 730 968 0 667 451 0 580 0 258 859 871 842 404 189 331 11 888 513 673 815 53 825 887 304 607 694 422 0 558 236 174 284 875 880 0 203 880 836 169 259 374 0 0 12 710 621 506 353 165 81 0 980 738 788 0 687 348 413 0 0 382 327 0 0 814 548 0 243 750 264 907 558 44 0 461 754 323 0 110 635 116 481 531 650 563 87 474 0 680 0 109 0 147 890 325 496 283 121 0 0 497 852 119 317 297 70 15 560 0 341 625 806 173 57 174 803 857 992 353 567 322 633 171 237 
550 0 555 0 0 644 42 746 864 0 0 383 0 640 885 33 896 96 521 416 852 579 103 773 0 749 126 870 817 465 0 156 0 0 457 146 394 84 854 93 823 684 335 0 0 0 349 0 0 812 210 397 503 760 880 923 53 866 852 438 992 0 249 571 238 314 375 105 661 864 697 281 917 540 513 801 0 715 0 524 887 0 158 0 247 445 284 528 667 894 0 118 742 808 0 17 942 345 81 651 0 701 0 118 0 814 0 560 787 971 465 732 149 937 0 437 690 291 843 388 574 207 565 0 706 499 823 964 831 0 0 0 0 752 626 677 764 0 0 295 448 133 0 154 797 218 0 558 0 0 406 0 184 636 521 663 172 526 923 753 0 800 771 0 388 439 500 62 835 192 728 0 0 779 60 
82 291 0 612 0 0 424 728 50 0 171 792 322 331 0 0 336 0 677 680 942 89 685 584 957 275 573 333 873 541 15 713 320 0 260 198 688 449 964 0 958 627 0 441 528 349 0 928 413 0 354 0 723 765 351 186 648 697 585 0 0 857 869 0 686 0 122 186 0 307 456 0 849 7 798 293 499 325 754 0 914 366 296 196 0 120 11 39 0 976 683 159 211 773 894 554 718 123 196 0 42 779 785 689 90 234 170 963 448 0 162 986 218 994 0 437 237 212 975 745 991 887 428 303 0 831 8 58 637 47 0 0 0 644 437 621 997 42 73 706 0 771 754 638 0 0 800 87 872 745 716 951 67 229 777 657 671 248 867 425 938 504 977 484 628 0 428 303 0 443 0 893 709 0 779 
558 199 672 81 0 923 0 88 782 990 676 999 455 0 0 12 0 724 554 453 927 411 0 492 247 587 0 0 586 735 151 0 851 0 0 0 33 29 0 0 748 845 261 902 311 0 928 0 0 0 581 692 665 575 362 350 707 662 956 668 693 83 0 136 882 531 635 0 653 0 579 665 215 519 651 853 987 0 272 0 394 0 548 0 997 542 259 0 934 438 0 672 771 846 849 252 0 0 0 690 860 0 0 360 0 746 897 0 702 746 0 181 938 422 131 538 0 527 885 4 995 297 564 0 587 981 0 914 746 0 642 0 229 821 345 34 0 381 558 701 866 158 183 528 947 0 619 794 833 989 130 4 0 551 966 44 18 641 0 557 600 0 777 491 866 973 393 941 261 574 970 990 0 194 284 
0 228 773 862 92 432 0 0 983 40 387 210 762 0 0 5 415 355 524 905 281 208 0 0 810 212 96 808 728 329 0 945 0 0 680 520 356 525 702 0 391 669 0 975 140 0 413 0 0 370 474 903 908 836 410 97 464 318 136 49 244 11 235 256 978 800 559 491 987 284 0 263 581 66 494 334 840 882 796 0 69 6 41 645 721 278 0 327 280 959 365 208 611 364 437 130 0 0 674 0 82 372 0 30 961 0 261 152 795 537 820 0 295 691 469 102 28 126 202 572 214 0 0 99 550 279 457 876 721 186 808 893 909 0 996 973 217 285 968 250 0 0 0 562 88 745 842 390 0 236 749 390 943 0 72 245 885 362 816 278 852 714 140 626 323 984 514 771 391 599 480 0 696 656 231 
180 922 211 500 233 220 986 884 749 513 317 884 277 198 0 877 253 951 536 178 0 657 172 542 0 493 544 0 0 0 141 0 915 22 594 0 154 0 444 0 0 0 523 846 20 812 0 0 370 0 339 561 0 511 220 715 0 0 0 140 30 932 699 435 907 54 672 313 0 33 0 625 170 641 889 137 0 668 439 0 987 271 714 219 0 0 851 508 278 0 12 0 0 380 58 0 394 16 968 0 787 224 579 630 683 442 687 0 199 959 148 0 0 311 35 707 421 72 321 991 0 227 191 90 760 827 242 0 0 923 255 173 744 40 469 146 784 724 627 354 0 739 436 0 582 0 18 31 313 209 801 137 0 0 0 967 527 683 0 296 246 819 658 102 484 974 801 404 0 456 439 128 302 0 297 
493 0 366 0 704 24 834 0 184 462 807 572 999 0 0 613 524 77 0 418 260 81 986 0 0 270 1 75 102 0 905 945 651 538 0 865 166 0 0 747 0 814 0 992 0 210 354 581 474 339 0 38 321 662 287 48 0 227 53 0 0 267 0 111 641 605 227 274 398 282 157 597 0 0 910 265 81 76 728 0 398 637 93 800 0 0 246 580 838 0 509 197 0 349 326 137 0 170 963 912 0 0 0 369 681 781 923 0 638 19 756 0 619 0 455 57 461 963 223 775 405 0 133 709 0 259 871 248 0 830 0 0 801 241 0 144 322 431 215 94 57 527 767 862 0 503 567 0 249 594 241 0 51 790 0 982 589 0 0 0 0 0 720 441 895 856 952 0 833 314 663 33 429 539 0 
640 646 358 165 421 0 997 268 0 208 0 28 753 55 325 705 205 483 0 745 0 779 0 55 6 542 0 189 0 293 0 0 718 0 919 738 570 491 355 892 570 638 0 696 730 397 0 692 903 561 38 0 915 387 152 0 276 0 422 875 652 0 980 469 844 396 716 40 0 292 246 110 0 917 93 441 990 828 147 627 159 151 193 7 0 761 302 280 271 610 467 203 86 244 640 221 461 0 620 775 0 864 129 906 664 823 168 391 468 380 144 0 270 0 137 0 987 0 32 719 954 741 293 500 0 0 575 751 251 257 370 0 923 0 0 160 866 0 35 267 546 964 0 735 720 690 327 715 958 395 827 42 445 307 826 65 0 882 0 311 144 224 233 0 355 35 340 432 0 699 609 271 779 0 0 
0 786 832 243 326 0 777 0 0 92 0 0 638 401 0 640 105 732 0 249 891 0 0 962 107 610 0 28 724 0 558 299 998 489 336 439 144 0 743 0 992 124 123 0 968 503 723 665 908 0 321 915 0 13 57 608 0 869 912 895 258 904 88 134 531 777 0 0 280 312 0 0 570 319 0 0 0 0 718 928 480 618 432 0 838 659 478 638 768 552 632 652 26 0 0 0 262 0 59 548 727 45 188 0 845 550 131 186 91 617 709 938 288 977 367 273 512 493 609 54 227 0 353 712 10 46 0 852 354 226 87 880 605 786 122 890 34 229 387 875 755 109 460 486 0 941 192 167 0 421 790 727 496 714 0 233 0 0 28 730 549 32 0 214 817 913 383 933 533 509 188 539 866 0 0 
114 0 0 732 0 700 837 706 0 0 0 0 331 721 81 0 263 136 0 611 296 668 493 781 897 163 211 211 160 748 640 680 0 0 0 955 8 0 0 27 469 887 76 0 0 760 765 575 836 511 662 387 13 0 486 0 403 68 220 485 0 872 735 0 257 61 327 818 907 277 0 887 858 869 0 56 133 0 256 842 29 39 735 0 0 82 112 783 809 315 0 360 120 0 787 546 349 377 663 463 465 906 734 613 677 46 456 450 970 584 388 662 702 656 596 0 915 633 246 514 0 495 696 0 0 739 478 0 0 853 302 983 579 0 0 722 883 0 323 161 0 0 311 802 669 376 984 692 138 258 828 222 690 222 158 637 639 833 131 312 0 410 467 0 323 598 708 0 0 225 821 910 796 0 732 
165 116 0 628 878 539 801 334 529 0 0 575 575 569 740 143 551 226 737 207 41 322 880 997 0 973 946 0 0 44 0 681 14 668 820 798 178 279 530 0 0 256 869 506 667 880 351 362 410 220 287 152 57 486 0 732 910 696 701 620 0 898 960 0 0 0 145 0 120 354 895 0 281 306 848 0 428 0 0 208 907 0 0 0 690 641 0 449 538 0 0 438 469 448 983 208 130 301 262 825 407 637 0 961 504 665 0 0 325 529 0 516 388 153 839 266 0 515 108 701 859 528 990 0 106 911 788 384 733 627 0 647 765 815 784 0 396 0 0 618 103 95 281 406 193 457 0 339 59 821 56 420 541 128 370 767 222 270 710 827 114 863 546 0 0 282 0 395 999 352 304 0 971 0 180 
438 303 355 838 61 566 360 680 0 0 898 420 0 654 968 635 847 957 429 0 0 749 82 0 921 0 0 0 0 0 849 680 577 842 710 759 0 0 0 445 217 0 68 459 451 923 186 350 97 715 48 0 608 0 732 0 289 4 0 804 0 661 913 963 251 353 987 323 0 197 0 939 435 705 721 998 594 152 884 793 630 0 456 986 0 274 0 34 919 208 0 993 668 0 506 559 368 0 0 697 0 151 880 585 296 458 506 636 486 0 426 521 0 0 375 21 111 944 804 178 351 773 193 794 886 400 857 259 698 967 822 904 540 528 753 0 0 0 827 0 283 412 0 0 762 716 519 0 545 0 0 0 0 0 0 9 0 832 840 356 851 582 610 532 278 661 896 584 874 257 133 567 826 80 819 
155 207 0 642 686 524 0 870 0 644 384 659 324 0 599 406 544 896 84 925 15 130 80 463 28 0 0 0 0 0 0 985 339 58 63 623 244 0 660 964 646 989 853 607 0 53 648 707 464 0 0 276 0 403 910 289 0 0 0 167 816 381 320 555 0 852 0 342 651 0 0 321 0 0 517 288 149 0 513 423 137 147 969 604 0 488 738 0 29 450 497 0 118 0 159 121 0 688 929 103 0 467 890 914 897 0 431 98 0 584 148 78 0 0 66 832 569 0 581 0 0 318 666 306 0 813 826 200 885 56 0 0 0 805 31 0 0 269 353 87 980 460 862 272 912 619 0 462 0 792 644 0 947 204 995 307 0 0 601 0 724 881 193 0 293 288 521 468 0 718 916 757 0 332 0 
76 0 542 351 223 0 0 720 478 608 0 0 579 583 910 161 14 237 517 749 953 337 181 733 63 348 0 969 810 239 289 59 0 426 472 238 237 294 191 0 382 50 818 204 580 866 697 662 318 0 227 0 869 68 696 4 0 0 598 0 786 0 867 562 156 0 12 396 711 0 0 775 0 436 0 842 9 0 0 0 661 909 482 492 307 181 148 84 0 0 573 527 0 702 0 155 403 607 493 400 311 143 733 496 330 770 280 885 553 254 0 828 637 248 0 349 0 0 602 736 952 0 0 804 420 574 162 369 890 249 693 0 968 0 163 0 73 14 118 832 854 330 650 252 209 887 331 403 0 94 0 486 240 885 0 37 104 864 0 340 276 0 0 0 810 601 0 695 636 139 418 0 412 720 610 
119 0 440 592 695 235 397 762 401 643 4 0 308 866 0 43 569 660 398 12 386 785 0 389 28 431 18 416 0 806 747 942 214 677 143 922 167 185 773 500 0 274 212 0 0 852 585 956 136 0 53 422 912 220 701 0 0 598 0 0 708 768 264 0 157 660 745 0 780 364 748 179 0 978 114 342 0 0 0 0 255 952 514 0 0 0 915 0 556 919 65 443 741 705 733 727 366 0 0 71 173 0 0 925 0 371 394 0 622 0 385 0 292 523 994 903 0 287 470 908 975 509 987 57 540 212 442 331 0 990 41 0 187 496 0 988 0 0 0 0 606 756 0 783 176 0 325 374 638 878 481 4 382 0 229 334 900 579 218 550 589 0 450 0 642 0 992 490 587 641 32 700 540 497 3 
0 147 697 482 471 0 814 0 165 393 229 0 428 182 0 865 954 431 658 0 233 681 0 547 0 931 686 645 250 776 850 0 904 400 0 900 193 0 130 0 565 468 789 658 258 438 0 668 49 140 0 875 895 485 620 804 167 0 0 0 420 877 0 226 275 171 196 572 11 775 0 832 0 186 0 0 353 0 7 0 580 418 277 549 892 154 990 648 777 992 0 0 334 657 0 0 34 844 666 386 300 439 65 749 503 624 293 0 0 276 0 64 477 606 673 548 165 131 0 40 739 845 219 21 881 74 0 442 0 0 197 194 995 282 266 0 76 170 0 700 964 441 627 461 30 432 0 653 0 525 370 270 791 995 572 0 524 665 0 930 945 0 0 0 557 851 0 393 306 934 97 774 809 711 772 
687 0 759 363 0 267 0 360 0 300 825 904 0 655 376 0 786 0 157 9 912 785 230 320 811 224 392 911 265 0 306 667 523 694 583 0 0 743 440 886 243 0 376 0 859 992 0 693 244 30 0 652 258 0 0 0 816 786 708 420 0 0 0 246 205 410 0 40 882 908 0 0 850 50 475 481 568 418 117 584 355 0 0 290 131 499 0 191 395 563 808 354 438 925 909 623 0 556 5 136 556 588 202 998 105 819 570 0 60 574 211 292 367 52 674 882 416 257 443 796 379 0 513 641 22 519 0 965 727 884 0 190 590 0 588 0 204 663 562 0 69 614 964 0 918 822 372 259 33 923 193 42 0 3 937 517 640 220 0 600 826 572 354 0 0 954 909 561 0 0 0 0 453 0 860 
834 340 0 963 442 788 868 168 906 0 196 212 0 448 951 270 979 704 960 464 252 285 902 0 0 587 30 540 0 0 0 809 163 0 820 937 0 121 0 507 65 162 465 0 871 0 857 83 11 932 267 0 904 872 898 661 381 0 768 877 0 0 0 576 192 0 389 753 955 615 600 696 669 0 722 308 695 673 218 0 0 0 0 0 233 960 382 202 36 252 722 323 123 576 370 543 182 0 145 0 757 0 951 0 175 607 245 0 257 355 682 261 50 0 453 423 0 824 125 70 0 89 5 679 693 0 408 582 0 360 976 884 486 685 824 0 160 0 77 678 169 0 0 163 500 291 355 919 238 801 623 999 826 43 150 0 362 847 640 929 0 839 0 581 820 519 284 601 962 391 40 860 663 146 490 
558 696 722 394 281 861 417 0 0 0 454 0 145 829 12 159 970 106 0 343 283 0 0 923 0 469 459 408 19 0 259 457 551 803 0 0 410 0 233 266 346 0 595 950 842 249 869 0 235 699 0 980 88 735 960 913 320 867 264 0 0 0 0 369 395 0 117 872 285 927 364 709 0 149 0 0 242 427 875 820 426 837 913 532 14 177 987 201 0 490 0 696 582 104 0 954 547 0 32 860 985 470 881 69 844 945 0 22 878 443 250 0 0 0 995 412 0 0 0 644 171 358 203 0 0 529 0 0 907 918 639 399 573 0 336 971 270 453 719 124 822 409 332 868 0 829 283 0 553 0 541 668 768 366 279 0 6 25 0 858 646 0 0 427 619 868 63 39 385 885 182 275 853 172 0 
732 0 849 584 835 593 0 0 108 979 0 0 666 627 618 0 632 796 807 325 869 665 17 675 0 463 757 0 371 486 633 846 170 174 0 679 126 486 899 0 240 179 171 0 404 571 0 136 256 435 111 469 134 0 0 963 555 562 0 226 246 576 369 0 292 990 806 666 382 940 945 0 410 33 444 451 55 0 136 623 774 837 948 148 779 138 135 698 812 123 854 0 859 664 0 0 247 482 885 0 533 409 0 102 249 939 385 666 502 0 0 173 442 689 532 567 685 17 91 585 16 722 900 744 113 369 552 704 0 0 0 409 0 544 606 457 993 644 430 662 898 0 971 782 783 566 595 317 0 739 0 885 557 840 0 0 153 225 84 272 330 811 600 746 0 388 0 614 0 129 376 162 0 169 0 
235 0 0 0 683 522 716 55 738 2 0 361 394 623 13 496 0 291 234 270 397 461 639 171 808 413 285 189 867 0 751 7 0 0 5 198 0 552 138 667 519 629 362 327 189 238 686 882 978 907 641 844 531 257 0 251 0 156 157 275 205 192 395 292 0 951 991 0 97 662 31 978 601 658 925 0 13 190 2 461 0 909 238 0 298 0 296 677 920 263 674 449 383 329 19 695 246 366 0 0 0 446 172 197 279 0 514 704 990 0 108 0 987 407 480 745 0 545 677 438 0 892 0 0 695 54 342 45 0 162 760 0 875 806 914 0 0 0 0 934 0 684 735 950 265 985 894 413 0 298 261 11 480 554 63 910 315 0 186 525 868 250 380 780 57 302 681 353 766 0 533 201 774 43 323 
0 744 412 317 0 665 123 639 590 345 0 419 812 19 531 436 0 0 490 901 171 498 237 0 124 36 546 0 385 548 447 61 757 340 0 266 616 265 410 838 119 0 901 666 331 314 0 531 800 54 605 396 777 61 0 353 852 0 660 171 410 0 0 990 951 0 0 486 0 918 0 83 255 442 186 642 0 0 351 103 811 335 322 0 0 0 0 501 0 0 750 843 956 0 710 782 602 555 0 0 276 0 130 878 777 157 32 591 867 308 0 0 824 403 763 246 577 803 965 734 852 196 330 753 0 767 900 819 867 766 758 236 0 743 852 169 0 693 860 471 819 0 564 898 909 172 825 495 796 0 0 551 751 867 488 761 0 430 0 286 32 942 283 0 567 213 102 257 61 0 189 0 706 360 0 
