0 127 569 0 51 428 398 0 219 0 361 215 485 347 0 0 316 654 343 0 623 244 946 231 829 0 0 932 861 646 234 110 74 159 644 0 0 71 0 899 209 828 0 0 258 827 355 730 336 0 281 739 386 406 92 467 902 523 0 553 322 477 0 424 576 708 518 586 668 804 458 853 655 609 173 81 683 0 0 740 993 0 0 763 0 299 875 183 851 0 814 14 656 107 977 394 0 466 0 216 491 582 502 0 544 574 469 523 207 940 273 707 886 0 0 0 325 399 100 819 578 0 340 827 0 639 91 994 643 175 56 356 207 692 455 723 0 748 261 606 
127 0 0 0 989 767 0 73 570 160 569 684 788 613 186 304 0 636 0 257 744 839 996 272 811 0 943 657 253 811 159 854 0 582 10 144 119 0 22 705 0 197 0 130 284 721 699 388 32 894 138 0 764 226 196 471 996 826 842 648 0 434 613 0 555 142 533 0 483 479 814 0 395 0 512 0 24 602 36 589 89 276 0 818 496 399 217 660 832 700 667 0 894 341 88 383 0 860 633 0 412 344 535 413 447 697 0 855 711 466 756 759 376 384 0 254 37 279 807 145 353 217 0 0 539 983 41 721 578 240 268 609 119 634 0 0 0 0 0 848 
569 0 0 0 871 737 0 33 624 0 576 93 903 656 0 783 9 676 465 892 804 129 683 736 657 246 0 0 0 911 254 741 292 0 380 0 281 631 0 329 908 616 179 490 596 705 724 124 681 882 895 123 0 472 456 832 137 660 0 169 425 724 197 70 216 561 0 0 149 932 539 328 642 478 778 838 924 618 925 0 282 34 0 482 0 722 849 286 874 924 755 0 0 829 247 994 539 201 881 0 148 988 0 253 611 83 0 875 623 785 755 0 961 132 913 461 815 201 572 124 688 242 768 883 580 0 0 20 683 0 264 352 246 762 242 341 642 0 614 494 
0 0 0 0 157 872 405 964 665 761 437 405 208 82 301 172 407 690 0 678 0 527 0 376 125 0 975 0 147 217 685 926 659 743 700 465 936 0 722 237 725 738 727 189 0 160 145 760 382 0 717 474 0 458 671 581 559 795 211 962 969 678 0 280 319 708 163 539 0 0 793 37 398 643 0 0 0 0 442 996 0 747 0 310 858 628 0 411 0 0 34 954 201 460 0 452 161 598 0 0 165 0 0 475 0 31 181 0 824 164 0 278 478 766 46 608 371 0 200 866 808 329 939 271 414 976 0 597 565 417 771 0 953 60 464 0 0 0 0 242 
51 989 871 157 0 0 0 725 300 352 0 119 107 778 620 127 854 904 23 258 533 7 223 886 48 862 0 81 0 529 184 47 0 0 945 374 534 0 0 257 844 683 696 132 144 578 321 0 0 0 812 793 0 0 112 0 994 172 84 850 432 40 310 899 0 140 44 198 389 357 708 547 0 404 0 0 262 936 8 596 887 43 67 197 640 740 0 868 0 195 33 670 697 842 886 465 932 138 716 0 0 634 0 0 995 976 628 22 679 242 822 0 739 590 441 0 789 618 486 347 0 309 146 437 0 0 937 220 694 735 615 956 149 20 16 0 0 333 763 273 
428 767 737 872 0 0 206 543 264 874 282 843 694 147 0 125 411 553 77 272 0 868 599 0 781 890 0 333 356 0 790 623 0 552 588 79 257 0 533 871 996 961 846 892 673 250 251 828 256 587 0 0 836 804 239 800 81 0 0 113 0 851 0 941 0 199 0 40 249 463 0 809 491 572 289 0 613 203 238 675 261 684 115 0 446 693 373 516 520 731 777 962 159 0 0 133 0 0 0 0 35 87 937 0 871 600 546 110 229 752 268 132 498 0 307 412 0 0 959 211 579 0 874 383 754 0 561 670 994 739 0 268 222 93 223 7 690 726 0 752 
398 0 0 405 0 206 0 439 0 394 583 633 428 0 843 695 384 482 369 695 247 100 835 543 0 948 788 0 0 265 0 542 85 969 884 0 839 642 0 380 550 935 945 281 303 165 402 0 0 0 133 10 102 887 134 388 0 868 588 993 375 811 0 934 0 170 0 952 853 266 989 725 47 821 401 746 360 656 0 100 86 254 892 0 0 740 661 958 914 736 52 0 795 402 899 377 143 19 0 78 405 919 917 743 820 961 472 824 0 284 987 0 0 0 0 220 562 441 133 678 0 597 945 0 163 368 0 599 207 705 458 0 0 88 837 57 0 0 832 0 
0 73 33 964 725 543 439 0 0 931 0 587 0 800 39 329 0 359 974 0 859 163 0 802 129 0 184 255 698 586 524 476 474 732 109 175 186 29 666 818 359 925 32 0 744 0 985 537 196 705 566 272 593 0 772 385 320 424 55 101 195 595 360 849 743 179 717 562 0 937 139 711 101 363 596 698 0 60 475 973 567 42 764 830 0 435 426 632 0 0 280 152 375 85 266 0 1 0 212 323 258 232 393 798 780 0 506 0 0 605 395 0 473 743 428 909 696 0 770 0 463 967 331 941 378 0 989 43 0 467 213 0 142 895 628 0 540 43 0 283 
219 570 624 665 300 264 0 0 0 0 801 36 611 186 552 152 598 556 0 390 266 594 510 848 867 730 25 427 232 908 0 673 2 0 371 968 0 330 578 489 642 277 958 436 77 0 418 793 188 180 51 0 371 0 95 0 752 0 184 768 0 626 234 91 156 243 965 591 244 0 672 795 460 668 617 376 29 0 0 629 936 177 889 680 306 456 708 514 0 0 188 373 8 0 913 173 332 0 639 0 115 0 984 996 199 607 267 642 476 192 791 0 108 623 0 179 693 999 967 154 348 94 430 0 128 379 669 179 203 530 0 688 417 0 0 190 44 0 496 895 
0 160 0 761 352 874 394 931 0 0 0 0 0 880 510 500 458 0 0 40 549 832 853 0 27 132 692 784 237 577 840 0 0 104 62 872 219 143 834 648 73 25 428 80 733 974 643 496 334 627 708 575 798 249 226 67 0 131 175 943 0 624 818 0 656 0 222 59 316 0 224 999 402 0 855 230 844 82 285 784 0 468 0 546 520 0 102 169 58 643 692 916 654 241 361 0 962 184 634 634 202 90 60 47 0 370 63 435 978 106 587 683 169 131 21 979 0 121 0 816 403 0 752 0 872 0 523 89 0 399 168 812 306 0 0 612 288 126 576 481 
361 569 576 437 0 282 583 0 801 0 0 0 33 915 375 0 354 774 202 542 569 0 732 685 489 649 0 0 423 0 566 205 458 98 0 799 0 906 781 404 0 780 266 247 0 0 0 649 0 808 443 737 39 111 242 574 530 0 685 109 0 756 0 627 630 0 412 238 496 955 649 0 617 344 943 47 0 704 109 882 513 0 49 977 971 388 682 820 453 601 459 499 648 598 768 702 202 777 615 59 0 152 38 643 0 0 0 625 348 809 703 432 521 715 695 924 946 352 217 0 662 680 114 0 427 236 0 965 765 531 7 76 0 73 554 277 373 139 747 559 
215 684 93 405 119 843 633 587 36 0 0 0 0 0 631 128 0 0 150 0 0 586 131 0 0 517 0 986 387 645 978 558 363 350 235 292 818 0 0 308 104 0 703 551 633 344 0 390 653 0 979 0 978 559 0 904 170 680 0 625 0 244 152 0 446 644 565 461 0 109 461 98 66 281 0 608 557 83 165 0 71 448 961 0 30 538 56 821 0 826 348 346 618 247 0 0 948 0 0 581 707 0 806 130 0 800 972 673 0 705 914 690 0 102 0 274 0 263 861 279 882 0 296 930 311 0 0 803 0 936 467 0 0 82 960 264 0 961 104 869 
485 788 903 208 107 694 428 0 611 0 33 0 0 0 663 408 172 0 0 73 0 756 590 0 393 867 0 0 137 87 910 847 0 913 118 90 787 500 210 47 207 0 128 482 907 728 410 0 0 993 138 0 0 153 0 0 970 0 0 0 0 0 249 572 0 685 727 0 360 187 32 93 515 407 811 4 404 616 403 686 0 0 635 626 630 951 394 836 0 704 18 56 876 0 569 673 996 926 936 559 799 0 737 429 140 0 0 935 312 59 250 394 0 37 249 0 793 985 181 184 416 0 485 0 680 468 25 0 568 0 0 711 135 154 189 349 973 208 0 620 
347 613 656 82 778 147 0 800 186 880 915 0 0 0 533 411 574 626 231 415 8 364 410 671 470 609 649 988 480 0 617 486 790 673 68 862 261 0 0 0 518 181 71 0 991 531 681 0 358 856 601 233 484 997 757 906 0 0 160 0 776 791 850 0 222 138 85 749 23 973 872 940 0 368 532 107 743 269 485 695 403 226 133 882 913 0 795 32 0 270 0 0 0 80 797 880 0 105 971 463 485 0 423 576 395 535 788 0 67 249 0 523 974 733 200 545 269 31 0 141 556 760 239 19 344 348 653 379 276 748 0 194 274 0 0 0 464 42 245 622 
0 186 0 301 620 0 843 39 552 510 375 631 663 533 0 969 0 0 783 420 840 818 342 277 65 408 470 460 154 0 804 83 964 461 0 907 0 587 443 134 961 965 92 251 0 95 930 0 486 0 748 256 139 709 963 329 832 495 817 0 0 756 90 0 590 699 0 0 14 0 668 303 581 434 0 202 59 489 0 0 0 0 162 984 480 707 476 259 0 104 305 0 0 0 0 364 799 473 278 734 494 85 0 0 737 0 681 823 0 0 589 0 501 234 424 135 929 868 0 742 747 514 188 724 371 47 863 929 0 0 447 717 980 323 0 201 703 0 173 0 
0 304 783 172 127 125 695 329 152 500 0 128 408 411 969 0 724 494 206 739 387 425 154 249 969 473 287 323 61 0 113 617 554 763 887 815 4 87 0 911 0 37 197 555 0 612 351 0 602 361 744 612 612 0 948 0 0 66 983 840 0 0 0 627 0 543 503 791 0 0 305 629 0 815 0 711 0 719 0 0 585 605 252 0 188 509 661 0 677 241 0 878 0 148 0 647 563 881 949 107 13 928 699 308 0 419 288 280 389 416 704 124 271 0 852 809 155 731 161 405 0 95 915 0 363 4 337 0 989 374 5 383 0 491 705 954 494 656 0 519 
316 0 9 407 854 411 384 0 598 458 354 0 172 574 0 724 0 0 814 733 731 356 0 0 0 909 852 726 0 0 742 121 0 726 563 829 815 0 324 730 31 429 0 180 0 0 546 0 648 49 738 254 760 0 786 903 0 803 94 544 0 143 623 967 324 630 995 611 0 758 287 682 942 0 283 0 319 641 924 240 376 409 785 0 427 0 725 373 713 791 899 440 0 780 835 830 142 284 671 616 383 179 22 0 762 878 944 968 59 829 0 720 412 0 378 21 134 968 0 167 53 34 133 381 50 519 460 0 530 607 785 71 273 152 949 438 67 354 960 0 
654 636 676 690 904 553 482 359 556 0 774 0 0 626 0 494 0 0 6 388 820 952 409 882 617 757 556 133 0 805 150 836 152 319 0 651 0 0 230 459 559 644 0 132 965 202 0 456 176 467 848 0 533 219 0 777 778 700 651 0 0 550 0 507 710 0 679 0 432 86 220 708 749 854 912 318 957 901 0 966 215 744 792 0 989 701 0 396 857 0 581 325 990 137 838 151 41 932 0 480 0 0 0 304 361 755 877 955 797 938 0 812 0 418 0 590 0 186 924 0 66 0 0 891 419 801 16 0 0 749 595 705 0 753 220 261 461 960 822 934 
343 0 465 0 23 77 369 974 0 0 202 150 0 231 783 206 814 6 0 877 575 730 582 311 934 542 0 196 757 839 412 741 443 0 210 177 729 347 317 540 653 834 574 206 0 29 154 244 444 706 862 619 0 64 521 0 146 195 912 887 11 418 72 973 100 507 161 531 0 896 0 453 0 286 0 828 0 478 999 492 786 303 682 737 71 0 0 947 756 404 836 294 52 829 305 615 544 725 0 328 372 928 741 252 0 169 0 165 965 223 364 0 873 0 956 990 0 0 653 351 557 425 665 996 317 236 451 960 247 392 206 170 251 118 970 0 526 831 0 826 
0 257 892 678 258 272 695 0 390 40 542 0 73 415 420 739 733 388 877 0 891 724 891 918 0 754 516 0 711 683 907 117 0 442 71 0 982 799 0 0 444 116 620 929 641 298 181 539 574 959 137 496 79 474 828 39 420 445 853 594 950 224 697 883 0 712 938 943 129 589 181 912 981 429 76 586 467 473 147 0 50 666 534 0 589 0 769 958 82 0 703 0 203 160 634 127 27 238 527 659 326 722 683 894 979 0 0 427 0 436 0 0 66 979 0 195 195 156 207 42 701 90 942 862 519 38 777 117 0 898 87 347 25 0 779 0 0 0 620 717 
623 744 804 0 533 0 247 859 266 549 569 0 0 8 840 387 731 820 575 891 0 459 828 640 448 0 809 255 233 382 593 759 42 743 853 257 460 555 0 124 841 882 220 0 0 566 984 227 993 570 647 96 0 0 67 0 662 0 651 842 172 787 822 328 106 383 197 960 0 0 724 113 443 868 0 164 101 575 0 26 0 56 0 988 0 0 974 0 0 0 253 990 606 939 0 898 0 29 0 0 0 300 601 0 394 969 693 0 0 657 770 453 189 0 432 52 0 176 330 0 0 0 109 556 129 651 0 331 0 779 254 57 0 0 444 909 919 729 700 334 
244 839 129 527 7 868 100 163 594 832 0 586 756 364 818 425 356 952 730 724 459 0 0 503 275 744 587 874 800 329 0 0 0 11 716 403 814 149 706 197 754 0 135 605 0 0 143 27 240 0 947 0 289 945 0 688 161 528 150 953 0 0 482 0 0 781 199 0 457 70 0 121 690 60 954 183 434 0 141 352 633 252 0 348 493 0 0 888 370 0 0 0 0 574 352 984 279 151 591 448 588 726 0 975 853 592 356 726 0 474 913 479 0 0 356 448 516 666 0 592 333 741 282 0 0 124 670 269 0 403 0 0 443 0 217 0 992 763 596 850 
946 996 683 0 223 599 835 0 510 853 732 131 590 410 342 154 0 409 582 891 828 0 0 372 0 330 936 992 41 951 460 772 68 319 0 268 934 45 47 891 0 38 0 534 698 501 312 800 288 228 0 374 22 37 313 111 293 0 548 0 805 569 717 1 393 0 95 135 0 599 559 596 970 585 368 138 0 871 735 287 0 472 552 448 988 466 40 335 416 851 16 189 789 0 558 8 248 0 981 241 0 612 840 928 945 995 51 330 485 553 0 154 266 0 275 925 0 0 919 687 599 977 164 208 250 43 710 28 0 852 479 885 694 163 454 910 0 251 0 0 
231 272 736 376 886 0 543 802 848 0 685 0 0 671 277 249 0 882 311 918 640 503 372 0 0 5 0 418 860 0 563 140 0 928 21 920 0 0 0 262 6 0 314 719 444 253 156 0 486 0 728 254 698 217 568 851 0 7 321 454 437 709 783 820 536 706 500 0 348 138 0 693 261 953 233 475 0 350 114 68 0 659 119 644 36 58 440 653 668 581 651 0 0 0 57 0 942 493 102 806 297 288 593 0 459 0 791 500 812 565 644 436 561 455 829 0 0 44 746 946 788 792 62 116 683 0 199 0 417 762 291 321 406 66 957 88 720 124 975 179 
829 811 657 125 48 781 0 129 867 27 489 0 393 470 65 969 0 617 934 0 448 275 0 0 0 566 727 384 863 0 876 168 114 0 988 550 574 0 0 0 331 316 0 747 0 0 494 0 952 0 850 716 548 157 430 961 558 919 887 449 0 95 163 0 750 653 214 503 0 253 0 508 0 828 627 109 0 74 398 778 241 264 829 650 704 0 870 0 338 0 363 342 896 322 580 0 771 289 594 241 0 0 229 839 0 656 246 0 347 852 31 312 207 0 945 647 535 703 792 112 808 826 732 562 868 242 733 0 251 13 992 154 275 184 898 780 142 122 735 12 
0 0 246 0 862 890 948 0 730 132 649 517 867 609 408 473 909 757 542 754 0 744 330 5 566 0 223 66 11 5 529 720 289 888 0 784 614 936 491 0 0 188 842 0 657 0 0 9 254 597 668 0 0 692 836 819 0 75 815 138 811 959 240 0 0 793 0 679 359 684 685 205 529 604 0 615 0 912 736 627 0 0 56 711 358 0 647 947 0 742 731 0 733 17 700 0 0 728 0 760 342 210 190 317 0 308 90 985 11 0 241 914 0 0 0 36 34 818 192 0 941 0 902 805 65 404 185 0 907 728 624 0 757 0 0 121 745 0 0 795 
0 943 0 975 0 0 788 184 25 692 0 0 0 649 470 287 852 556 0 516 809 587 936 0 727 223 0 543 818 553 578 77 689 999 983 697 0 443 0 813 0 863 371 786 770 0 592 497 0 462 389 0 0 441 286 159 433 184 706 967 518 0 180 279 0 0 0 0 879 732 734 520 0 125 0 752 834 351 68 0 0 27 51 0 660 837 29 164 166 0 456 616 681 943 900 904 40 995 721 727 451 850 0 834 24 458 513 287 0 767 653 496 197 390 0 0 676 0 869 296 108 19 0 0 33 0 875 0 0 584 0 381 412 788 247 375 562 702 760 0 
932 657 0 0 81 333 0 255 427 784 0 986 0 988 460 323 726 133 196 0 255 874 992 418 384 66 543 0 660 559 450 433 805 851 102 0 561 0 4 346 712 0 421 218 671 330 780 185 707 252 622 278 153 523 0 0 455 857 411 0 935 831 323 937 26 0 547 0 619 396 571 0 90 0 291 743 644 168 667 0 754 983 448 889 0 0 73 943 911 33 500 936 639 494 634 267 618 231 409 389 0 15 0 150 476 791 186 609 156 429 752 0 647 0 716 728 405 432 877 867 293 0 0 10 0 962 0 0 924 637 255 65 704 825 0 607 853 0 0 759 
861 253 0 147 0 356 0 698 232 237 423 387 137 480 154 61 0 0 757 711 233 800 41 860 863 11 818 660 0 79 41 526 51 105 22 0 974 409 724 0 577 695 744 556 906 0 790 900 777 505 0 0 708 90 526 173 762 0 847 0 451 53 772 823 0 487 0 650 471 917 939 57 0 0 714 227 34 985 421 0 0 23 137 0 243 0 737 824 572 552 742 990 867 0 927 279 534 423 0 218 234 0 900 728 200 250 859 0 173 0 395 625 0 0 454 0 0 0 0 50 890 993 568 519 870 909 869 593 0 299 672 28 4 950 57 6 318 981 143 925 
646 811 911 217 529 0 265 586 908 577 0 645 87 0 0 0 0 805 839 683 382 329 951 0 0 5 553 559 79 0 853 271 0 0 233 333 753 0 508 77 812 0 944 0 431 194 0 451 0 470 0 0 148 0 665 85 169 272 301 630 847 0 492 0 539 4 328 0 483 0 94 0 531 805 0 919 795 0 152 53 558 736 283 197 991 308 622 509 918 542 864 716 96 0 27 87 0 23 861 299 850 693 996 854 0 69 550 676 928 458 0 237 0 376 159 243 647 0 895 0 231 104 66 192 0 533 618 763 675 359 0 577 763 823 0 806 451 347 97 108 
234 159 254 685 184 790 0 524 0 840 566 978 910 617 804 113 742 150 412 907 593 0 460 563 876 529 578 450 41 853 0 710 0 549 0 0 0 637 585 201 768 0 14 0 816 336 560 789 267 74 946 569 410 23 557 312 405 14 924 380 383 195 0 304 877 0 0 407 351 21 198 131 592 306 457 0 179 12 680 387 207 0 0 0 794 0 373 558 178 656 258 251 0 0 430 0 0 0 58 92 810 31 311 0 502 0 219 0 719 901 821 377 61 376 839 90 325 0 184 0 874 982 20 358 339 0 43 449 415 501 648 977 443 166 0 0 695 0 0 232 
110 854 741 926 47 623 542 476 673 0 205 558 847 486 83 617 121 836 741 117 759 0 772 140 168 720 77 433 526 271 710 0 102 746 968 798 153 0 572 765 486 627 513 821 0 659 233 940 0 722 258 750 442 855 738 414 677 9 244 103 992 364 676 0 853 0 0 652 302 52 0 650 81 925 250 62 0 0 937 806 744 364 0 479 837 657 788 984 783 898 895 440 0 0 149 808 0 340 993 22 40 465 334 832 0 205 823 778 680 856 376 0 18 970 106 326 0 822 323 614 0 55 556 936 0 326 210 324 0 498 333 0 696 591 60 0 841 440 813 549 
74 0 292 659 0 0 85 474 2 0 458 363 0 790 964 554 0 152 443 0 42 0 68 0 114 289 689 805 51 0 0 102 0 0 772 333 222 453 842 550 462 20 308 256 556 500 754 416 415 360 423 524 659 44 0 138 0 926 25 390 0 297 457 0 412 384 888 0 804 0 812 0 492 8 577 0 934 778 0 597 549 210 453 598 512 0 0 132 0 935 0 918 54 127 460 54 279 0 351 0 466 457 902 620 40 353 0 239 0 376 658 427 0 0 0 291 552 0 414 41 197 536 223 0 894 0 0 300 694 677 735 0 194 635 0 792 472 401 679 0 
159 582 0 743 0 552 969 732 0 104 98 350 913 673 461 763 726 319 0 442 743 11 319 928 0 888 999 851 105 0 549 746 0 0 895 346 0 222 0 0 190 219 366 811 67 441 729 558 915 747 696 0 321 521 607 799 499 243 535 648 785 921 723 637 966 0 547 397 600 393 44 302 698 77 342 303 263 106 0 473 124 664 309 479 780 0 866 978 663 881 809 620 414 858 587 845 0 399 631 120 867 441 928 50 212 0 124 944 337 7 682 0 758 123 34 0 302 371 0 0 469 755 0 53 425 326 600 623 66 297 0 195 715 0 902 0 374 667 50 548 
644 10 380 700 945 588 884 109 371 62 0 235 118 68 0 887 563 0 210 71 853 716 0 21 988 0 983 102 22 233 0 968 772 895 0 21 954 886 0 328 128 126 545 154 196 912 0 228 497 652 647 118 433 777 997 0 0 0 389 0 707 0 0 371 623 496 711 431 0 0 0 0 201 833 705 0 0 664 513 750 901 330 46 586 786 77 888 644 0 0 0 884 0 931 396 936 709 756 719 393 838 830 901 0 289 583 508 785 704 954 246 990 284 283 552 294 0 836 0 570 496 136 79 0 557 0 371 35 0 0 799 470 8 976 0 378 922 6 0 772 
0 144 0 465 374 79 0 175 968 872 799 292 90 862 907 815 829 651 177 0 257 403 268 920 550 784 697 0 0 333 0 798 333 346 21 0 641 441 0 804 0 0 0 491 654 608 0 228 630 0 858 250 190 31 869 0 182 108 420 174 26 914 352 0 916 0 0 447 0 11 879 575 946 985 192 355 342 0 741 151 466 640 15 363 966 517 368 0 550 151 617 301 899 50 353 702 307 777 0 269 0 893 348 418 189 529 885 363 0 167 232 571 0 805 80 210 368 389 0 310 454 577 618 429 650 935 0 61 780 619 277 0 0 5 173 583 289 199 0 14 
0 119 281 936 534 257 839 186 0 219 0 818 787 261 0 4 815 0 729 982 460 814 934 0 574 614 0 561 974 753 0 153 222 0 954 641 0 0 487 432 713 146 805 993 0 113 0 0 223 190 0 490 516 503 445 0 614 888 487 448 563 126 228 615 218 897 0 223 0 672 185 0 462 610 881 0 920 134 107 254 655 887 514 223 305 580 697 829 0 627 45 574 0 723 350 577 725 28 218 392 995 0 0 226 159 103 242 110 888 347 770 786 937 820 39 242 851 0 14 0 0 370 583 277 250 8 890 863 118 794 53 80 577 0 797 222 546 587 0 241 
71 0 631 0 0 0 642 29 330 143 906 0 500 0 587 87 0 0 347 799 555 149 45 0 0 936 443 0 409 0 637 0 453 222 886 441 0 0 364 341 310 886 0 0 0 993 359 867 377 922 0 375 781 814 756 892 744 355 0 811 0 938 27 243 0 459 0 251 127 137 75 631 286 0 337 0 209 937 714 142 0 204 0 735 0 635 363 410 126 0 422 316 0 0 448 533 886 463 531 807 986 834 353 102 0 827 0 0 798 886 611 713 423 816 0 314 499 0 0 0 234 0 695 247 917 0 0 281 811 649 0 109 0 324 580 0 543 157 0 400 
0 22 0 722 0 533 0 666 578 834 781 0 210 0 443 0 324 230 317 0 0 706 47 0 0 491 0 4 724 508 585 572 842 0 0 0 487 364 0 7 370 0 35 0 0 0 575 700 124 241 617 717 0 242 477 930 404 528 0 384 144 45 0 38 0 825 250 243 960 622 0 22 57 955 443 60 65 288 563 614 0 128 57 179 626 0 722 9 0 0 298 647 277 788 27 137 401 991 0 0 776 472 0 500 0 137 770 873 562 689 151 0 333 0 0 382 0 0 140 294 341 957 425 0 0 990 764 0 512 0 837 366 921 114 0 0 961 0 914 0 
899 705 329 237 257 871 380 818 489 648 404 308 47 0 134 911 730 459 540 0 124 197 891 262 0 0 813 346 0 77 201 765 550 0 328 804 432 341 7 0 79 0 1 342 0 20 599 489 146 98 192 461 990 697 215 840 0 592 0 0 112 514 984 140 357 0 526 0 0 833 964 0 916 111 889 612 259 202 399 283 726 896 223 639 360 251 807 0 0 629 977 236 497 215 701 69 718 0 0 0 298 975 711 133 575 0 712 833 754 559 942 690 520 0 0 349 567 630 0 696 19 835 491 284 585 812 0 0 953 185 0 224 480 150 549 667 0 412 483 0 
209 0 908 725 844 996 550 359 642 73 0 104 207 518 961 0 31 559 653 444 841 754 0 6 331 0 0 712 577 812 768 486 462 190 128 0 713 310 370 79 0 0 209 0 341 0 702 714 0 860 127 863 296 998 159 571 356 784 973 0 73 927 630 0 0 490 337 0 419 0 0 267 51 138 130 147 29 865 89 440 0 218 225 800 422 37 841 0 441 309 623 617 86 0 173 0 0 111 0 348 137 0 113 0 597 774 289 933 643 900 416 400 735 190 427 237 115 781 225 0 183 843 270 418 752 859 520 676 192 0 52 56 0 437 228 848 573 0 585 560 
828 197 616 738 683 961 935 925 277 25 780 0 0 181 965 37 429 644 834 116 882 0 38 0 316 188 863 0 695 0 0 627 20 219 126 0 146 886 0 0 0 0 535 658 462 187 0 0 0 345 368 378 0 900 0 710 0 314 34 576 263 400 154 842 0 0 655 412 232 443 855 0 796 566 962 0 51 0 428 0 543 559 0 0 9 460 411 0 68 319 263 5 80 40 367 145 934 619 342 530 379 356 861 363 0 461 658 482 274 286 544 542 0 0 464 985 240 882 369 0 0 917 0 76 414 577 905 529 215 536 54 0 366 0 428 996 698 0 239 679 
0 0 179 727 696 846 945 32 958 428 266 703 128 71 92 197 0 0 574 620 220 135 0 314 0 842 371 421 744 944 14 513 308 366 545 0 805 0 35 1 209 535 0 14 107 255 0 888 492 284 188 466 769 65 857 758 209 375 891 0 0 355 0 722 738 146 146 99 405 831 500 0 0 185 668 628 0 0 0 103 57 483 24 228 0 431 0 357 623 834 128 528 121 126 993 0 0 378 378 607 499 591 158 517 0 437 844 820 648 993 0 0 0 451 0 848 574 58 422 623 814 588 348 0 807 266 0 0 878 0 664 342 549 0 0 0 0 0 0 54 
0 130 490 189 132 892 281 0 436 80 247 551 482 0 251 555 180 132 206 929 0 605 534 719 747 0 786 218 556 0 0 821 256 811 154 491 993 0 0 342 0 658 14 0 495 919 311 0 486 972 953 0 350 0 207 162 0 297 534 0 0 0 654 0 196 390 424 148 931 373 366 107 0 114 774 321 192 242 527 247 779 189 830 117 0 537 0 311 335 0 0 419 311 809 886 522 846 910 956 0 0 595 23 8 0 676 951 157 618 262 0 169 898 781 0 494 203 633 863 472 0 535 0 495 614 743 0 417 990 117 348 920 18 736 706 55 0 960 529 905 
258 284 596 0 144 673 303 744 77 733 0 633 907 991 0 0 0 965 0 641 0 0 698 444 0 657 770 671 906 431 816 0 556 67 196 654 0 0 0 0 341 462 107 495 0 0 451 0 145 379 0 974 0 776 0 160 0 0 819 0 0 57 0 26 769 0 204 837 135 0 0 0 0 179 870 823 0 385 716 0 0 869 750 77 731 660 260 622 153 565 822 727 0 488 772 0 0 0 0 0 839 204 716 817 822 843 457 132 922 223 494 825 709 824 0 0 70 652 919 644 0 784 710 378 975 805 619 7 0 0 461 732 918 0 423 675 660 415 277 710 
827 721 705 160 578 250 165 0 0 974 0 344 728 531 95 612 0 202 29 298 566 0 501 253 0 0 0 330 0 194 336 659 500 441 912 608 113 993 0 20 0 187 255 919 0 0 969 443 0 0 220 861 0 614 0 626 200 15 0 906 280 0 527 101 39 988 0 280 53 520 159 234 326 972 801 617 943 376 579 0 163 756 852 250 877 666 376 234 445 450 224 0 755 0 674 487 983 25 0 104 0 990 961 825 994 6 608 152 83 699 107 637 186 0 0 976 123 595 0 0 0 548 0 43 885 0 891 0 105 103 0 0 196 0 0 751 748 83 747 914 
355 699 724 145 321 251 402 985 418 643 0 0 410 681 930 351 546 0 154 181 984 143 312 156 494 0 592 780 790 0 560 233 754 729 0 0 0 359 575 599 702 0 0 311 451 969 0 425 683 133 0 0 0 320 513 693 0 991 38 0 84 489 668 0 310 0 526 920 258 58 0 181 0 0 601 273 882 282 84 0 892 0 0 278 311 0 0 0 0 819 0 232 636 955 851 910 518 996 734 0 0 51 865 0 714 326 102 0 0 379 320 0 428 660 265 879 16 0 974 426 335 384 964 632 151 621 0 111 932 442 379 602 0 0 873 332 0 76 0 817 
730 388 124 760 0 828 0 537 793 496 649 390 0 0 0 0 0 456 244 539 227 27 800 0 0 9 497 185 900 451 789 940 416 558 228 228 0 867 700 489 714 0 888 0 0 443 425 0 823 666 653 0 937 659 485 12 319 911 131 264 498 175 0 682 475 766 120 0 0 455 347 447 610 391 734 417 0 158 293 577 131 830 358 135 387 0 814 712 278 64 440 874 430 914 390 0 868 67 892 823 903 0 219 311 341 781 680 95 109 331 533 237 816 397 359 0 0 124 156 768 863 191 75 777 231 0 918 0 11 311 0 896 731 747 911 201 808 704 541 316 
336 32 681 382 0 256 0 196 188 334 0 653 0 358 486 602 648 176 444 574 993 240 288 486 952 254 0 707 777 0 267 0 415 915 497 630 223 377 124 146 0 0 492 486 145 0 683 823 0 989 637 86 0 791 320 854 0 0 801 0 309 372 250 0 338 849 633 184 0 147 213 740 0 0 587 73 490 15 50 0 954 108 0 840 587 807 0 104 0 228 288 848 0 0 0 571 407 0 0 0 0 420 418 588 0 506 499 737 262 398 790 326 807 194 643 129 258 23 0 133 0 682 190 0 476 0 433 536 665 375 661 232 0 828 145 0 53 811 0 789 
0 894 882 0 0 587 0 705 180 627 808 0 993 856 0 361 49 467 706 959 570 0 228 0 0 597 462 252 505 470 74 722 360 747 652 0 190 922 241 98 860 345 284 972 379 0 133 666 989 0 532 963 682 723 3 3 694 499 0 547 78 89 862 0 265 206 308 0 534 612 0 268 0 0 550 100 811 0 127 670 913 809 830 400 0 981 0 265 530 944 378 499 885 0 0 0 407 404 0 0 0 0 368 67 951 51 833 419 444 917 0 0 459 0 482 0 0 0 0 0 29 618 0 132 668 576 509 751 459 663 691 872 856 788 690 180 0 76 0 89 
281 138 895 717 812 0 133 566 51 708 443 979 138 601 748 744 738 848 862 137 647 947 0 728 850 668 389 622 0 0 946 258 423 696 647 858 0 0 617 192 127 368 188 953 0 220 0 653 637 532 0 0 43 226 561 0 0 982 651 125 0 286 182 0 443 26 251 669 136 564 777 668 270 312 583 681 178 717 299 509 574 0 0 188 351 0 666 193 696 499 751 558 0 262 0 427 592 960 0 575 0 248 0 507 194 792 135 157 544 80 835 851 270 893 501 1 591 294 62 462 537 0 797 73 688 409 448 940 712 551 929 240 167 762 0 823 922 0 0 0 
739 0 123 474 793 0 10 272 0 575 737 0 0 233 256 612 254 0 619 496 96 0 374 254 716 0 0 278 0 0 569 750 524 0 118 250 490 375 717 461 863 378 466 0 974 861 0 0 86 963 0 0 0 432 940 873 605 644 932 789 0 405 376 0 827 20 100 329 260 95 704 0 0 0 384 189 0 328 115 706 0 821 146 423 565 328 0 305 258 999 16 92 897 977 816 0 143 0 570 0 238 589 0 854 331 162 510 122 274 409 419 200 986 0 259 253 183 383 505 764 653 492 143 58 27 764 663 0 255 71 621 0 258 126 512 762 32 2 889 496 
386 764 0 0 0 836 102 593 371 798 39 978 0 484 139 612 760 533 0 79 0 289 22 698 548 0 0 153 708 148 410 442 659 321 433 190 516 781 0 990 296 0 769 350 0 0 0 937 0 682 43 0 0 0 342 309 0 32 394 365 705 806 477 143 413 0 977 192 151 577 793 399 122 912 0 713 0 286 797 0 803 196 377 231 99 87 0 670 170 683 0 0 782 0 655 0 247 879 0 0 0 13 581 773 815 190 905 842 804 0 0 750 0 510 52 656 32 334 442 0 329 9 0 653 714 4 338 503 0 0 0 235 731 267 228 0 832 0 888 0 
406 226 472 458 0 804 887 0 0 249 111 559 153 997 709 0 0 219 64 474 0 945 37 217 157 692 441 523 90 0 23 855 44 521 777 31 503 814 242 697 998 900 65 0 776 614 320 659 791 723 226 432 0 0 0 464 103 0 207 782 0 202 403 414 462 227 299 978 252 370 693 529 706 577 0 390 391 17 0 692 849 0 241 0 879 260 0 669 695 432 733 0 18 462 232 194 0 202 232 100 903 336 671 247 57 0 743 0 88 632 880 776 906 600 834 0 865 243 394 450 409 683 282 411 487 341 427 0 521 0 908 658 548 294 154 580 504 746 529 305 
92 196 456 671 112 239 134 772 95 226 242 0 0 757 963 948 786 0 521 828 67 0 313 568 430 836 286 0 526 665 557 738 0 607 997 869 445 756 477 215 159 0 857 207 0 0 513 485 320 3 561 940 342 0 0 0 404 56 934 0 683 0 731 820 501 256 0 185 636 86 908 268 0 182 258 333 700 0 0 677 0 0 125 22 241 414 0 0 214 581 0 78 394 268 959 0 11 560 0 0 285 0 648 0 0 627 0 765 240 662 0 892 0 963 47 0 507 691 373 774 0 0 452 0 615 0 307 951 69 0 0 370 884 0 352 470 620 0 26 304 
467 471 832 581 0 800 388 385 0 67 574 904 0 906 329 0 903 777 0 39 0 688 111 851 961 819 159 0 173 85 312 414 138 799 0 0 0 892 930 840 571 710 758 162 160 626 693 12 854 3 0 873 309 464 0 0 767 355 198 993 0 229 452 675 463 344 498 184 811 430 79 0 141 401 0 773 147 969 244 0 646 47 0 528 963 133 540 533 856 73 400 803 0 85 790 781 318 219 205 128 911 24 816 0 917 916 0 553 0 247 0 0 0 0 250 421 0 166 0 514 0 488 973 637 307 0 901 436 0 389 198 884 0 781 0 488 316 181 906 694 
902 996 137 559 994 81 0 320 752 0 530 170 970 0 832 0 0 778 146 420 662 161 293 0 558 0 433 455 762 169 405 677 0 499 0 182 614 744 404 0 356 0 209 0 0 200 0 319 0 694 0 605 0 103 404 767 0 132 0 0 799 391 95 178 408 597 0 0 239 619 601 651 0 261 975 131 0 273 339 202 707 842 158 0 140 579 246 210 505 433 397 154 0 0 276 171 173 746 819 653 928 53 299 732 288 274 0 281 77 0 920 174 4 634 912 67 395 345 547 656 86 0 494 692 217 81 533 90 795 121 0 0 731 43 505 794 307 794 0 201 
523 826 660 795 172 0 868 424 0 131 0 680 0 0 495 66 803 700 195 445 0 528 0 7 919 75 184 857 0 272 14 9 926 243 0 108 888 355 528 592 784 314 375 297 0 15 991 911 0 499 982 644 32 0 56 355 132 0 0 930 365 0 422 426 111 131 378 648 987 934 250 135 498 950 646 296 0 769 878 385 263 664 339 0 0 667 556 99 0 115 829 846 0 934 390 0 816 738 983 92 232 0 687 751 952 17 882 393 200 830 0 0 20 618 897 0 642 350 246 794 0 556 380 936 517 27 406 154 957 0 867 933 862 0 872 0 926 836 0 548 
0 842 0 211 84 0 588 55 184 175 685 0 0 160 817 983 94 651 912 853 651 150 548 321 887 815 706 411 847 301 924 244 25 535 389 420 487 0 0 0 973 34 891 534 819 0 38 131 801 0 651 932 394 207 934 198 0 0 0 846 620 754 540 688 0 233 368 0 974 825 496 0 536 216 391 91 85 0 0 444 728 268 811 317 0 544 729 0 555 0 108 202 0 472 701 785 0 174 453 265 30 574 410 0 979 0 781 234 615 862 0 846 986 361 249 131 0 466 356 534 271 636 68 173 799 421 0 64 543 113 575 55 566 766 508 888 328 422 444 466 
553 648 169 962 850 113 993 101 768 943 109 625 0 0 0 840 544 0 887 594 842 953 0 454 449 138 967 0 0 630 380 103 390 648 0 174 448 811 384 0 0 576 0 0 0 906 0 264 0 547 125 789 365 782 0 993 0 930 846 0 0 0 751 547 553 0 670 662 633 329 0 899 50 0 111 0 838 805 748 366 326 985 0 0 853 488 0 55 0 213 643 0 0 212 751 305 853 323 388 516 601 383 0 0 0 262 704 0 0 0 323 886 0 584 0 392 555 102 706 0 145 989 859 0 0 172 829 0 531 576 568 337 542 995 423 0 598 0 108 225 
322 0 425 969 432 0 375 195 0 0 0 0 0 776 0 0 0 0 11 950 172 0 805 437 0 811 518 935 451 847 383 992 0 785 707 26 563 0 144 112 73 263 0 0 0 280 84 498 309 78 0 0 705 0 683 0 799 365 620 0 0 300 567 152 40 778 0 0 874 823 233 874 482 0 88 330 423 0 0 733 747 0 0 176 0 0 0 171 0 594 169 988 895 0 13 949 0 396 333 214 239 954 744 362 485 0 694 840 506 259 504 747 864 0 598 235 200 845 0 200 0 962 492 247 0 0 383 99 121 103 235 548 254 0 324 850 0 0 777 744 
477 434 724 678 40 851 811 595 626 624 756 244 0 791 756 0 143 550 418 224 787 0 569 709 95 959 0 831 53 0 195 364 297 921 0 914 126 938 45 514 927 400 355 0 57 0 489 175 372 89 286 405 806 202 0 229 391 0 754 0 300 0 317 913 0 94 953 0 0 0 817 964 538 87 297 0 907 614 0 5 867 809 722 357 19 746 643 0 0 211 482 210 525 326 639 89 892 0 570 726 0 0 827 731 911 662 830 840 24 487 164 371 339 0 487 446 945 160 985 348 762 0 749 0 475 458 580 916 663 906 0 0 0 70 801 631 237 508 0 277 
0 613 197 0 310 0 0 360 234 818 0 152 249 850 90 0 623 0 72 697 822 482 717 783 163 240 180 323 772 492 0 676 457 723 0 352 228 27 0 984 630 154 0 654 0 527 668 0 250 862 182 376 477 403 731 452 95 422 540 751 567 317 0 630 584 0 446 0 199 86 0 619 358 532 496 0 810 418 235 833 511 757 293 740 357 557 476 299 597 23 999 0 302 766 540 313 169 208 63 104 249 0 657 316 766 206 280 316 136 940 620 80 736 412 915 820 539 71 952 0 946 245 365 890 562 675 0 265 321 0 204 549 603 764 740 0 187 48 45 646 
424 0 70 280 899 941 934 849 91 0 627 0 572 0 0 627 967 507 973 883 328 0 1 820 0 0 279 937 823 0 304 0 0 637 371 0 615 243 38 140 0 842 722 0 26 101 0 682 0 0 0 0 143 414 820 675 178 426 688 547 152 913 630 0 0 993 0 141 372 547 188 0 973 853 104 749 315 82 39 673 161 0 911 926 0 0 479 403 180 291 856 0 0 0 238 0 380 0 4 944 19 169 277 0 131 98 0 856 313 684 528 0 371 874 655 0 0 227 0 644 153 743 517 0 964 0 704 526 536 732 0 0 0 588 0 258 0 440 851 586 
576 555 216 319 0 0 0 743 156 656 630 446 0 222 590 0 324 710 100 0 106 0 393 536 750 0 0 26 0 539 877 853 412 966 623 916 218 0 0 357 0 0 738 196 769 39 310 475 338 265 443 827 413 462 501 463 408 111 0 553 40 0 584 0 0 561 128 328 720 0 0 764 840 257 0 935 0 0 5 0 910 360 31 529 806 942 272 289 0 681 950 597 866 251 779 0 0 712 0 837 0 398 0 442 325 0 356 863 728 488 0 69 0 3 60 613 482 655 562 730 178 41 0 817 541 945 0 0 584 526 0 883 785 280 417 732 0 7 0 141 
708 142 561 708 140 199 170 179 243 0 0 644 685 138 699 543 630 0 507 712 383 781 0 706 653 793 0 0 487 4 0 0 384 0 496 0 897 459 825 0 490 0 146 390 0 988 0 766 849 206 26 20 0 227 256 344 597 131 233 0 778 94 0 993 561 0 197 0 222 673 964 0 707 771 288 0 492 225 97 122 0 417 0 609 87 963 12 463 876 0 733 0 0 0 855 675 901 64 372 492 0 664 924 304 298 179 6 0 21 216 255 0 576 395 326 107 202 772 822 740 382 0 782 505 0 0 467 540 0 51 0 0 0 0 0 115 0 116 238 0 
518 533 0 163 44 0 0 717 965 222 412 565 727 85 0 503 995 679 161 938 197 199 95 500 214 0 0 547 0 328 0 0 888 547 711 0 0 0 250 526 337 655 146 424 204 0 526 120 633 308 251 100 977 299 0 498 0 378 368 670 0 953 446 0 128 197 0 918 0 61 0 450 938 906 806 955 695 241 35 650 800 567 858 0 370 460 936 101 646 613 3 746 517 771 656 707 0 347 889 10 931 19 303 704 185 627 209 787 0 126 844 0 920 474 0 922 105 908 543 172 858 0 552 869 700 625 112 0 402 414 0 282 39 208 775 243 382 522 426 505 
586 0 0 539 198 40 952 562 591 59 238 461 0 749 0 791 611 0 531 943 960 0 135 0 503 679 0 0 650 0 407 652 0 397 431 447 223 251 243 0 0 412 99 148 837 280 920 0 184 0 669 329 192 978 185 184 0 648 0 662 0 0 0 141 328 0 918 0 673 289 32 390 989 0 183 607 0 0 674 588 144 181 671 0 992 915 785 872 682 107 0 572 996 454 678 168 708 0 0 976 914 560 613 0 0 154 168 84 947 314 417 0 786 354 319 476 481 394 0 0 827 0 0 0 422 762 0 0 344 172 88 0 406 344 874 780 0 196 476 0 
668 483 149 0 389 249 853 0 244 316 496 0 360 23 14 0 0 432 0 129 0 457 0 348 0 359 879 619 471 483 351 302 804 600 0 0 0 127 960 0 419 232 405 931 135 53 258 0 0 534 136 260 151 252 636 811 239 987 974 633 874 0 199 372 720 222 0 673 0 273 28 327 0 707 22 0 0 798 0 365 582 640 222 102 633 282 972 681 293 534 317 942 360 634 0 0 401 142 444 255 119 733 574 216 57 441 530 52 0 148 0 130 0 34 229 85 367 427 47 549 101 295 770 847 692 0 157 702 0 208 976 371 0 920 756 827 675 848 266 831 
804 479 932 0 357 463 266 937 0 0 955 109 187 973 0 0 758 86 896 589 0 70 599 138 253 684 732 396 917 0 21 52 0 393 0 11 672 137 622 833 0 443 831 373 0 520 58 455 147 612 564 95 577 370 86 430 619 934 825 329 823 0 86 547 0 673 61 289 273 0 297 172 869 0 7 590 0 817 873 0 0 0 985 0 818 29 318 809 420 0 124 480 700 929 785 0 0 447 751 45 0 903 764 90 0 463 51 413 83 0 499 493 885 94 608 0 374 302 585 795 166 69 278 625 441 665 943 0 120 186 768 651 0 897 0 319 61 959 0 0 
458 814 539 793 708 0 989 139 672 224 649 461 32 872 668 305 287 220 0 181 724 0 559 0 0 685 734 571 939 94 198 0 812 44 0 879 185 75 0 964 0 855 500 366 0 159 0 347 213 0 777 704 793 693 908 79 601 250 496 0 233 817 0 188 0 964 0 32 28 297 0 0 0 541 0 567 0 0 0 620 720 165 669 469 0 488 790 602 0 0 44 793 82 287 216 194 309 803 239 848 899 718 737 852 0 784 66 977 410 0 357 29 741 917 0 0 415 0 931 0 156 0 893 969 757 522 771 0 436 634 479 124 188 922 0 975 959 476 0 917 
853 0 328 37 547 809 725 711 795 999 0 98 93 940 303 629 682 708 453 912 113 121 596 693 508 205 520 0 57 0 131 650 0 302 0 575 0 631 22 0 267 0 0 107 0 234 181 447 740 268 668 0 399 529 268 0 651 135 0 899 874 964 619 0 764 0 450 390 327 172 0 0 737 366 0 759 0 0 704 0 336 572 86 766 758 216 0 936 321 0 468 0 291 493 0 403 968 211 194 600 796 0 188 86 415 709 952 0 564 283 780 0 607 649 539 828 399 0 102 485 678 812 82 0 0 221 92 0 362 850 929 281 0 341 818 876 505 0 642 448 
655 395 642 398 0 491 47 101 460 402 617 66 515 0 581 0 942 749 0 981 443 690 970 261 0 529 0 90 0 531 592 81 492 698 201 946 462 286 57 916 51 796 0 0 0 326 0 610 0 0 270 0 122 706 0 141 0 498 536 50 482 538 358 973 840 707 938 989 0 869 0 737 0 588 0 261 0 579 0 256 965 0 305 759 318 0 416 10 871 0 276 101 503 755 0 246 45 867 469 551 989 0 644 30 318 0 334 446 0 167 117 762 0 225 0 737 0 389 0 793 880 802 432 944 279 942 403 899 0 0 949 736 80 90 911 166 982 965 702 46 
609 0 478 643 404 572 821 363 668 0 344 281 407 368 434 815 0 854 286 429 868 60 585 953 828 604 125 0 0 805 306 925 8 77 833 985 610 0 955 111 138 566 185 114 179 972 0 391 0 0 312 0 912 577 182 401 261 950 216 0 0 87 532 853 257 771 906 0 707 0 541 366 588 0 70 0 0 930 973 989 281 0 639 21 924 0 0 0 0 924 152 159 892 0 0 0 0 0 936 0 845 643 441 376 117 0 0 5 170 971 263 374 0 944 966 437 0 40 441 87 837 0 0 768 504 0 0 859 447 0 725 272 587 121 645 313 31 254 926 301 
173 512 778 0 0 289 401 596 617 855 943 0 811 532 0 0 283 912 0 76 0 954 368 233 627 0 0 291 714 0 457 250 577 342 705 192 881 337 443 889 130 962 668 774 870 801 601 734 587 550 583 384 0 0 258 0 975 646 391 111 88 297 496 104 0 288 806 183 22 7 0 0 0 70 0 280 573 115 457 19 202 814 63 548 493 887 194 0 43 146 331 125 757 681 482 38 65 30 904 200 0 632 303 81 291 965 0 170 624 0 0 563 0 671 348 0 795 189 607 846 0 681 291 95 153 0 161 0 307 924 807 141 493 247 479 886 496 323 816 0 
81 0 838 0 0 0 746 698 376 230 47 608 4 107 202 711 0 318 828 586 164 183 138 475 109 615 752 743 227 919 0 62 0 303 0 355 0 0 60 612 147 0 628 321 823 617 273 417 73 100 681 189 713 390 333 773 131 296 91 0 330 0 0 749 935 0 955 607 0 590 567 759 261 0 280 0 195 426 712 0 96 188 0 683 0 652 959 0 550 217 204 86 752 58 0 0 417 176 0 408 959 0 593 0 279 0 505 0 966 681 839 925 893 495 340 95 481 0 602 791 967 145 640 0 794 0 0 0 0 607 578 277 241 0 0 687 0 0 954 0 
683 24 924 0 262 613 360 0 29 844 0 557 404 743 59 0 319 957 0 467 101 434 0 0 0 0 834 644 34 795 179 0 934 263 0 342 920 209 65 259 29 51 0 192 0 943 882 0 490 811 178 0 0 391 700 147 0 0 85 838 423 907 810 315 0 492 695 0 0 0 0 0 0 0 573 195 0 926 764 600 870 0 491 646 161 0 99 301 765 0 881 934 0 0 19 819 0 582 96 0 0 595 0 11 262 487 684 128 0 175 144 0 155 659 959 222 0 817 659 0 0 271 496 334 845 940 538 150 602 654 744 0 13 566 264 327 221 530 687 3 
0 602 618 0 936 203 656 60 0 82 704 83 616 269 489 719 641 901 478 473 575 0 871 350 74 912 351 168 985 0 12 0 778 106 664 0 134 937 288 202 865 0 0 242 385 376 282 158 15 0 717 328 286 17 0 969 273 769 0 805 0 614 418 82 0 225 241 0 798 817 0 0 579 930 115 426 926 0 706 1 240 440 496 760 872 296 0 210 0 237 326 187 0 395 910 528 890 0 814 0 153 205 413 796 147 627 0 0 48 121 760 767 0 58 597 936 134 689 852 0 138 870 854 0 0 0 974 40 763 618 106 323 29 94 484 0 906 291 118 54 
0 36 925 442 8 238 0 475 0 285 109 165 403 485 0 0 924 0 999 147 0 141 735 114 398 736 68 667 421 152 680 937 0 0 513 741 107 714 563 399 89 428 0 527 716 579 84 293 50 127 299 115 797 0 0 244 339 878 0 748 0 0 235 39 5 97 35 674 0 873 0 704 0 973 457 712 764 706 0 0 698 521 0 118 0 0 0 0 0 95 0 0 168 18 951 171 0 631 687 130 80 927 632 0 677 0 0 958 172 992 118 0 274 706 411 303 48 0 539 0 252 440 785 845 0 667 288 235 993 525 583 647 766 114 983 750 602 443 0 0 
740 589 0 996 596 675 100 973 629 784 882 0 686 695 0 0 240 966 492 0 26 352 287 68 778 627 0 0 0 53 387 806 597 473 750 151 254 142 614 283 440 0 103 247 0 0 0 577 0 670 509 706 0 692 677 0 202 385 444 366 733 5 833 673 0 122 650 588 365 0 620 0 256 989 19 0 600 1 0 0 26 528 0 439 0 96 0 735 48 2 283 459 942 28 536 984 140 0 402 794 0 280 810 18 0 203 0 0 46 325 0 936 92 0 237 254 0 0 969 968 228 838 913 0 189 96 665 335 582 0 327 883 601 248 639 390 962 401 780 0 
993 89 282 0 887 261 86 567 936 0 513 71 0 403 0 585 376 215 786 50 0 633 0 0 241 0 0 754 0 558 207 744 549 124 901 466 655 0 0 726 0 543 57 779 0 163 892 131 954 913 574 0 803 849 0 646 707 263 728 326 747 867 511 161 910 0 800 144 582 0 720 336 965 281 202 96 870 240 698 26 0 213 705 858 937 848 607 826 280 884 425 947 812 0 500 0 0 0 0 780 766 0 42 711 270 932 510 759 671 531 0 413 808 0 695 857 494 978 458 928 409 919 863 754 494 0 0 564 0 433 77 619 661 129 0 699 993 519 786 207 
0 276 34 747 43 684 254 42 177 468 0 448 0 226 0 605 409 744 303 666 56 252 472 659 264 0 27 983 23 736 0 364 210 664 330 640 887 204 128 896 218 559 483 189 869 756 0 830 108 809 0 821 196 0 0 47 842 664 268 985 0 809 757 0 360 417 567 181 640 0 165 572 0 0 814 188 0 440 521 528 213 0 354 494 368 701 168 65 947 831 706 0 871 438 0 616 0 0 483 770 507 0 939 0 557 0 0 113 761 980 414 770 0 40 0 361 500 0 0 63 666 0 0 0 868 82 3 342 919 808 635 724 802 881 624 90 85 815 689 908 
0 0 0 0 67 115 892 764 889 0 49 961 635 133 162 252 785 792 682 534 0 0 552 119 829 56 51 448 137 283 0 0 453 309 46 15 514 0 57 223 225 0 24 830 750 852 0 358 0 830 0 146 377 241 125 0 158 339 811 0 0 722 293 911 31 0 858 671 222 985 669 86 305 639 63 0 491 496 0 0 705 354 0 955 0 0 286 32 171 865 0 0 788 42 936 259 0 0 547 643 316 0 962 169 107 355 0 374 211 149 300 617 25 673 400 69 160 674 0 795 323 57 0 0 314 985 0 463 242 799 0 0 656 0 277 586 997 443 0 1 
