0 0 701 534 774 342 0 230 268 56 199 0 392 27 729 535 903 0 0 386 0 907 0 135 942 0 145 0 298 901 18 969 890 352 0 255 0 912 122 347 858 896 896 683 477 312 0 183 298 445 16 0 222 632 858 44 534 0 839 457 0 886 833 507 942 943 132 365 0 0 
0 0 0 750 435 97 863 453 0 501 373 0 0 37 317 181 0 244 38 0 952 188 736 232 794 515 239 848 47 939 956 878 609 693 423 944 141 154 317 0 0 0 728 2 0 903 0 80 875 593 213 631 755 0 951 813 0 212 404 638 669 0 285 79 244 558 197 0 488 816 
701 0 0 0 0 328 0 77 0 828 0 0 0 279 912 548 0 861 0 978 0 0 77 385 565 976 368 0 318 373 304 554 0 428 883 154 0 0 0 488 526 28 364 850 841 399 0 799 589 710 570 0 0 0 787 0 263 229 0 0 731 657 265 0 176 419 24 397 165 0 
534 750 0 0 16 0 0 0 392 383 325 823 86 361 881 159 0 387 0 834 386 0 150 609 0 124 0 0 985 112 985 750 0 307 362 0 704 0 608 0 391 0 358 102 613 116 335 942 0 117 238 575 0 87 49 97 685 888 0 0 985 0 0 0 883 53 13 857 709 0 
774 435 0 16 0 435 0 386 86 310 0 199 257 0 405 551 166 488 508 282 775 237 0 885 128 0 716 813 550 501 774 644 0 0 372 647 223 0 279 506 393 554 341 0 78 88 398 28 663 351 0 13 0 709 0 489 890 398 0 523 177 952 364 126 664 943 730 0 765 508 
342 97 328 0 435 0 485 10 900 368 0 371 335 443 259 0 137 949 234 402 0 215 0 86 0 871 0 301 387 0 205 720 926 0 719 0 0 946 569 404 783 56 832 975 0 864 182 0 271 643 797 981 0 396 0 124 23 684 0 472 517 170 314 0 646 251 183 404 603 0 
0 863 0 0 0 485 0 0 527 0 166 712 299 899 669 127 0 278 417 396 0 0 0 0 355 289 17 193 334 906 440 776 645 930 975 0 807 58 353 396 709 0 635 703 0 686 401 980 35 339 31 0 0 664 983 948 854 69 0 533 227 840 601 526 0 729 608 787 700 684 
230 453 77 0 386 10 0 0 772 608 0 149 0 255 712 99 0 291 642 170 910 718 104 721 0 760 491 0 425 258 0 0 154 625 276 0 561 0 114 0 812 0 0 183 906 692 261 947 220 246 0 0 23 423 77 384 442 0 271 472 0 915 16 144 225 998 0 163 585 833 
268 0 0 392 86 900 527 772 0 483 865 344 0 538 954 949 616 778 887 931 30 568 781 676 996 360 884 0 695 0 0 869 259 0 0 252 432 0 0 0 786 921 82 0 962 92 0 649 206 709 0 181 547 593 0 963 834 686 0 304 0 710 688 395 388 73 874 686 805 481 
56 501 828 383 310 368 0 608 483 0 40 322 333 696 260 147 847 606 973 898 697 955 0 0 623 7 771 228 71 0 940 560 724 902 403 655 0 363 800 821 281 426 0 235 832 720 321 127 276 647 169 733 0 201 0 566 598 399 431 927 0 190 752 576 451 0 0 295 158 289 
199 373 0 325 0 0 166 0 865 40 0 430 634 221 0 0 0 988 983 866 435 0 849 294 789 196 0 810 0 604 171 142 149 263 668 802 970 940 211 867 273 162 923 558 0 0 337 780 112 0 487 0 285 179 969 616 582 362 771 0 541 0 304 185 94 28 0 0 513 150 
0 0 0 823 199 371 712 149 344 322 430 0 951 472 886 622 843 901 0 316 456 560 665 596 936 379 503 430 716 943 949 786 0 722 238 227 778 959 406 725 0 309 656 13 939 354 0 892 0 0 649 434 0 651 782 873 74 76 521 896 229 696 0 0 613 81 163 829 412 961 
392 0 0 86 257 335 299 0 0 333 634 951 0 51 276 746 548 626 0 947 923 768 444 812 773 661 0 631 872 0 0 149 0 0 695 141 584 307 945 322 560 175 0 387 102 633 823 575 857 769 0 0 519 0 0 271 0 346 236 513 344 0 986 769 0 0 727 803 924 56 
27 37 279 361 0 443 899 255 538 696 221 472 51 0 0 274 0 38 0 0 906 566 830 0 875 70 0 313 130 855 291 0 575 791 0 647 235 956 452 0 896 0 0 739 385 395 836 264 639 0 346 414 0 760 396 0 0 0 780 0 0 679 117 802 0 92 842 905 0 457 
729 317 912 881 405 259 669 712 954 260 0 886 276 0 0 724 948 0 0 213 0 748 362 75 318 809 0 0 895 226 276 0 0 787 576 302 124 501 870 979 253 745 0 55 0 864 221 711 478 0 285 294 524 0 434 918 386 658 899 602 764 0 827 490 0 0 629 622 266 26 
535 181 548 159 551 0 127 99 949 147 0 622 746 274 724 0 134 900 868 790 922 407 940 0 0 208 2 948 336 0 290 0 888 191 737 0 454 855 947 0 0 744 0 0 0 359 0 0 0 0 693 498 0 276 427 585 779 258 770 394 638 0 0 27 0 530 238 0 235 748 
903 0 0 0 166 137 0 0 616 847 0 843 548 0 948 134 0 860 62 513 131 189 0 442 254 778 194 51 602 953 549 489 271 458 673 301 904 319 244 865 959 919 591 245 167 358 0 53 905 0 300 0 0 712 365 0 833 543 132 13 26 0 0 390 319 597 0 961 0 180 
0 244 861 387 488 949 278 291 778 606 988 901 626 38 0 900 860 0 25 143 0 129 0 221 175 0 0 256 942 329 916 545 627 0 291 0 557 119 0 368 292 844 0 734 430 882 139 514 985 737 571 0 0 409 2 609 0 0 0 968 0 776 768 659 488 782 0 787 0 211 
0 38 0 0 508 234 417 642 887 973 983 0 0 0 0 868 62 25 0 524 0 913 95 935 861 422 426 0 682 605 136 66 806 522 385 0 749 492 0 9 429 0 506 439 123 440 0 453 510 70 790 616 0 115 667 14 770 0 142 469 661 0 380 919 210 747 603 862 651 0 
386 0 978 834 282 402 396 170 931 898 866 316 947 0 213 790 513 143 524 0 102 0 0 454 0 0 822 263 368 585 813 903 423 83 188 614 0 258 293 204 957 142 409 78 401 800 0 0 541 304 294 837 17 0 873 46 791 0 0 0 377 268 753 582 0 438 106 191 855 890 
0 952 0 386 775 0 0 910 30 697 435 456 923 906 0 922 131 0 0 102 0 342 831 262 630 88 515 0 0 766 0 0 368 623 2 0 573 981 864 0 0 0 358 266 140 16 0 840 437 498 0 16 0 40 148 702 673 620 692 0 354 743 502 623 385 899 33 0 950 0 
907 188 0 0 237 215 0 718 568 955 0 560 768 566 748 407 189 129 913 0 342 0 409 750 41 545 533 679 746 107 0 0 0 136 0 660 398 0 175 384 45 664 0 175 850 0 634 896 0 0 0 0 86 0 0 0 560 542 312 848 0 874 714 69 0 716 829 826 738 135 
0 736 77 150 0 0 0 104 781 0 849 665 444 830 362 940 0 0 95 0 831 409 0 793 0 949 0 703 312 0 829 0 272 620 0 810 962 0 0 671 951 0 501 285 0 725 0 465 652 0 0 803 0 663 0 930 43 249 687 0 77 975 0 347 122 860 0 145 749 0 
135 232 385 609 885 86 0 721 676 0 294 596 812 0 75 0 442 221 935 454 262 750 793 0 326 106 551 989 444 294 173 672 817 0 879 722 772 608 107 690 574 373 523 784 995 434 343 342 0 0 0 804 237 0 0 635 626 793 679 0 415 0 0 937 939 0 0 529 363 0 
942 794 565 0 128 0 355 0 996 623 789 936 773 875 318 0 254 175 861 0 630 41 0 326 0 129 940 544 0 0 825 184 115 0 513 444 414 213 712 895 79 45 0 374 386 709 154 727 0 564 0 870 566 898 0 307 670 949 58 0 0 0 0 464 0 911 151 0 653 0 
0 515 976 124 0 871 289 760 360 7 196 379 661 70 809 208 778 0 422 0 88 545 949 106 129 0 0 325 0 82 11 558 0 189 9 96 511 497 6 936 914 120 740 659 309 247 495 345 875 52 726 5 0 0 200 403 651 56 828 328 0 454 0 503 454 45 0 0 448 391 
145 239 368 0 716 0 17 491 884 771 0 503 0 0 0 2 194 0 426 822 515 533 0 551 940 0 0 382 263 0 54 771 19 627 371 527 135 0 241 34 11 506 998 974 0 680 0 64 699 0 256 649 780 57 0 314 0 766 325 256 433 715 513 898 463 828 285 80 154 81 
0 848 0 0 813 301 193 0 0 228 810 430 631 313 0 948 51 256 0 263 0 679 703 989 544 325 382 0 838 381 0 206 0 851 285 702 655 0 572 201 840 925 0 661 844 0 0 718 967 108 0 0 583 0 170 432 780 668 695 450 830 963 577 0 695 92 818 824 0 224 
298 47 318 985 550 387 334 425 695 71 0 716 872 130 895 336 602 942 682 368 0 746 312 444 0 0 263 838 0 383 0 811 788 819 267 878 0 900 0 469 413 0 0 387 0 323 531 843 503 662 815 0 656 0 472 0 676 684 598 554 785 0 0 546 907 11 0 0 0 560 
901 939 373 112 501 0 906 258 0 0 604 943 0 855 226 0 953 329 605 585 766 107 0 294 0 82 0 381 383 0 392 94 0 866 0 884 713 633 69 925 821 410 567 0 0 498 517 879 896 0 886 0 338 775 922 471 480 884 645 369 701 355 0 679 0 353 460 82 0 247 
18 956 304 985 774 205 440 0 0 940 171 949 0 291 276 290 549 916 136 813 0 0 829 173 825 11 54 0 0 392 0 0 719 0 977 729 851 0 179 617 979 0 110 442 933 0 331 0 0 764 286 629 0 0 0 188 943 0 239 0 0 548 703 303 448 953 693 950 564 0 
969 878 554 750 644 720 776 0 869 560 142 786 149 0 0 0 489 545 66 903 0 0 0 672 184 558 771 206 811 94 0 0 258 581 208 871 561 0 855 0 0 415 0 0 0 0 0 663 179 93 137 0 673 407 624 622 338 84 747 915 384 16 528 303 0 435 0 346 33 0 
890 609 0 0 0 926 645 154 259 724 149 0 0 575 0 888 271 627 806 423 368 0 272 817 115 0 19 0 788 0 719 258 0 460 696 0 0 9 899 0 467 901 0 399 499 858 589 0 858 452 0 488 39 0 215 558 231 0 79 674 882 0 0 572 0 0 670 618 695 660 
352 693 428 307 0 0 930 625 0 902 263 722 0 791 787 191 458 0 522 83 623 136 620 0 0 189 627 851 819 866 0 581 460 0 656 750 407 123 391 444 97 811 899 850 686 0 68 62 951 906 874 207 0 921 0 173 196 34 171 415 457 855 534 678 229 449 504 988 0 521 
0 423 883 362 372 719 975 276 0 403 668 238 695 0 576 737 673 291 385 188 2 0 0 879 513 9 371 285 267 0 977 208 696 656 0 365 246 444 345 0 380 854 973 387 75 624 0 979 170 460 0 576 200 0 736 0 342 558 439 945 0 0 648 286 541 876 244 0 383 65 
255 944 154 0 647 0 0 0 252 655 802 227 141 647 302 0 301 0 0 614 0 660 810 722 444 96 527 702 878 884 729 871 0 750 365 0 0 285 918 318 647 0 63 246 837 0 502 0 0 111 272 193 438 0 0 892 411 759 0 911 612 369 0 590 45 480 767 0 216 217 
0 141 0 704 223 0 807 561 432 0 970 778 584 235 124 454 904 557 749 0 573 398 962 772 414 511 135 655 0 713 851 561 0 407 246 0 0 0 0 986 606 731 388 0 404 944 0 162 0 127 329 68 221 307 0 0 760 832 809 0 0 835 922 161 345 0 559 304 0 65 
912 154 0 0 0 946 58 0 0 363 940 959 307 956 501 855 319 119 492 258 981 0 0 608 213 497 0 0 900 633 0 0 9 123 444 285 0 0 373 0 391 803 706 490 133 884 0 724 752 0 0 725 0 308 155 891 902 915 361 558 0 0 84 63 486 0 998 801 958 588 
122 317 0 608 279 569 353 114 0 800 211 406 945 452 870 947 244 0 0 293 864 175 0 107 712 6 241 572 0 69 179 855 899 391 345 918 0 373 0 197 473 30 280 955 868 437 516 0 21 771 0 727 550 284 687 196 410 0 235 358 769 280 917 357 311 169 121 421 0 88 
347 0 488 0 506 404 396 0 0 821 867 725 322 0 979 0 865 368 9 204 0 384 671 690 895 936 34 201 469 925 617 0 0 444 0 318 986 0 197 0 451 628 798 0 254 990 131 695 0 794 573 0 238 239 639 0 132 953 810 0 660 933 0 0 150 987 240 705 0 0 
858 0 526 391 393 783 709 812 786 281 273 0 560 896 253 0 959 292 429 957 0 45 951 574 79 914 11 840 413 821 979 0 467 97 380 647 606 391 473 451 0 264 0 574 0 336 881 596 0 511 0 191 743 53 409 366 281 928 0 0 630 0 0 0 127 769 579 0 114 605 
896 0 28 0 554 56 0 0 921 426 162 309 175 0 745 744 919 844 0 142 0 664 0 373 45 120 506 925 0 410 0 415 901 811 854 0 731 803 30 628 264 0 0 807 684 223 0 654 0 0 0 80 281 0 0 529 892 0 812 658 459 663 828 836 224 290 568 535 246 0 
896 728 364 358 341 832 635 0 82 0 923 656 0 0 0 0 591 0 506 409 358 0 501 523 0 740 998 0 0 567 110 0 0 899 973 63 388 706 280 798 0 0 0 0 74 650 538 477 10 4 677 674 267 572 0 0 659 802 0 753 914 91 106 850 216 439 0 864 439 471 
683 2 850 102 0 975 703 183 0 235 558 13 387 739 55 0 245 734 439 78 266 175 285 784 374 659 974 661 387 0 442 0 399 850 387 246 0 490 955 0 574 807 0 0 739 83 829 116 130 344 0 830 416 800 54 0 94 0 0 971 744 0 85 0 730 659 561 746 0 363 
477 0 841 613 78 0 0 906 962 832 0 939 102 385 0 0 167 430 123 401 140 850 0 995 386 309 0 844 0 0 933 0 499 686 75 837 404 133 868 254 0 684 74 739 0 486 354 0 745 900 544 0 241 449 374 774 393 99 646 0 0 405 573 967 502 707 0 53 0 465 
312 903 399 116 88 864 686 692 92 720 0 354 633 395 864 359 358 882 440 800 16 0 725 434 709 247 680 0 323 498 0 0 858 0 624 0 944 884 437 990 336 223 650 83 486 0 937 558 182 719 0 510 335 0 998 744 0 169 909 304 799 0 554 911 619 406 299 249 865 739 
0 0 0 335 398 182 401 261 0 321 337 0 823 836 221 0 0 139 0 0 0 634 0 343 154 495 0 0 531 517 331 0 589 68 0 502 0 0 516 131 881 0 538 829 354 937 0 891 0 715 315 0 208 785 0 717 26 167 210 176 593 630 436 0 331 95 515 582 945 0 
183 80 799 942 28 0 980 947 649 127 780 892 575 264 711 0 53 514 453 0 840 896 465 342 727 345 64 718 843 879 0 663 0 62 979 0 162 724 0 695 596 654 477 116 0 558 891 0 543 457 0 266 220 184 875 399 0 411 368 744 504 887 5 213 643 223 486 7 433 348 
298 875 589 0 663 271 35 220 206 276 112 0 857 639 478 0 905 985 510 541 437 0 652 0 0 875 699 967 503 896 0 179 858 951 170 0 0 752 21 0 0 0 10 130 745 182 0 543 0 630 967 334 838 0 357 17 482 49 137 825 921 777 189 626 428 428 0 55 823 73 
445 593 710 117 351 643 339 246 709 647 0 0 769 0 0 0 0 737 70 304 498 0 0 0 564 52 0 108 662 0 764 93 452 906 460 111 127 0 771 794 511 0 4 344 900 719 715 457 630 0 0 0 0 0 0 593 0 0 63 0 385 929 114 0 65 762 772 511 500 0 
16 213 570 238 0 797 31 0 0 169 487 649 0 346 285 693 300 571 790 294 0 0 0 0 0 726 256 0 815 886 286 137 0 874 0 272 329 0 0 573 0 0 677 0 544 0 315 0 967 0 0 0 447 129 818 347 177 0 775 671 0 279 487 839 338 0 362 507 410 791 
0 631 0 575 13 981 0 0 181 733 0 434 0 414 294 498 0 0 616 837 16 0 803 804 870 5 649 0 0 0 629 0 488 207 576 193 68 725 727 0 191 80 674 830 0 510 0 266 334 0 0 0 0 215 789 502 729 980 0 297 665 279 644 750 0 0 400 207 0 0 
222 755 0 0 0 0 0 23 547 0 285 0 519 0 524 0 0 0 0 17 0 86 0 237 566 0 780 583 656 338 0 673 39 0 200 438 221 0 550 238 743 281 267 416 241 335 208 220 838 0 447 0 0 60 0 322 512 0 489 343 400 710 0 0 772 0 680 0 108 769 
632 0 0 87 709 396 664 423 593 201 179 651 0 760 0 276 712 409 115 0 40 0 663 0 898 0 57 0 0 775 0 407 0 921 0 0 307 308 284 239 53 0 572 800 449 0 785 184 0 0 129 215 60 0 15 982 0 744 0 975 738 584 0 494 334 651 127 0 83 597 
858 951 787 49 0 0 983 77 0 0 969 782 0 396 434 427 365 2 667 873 148 0 0 0 0 200 0 170 472 922 0 624 215 0 736 0 0 155 687 639 409 0 0 54 374 998 0 875 357 0 818 789 0 15 0 107 0 544 0 0 857 0 419 56 0 853 0 543 231 781 
44 813 0 97 489 124 948 384 963 566 616 873 271 0 918 585 0 609 14 46 702 0 930 635 307 403 314 432 0 471 188 622 558 173 0 892 0 891 196 0 366 529 0 0 774 744 717 399 17 593 347 502 322 982 107 0 592 817 924 774 0 0 206 404 972 0 738 87 717 0 
534 0 263 685 890 23 854 442 834 598 582 74 0 0 386 779 833 0 770 791 673 560 43 626 670 651 0 780 676 480 943 338 231 196 342 411 760 902 410 132 281 892 659 94 393 0 26 0 482 0 177 729 512 0 0 592 0 49 804 0 152 0 0 0 456 0 687 432 332 704 
0 212 229 888 398 684 69 0 686 399 362 76 346 0 658 258 543 0 0 0 620 542 249 793 949 56 766 668 684 884 0 84 0 34 558 759 832 915 0 953 928 0 802 0 99 169 167 411 49 0 0 980 0 744 544 817 49 0 85 0 43 820 386 868 362 212 786 816 229 391 
839 404 0 0 0 0 0 271 0 431 771 521 236 780 899 770 132 0 142 0 692 312 687 679 58 828 325 695 598 645 239 747 79 171 439 0 809 361 235 810 0 812 0 0 646 909 210 368 137 63 775 0 489 0 0 924 804 85 0 0 16 244 190 353 420 0 951 840 485 331 
457 638 0 0 523 472 533 472 304 927 0 896 513 0 602 394 13 968 469 0 0 848 0 0 0 328 256 450 554 369 0 915 674 415 945 911 0 558 358 0 0 658 753 971 0 304 176 744 825 0 671 297 343 975 0 774 0 0 0 0 0 0 127 0 516 478 37 488 0 0 
0 669 731 985 177 517 227 0 0 0 541 229 344 0 764 638 26 0 661 377 354 0 77 415 0 0 433 830 785 701 0 384 882 457 0 612 0 0 769 660 630 459 914 744 0 799 593 504 921 385 0 665 400 738 857 0 152 43 16 0 0 392 995 994 498 123 0 864 282 280 
886 0 657 0 952 170 840 915 710 190 0 696 0 679 0 0 0 776 0 268 743 874 975 0 0 454 715 963 0 355 548 16 0 855 0 369 835 0 280 933 0 663 91 0 405 0 630 887 777 929 279 279 710 584 0 0 0 820 244 0 392 0 962 934 0 232 0 651 545 924 
833 285 265 0 364 314 601 16 688 752 304 0 986 117 827 0 0 768 380 753 502 714 0 0 0 0 513 577 0 0 703 528 0 534 648 0 922 84 917 0 0 828 106 85 573 554 436 5 189 114 487 644 0 0 419 206 0 386 190 127 995 962 0 239 0 0 0 7 110 580 
507 79 0 0 126 0 526 144 395 576 185 0 769 802 490 27 390 659 919 582 623 69 347 937 464 503 898 0 546 679 303 303 572 678 286 590 161 63 357 0 0 836 850 0 967 911 0 213 626 0 839 750 0 494 56 404 0 868 353 0 994 934 239 0 396 18 0 539 0 3 
942 244 176 883 664 646 0 225 388 451 94 613 0 0 0 0 319 488 210 0 385 0 122 939 0 454 463 695 907 0 448 0 0 229 541 45 345 486 311 150 127 224 216 730 502 619 331 643 428 65 338 0 772 334 0 972 456 362 420 516 498 0 0 396 0 280 0 542 134 134 
943 558 419 53 943 251 729 998 73 0 28 81 0 92 0 530 597 782 747 438 899 716 860 0 911 45 828 92 11 353 953 435 0 449 876 480 0 0 169 987 769 290 439 659 707 406 95 223 428 762 0 0 0 651 853 0 0 212 0 478 123 232 0 18 280 0 126 0 468 250 
132 197 24 13 730 183 608 0 874 0 0 163 727 842 629 238 0 0 603 106 33 829 0 0 151 0 285 818 0 460 693 0 670 504 244 767 559 998 121 240 579 568 0 561 0 299 515 486 0 772 362 400 680 127 0 738 687 786 951 37 0 0 0 0 0 126 0 845 218 0 
365 0 397 857 0 404 787 163 686 295 0 829 803 905 622 0 961 787 862 191 0 826 145 529 0 0 80 824 0 82 950 346 618 988 0 0 304 801 421 705 0 535 864 746 53 249 582 7 55 511 507 207 0 0 543 87 432 816 840 488 864 651 7 539 542 0 845 0 0 883 
0 488 165 709 765 603 700 585 805 158 513 412 924 0 266 235 0 0 651 855 950 738 749 363 653 448 154 0 0 0 564 33 695 0 383 216 0 958 0 0 114 246 439 0 0 865 945 433 823 500 410 0 108 83 231 717 332 229 485 0 282 545 110 0 134 468 218 0 0 0 
0 816 0 0 508 0 684 833 481 289 150 961 56 457 26 748 180 211 0 890 0 135 0 0 0 391 81 224 560 247 0 0 660 521 65 217 65 588 88 0 605 0 471 363 465 739 0 348 73 0 791 0 769 597 781 0 704 391 331 0 280 924 580 3 134 250 0 883 0 0 
