0 0 739 451 0 0 0 58 0 573 492 707 422 501 430 0 880 223 120 355 0 0 333 0 558 303 62 673 320 137 770 561 569 884 373 0 260 774 11 0 484 1 513 564 782 652 265 278 597 463 697 386 0 0 37 629 0 544 0 283 0 22 419 106 225 0 0 0 0 531 0 298 28 992 0 175 441 991 991 964 757 0 833 381 0 264 199 651 791 5 540 898 233 0 0 389 481 737 694 14 513 0 262 294 0 454 366 0 973 369 817 0 0 0 434 0 679 938 156 539 0 70 376 902 24 0 694 135 196 361 84 980 533 917 262 0 283 0 935 0 252 630 704 429 825 629 995 223 0 558 746 918 0 173 809 513 155 573 436 926 654 0 29 903 0 890 977 542 377 858 473 0 840 11 345 433 496 569 994 238 0 191 935 108 788 0 966 679 150 363 908 520 980 0 646 310 407 581 995 35 996 951 96 0 640 934 772 988 0 0 0 89 661 0 13 817 0 0 0 0 718 0 851 259 0 0 90 954 254 214 286 0 0 305 994 320 31 0 779 847 686 587 0 18 348 497 0 479 0 817 0 0 0 763 0 788 905 238 0 333 0 385 183 0 0 0 0 89 810 206 0 799 854 433 0 0 150 938 313 359 81 361 632 715 746 440 0 0 0 156 712 284 984 810 910 0 370 135 707 735 0 733 686 0 0 0 851 619 959 145 177 0 721 0 0 75 170 561 306 0 929 0 
0 0 0 886 245 209 663 869 0 812 0 0 0 754 184 94 195 82 0 745 154 516 875 717 335 364 0 46 377 0 428 603 0 560 47 117 0 0 691 0 728 716 455 0 394 162 214 425 204 0 823 148 520 649 170 133 171 685 455 901 992 0 151 688 888 0 21 0 176 998 918 0 186 151 650 626 0 654 718 0 620 176 544 786 742 131 176 0 255 0 169 521 222 772 479 0 0 0 0 613 507 820 0 382 639 727 200 0 184 749 512 547 849 0 769 374 0 627 198 81 781 0 29 442 699 677 272 757 39 939 973 335 734 879 0 0 984 629 260 408 464 0 555 0 79 993 507 614 682 0 724 0 677 943 0 248 716 709 810 914 473 809 837 195 320 320 142 86 959 557 141 63 220 266 493 0 679 895 733 70 0 896 652 374 0 718 978 139 380 94 981 474 666 0 0 0 388 976 570 998 0 160 83 906 178 33 399 73 630 0 268 263 939 758 611 868 0 0 637 100 925 0 0 349 76 80 665 840 918 0 426 90 832 129 451 0 0 630 411 0 0 696 395 137 0 0 890 666 276 969 748 451 48 104 317 841 654 969 261 548 505 328 43 0 782 0 390 0 119 599 760 973 760 337 582 166 489 603 697 583 396 71 646 874 538 0 201 671 394 735 477 256 415 250 0 467 845 91 123 450 620 225 705 0 0 105 58 844 398 777 566 88 0 758 634 375 179 0 261 169 0 429 
739 0 0 802 0 0 536 807 0 101 0 684 0 832 585 10 832 550 329 288 131 704 610 260 350 959 0 693 128 200 402 657 461 675 0 442 0 319 964 0 372 240 429 0 496 253 0 499 452 494 490 151 415 0 400 459 0 89 0 259 318 0 435 879 512 360 682 318 222 397 234 100 0 55 222 796 776 394 206 926 885 202 0 796 0 330 429 0 588 390 0 217 4 873 235 0 756 480 22 0 239 358 0 149 78 600 0 560 546 210 811 0 763 706 0 487 311 0 384 48 858 0 446 190 0 445 922 0 59 497 655 124 919 391 944 247 0 279 191 0 129 716 891 577 0 0 261 472 708 954 0 0 0 653 520 201 751 948 0 871 641 842 816 778 0 334 0 0 279 960 633 0 49 878 43 942 752 0 0 0 792 177 917 314 584 152 778 524 716 0 0 376 306 916 0 874 409 0 0 763 446 719 0 442 891 218 0 163 319 460 0 77 0 648 109 0 245 581 709 470 0 808 932 351 0 570 637 969 475 438 533 771 31 169 27 179 0 861 896 588 0 69 621 914 0 326 442 636 355 609 369 130 0 727 521 481 0 838 608 0 87 197 0 0 698 699 0 498 151 984 819 0 852 889 162 230 95 130 0 204 355 768 517 101 0 0 21 0 865 659 780 460 744 430 45 718 129 919 484 309 34 975 811 0 0 944 973 0 901 0 157 728 78 0 332 800 432 763 634 166 286 568 
451 886 802 0 448 0 145 83 0 418 931 0 0 76 643 0 0 394 0 824 605 810 0 845 641 64 973 520 0 750 328 329 840 857 124 270 52 324 0 290 148 880 365 550 801 839 522 650 58 125 785 313 429 0 443 234 481 722 549 204 0 932 353 0 0 888 270 902 0 581 0 904 445 854 303 978 670 61 46 550 821 0 673 0 725 968 714 942 707 140 586 0 952 0 35 30 646 976 0 0 641 490 0 434 994 334 470 969 30 0 637 0 0 234 949 0 529 622 516 145 0 998 375 0 0 806 278 44 0 544 954 994 0 0 601 893 597 0 189 697 137 721 44 124 182 54 0 494 135 242 904 0 0 0 757 0 56 926 423 0 371 483 481 369 0 723 0 0 868 438 785 909 481 0 421 133 409 948 412 969 928 120 0 0 967 982 343 0 0 234 386 458 681 0 0 755 0 930 423 210 875 385 38 939 425 735 63 0 31 943 654 818 431 472 195 810 927 962 644 332 0 655 297 677 0 0 486 257 116 519 115 340 0 59 0 818 0 837 0 54 238 661 822 0 0 843 688 665 142 237 882 653 476 0 526 596 106 0 540 0 0 577 0 0 0 834 0 0 441 908 866 320 533 89 0 478 953 283 609 959 213 0 917 897 0 0 0 304 925 602 95 822 768 119 5 213 0 305 602 956 0 0 761 578 0 108 462 746 364 344 744 0 490 798 886 566 0 697 631 830 208 922 
0 245 0 448 0 0 0 404 0 491 727 0 393 834 0 863 0 0 0 912 0 164 843 153 0 0 395 189 163 896 984 0 0 943 0 191 0 823 930 623 0 728 649 133 263 9 0 928 685 484 788 205 89 918 526 0 990 486 0 818 264 943 170 995 835 438 302 0 165 269 0 0 0 549 482 374 376 384 0 0 0 200 356 397 188 0 533 819 981 760 168 0 895 483 0 836 454 0 0 93 306 57 309 774 939 216 442 49 893 616 956 558 56 878 822 643 205 149 395 668 0 184 377 849 647 0 876 548 0 916 91 114 985 121 400 171 915 564 795 299 494 270 960 748 774 0 58 0 891 137 34 537 901 316 992 927 140 609 897 17 591 0 393 0 288 0 113 789 0 0 973 816 861 959 983 45 69 46 793 465 396 550 275 618 589 424 316 688 0 887 0 744 121 823 420 0 642 871 0 458 0 109 259 0 953 0 102 399 0 0 0 825 994 284 0 520 0 530 305 0 243 639 0 645 0 411 84 360 0 726 0 758 0 30 949 170 701 651 71 104 227 958 182 417 114 61 0 429 122 342 357 743 843 268 217 234 0 121 0 830 539 0 738 0 0 679 824 851 570 0 199 0 34 868 382 0 465 689 408 393 762 421 810 571 313 0 917 0 48 0 851 329 0 231 907 772 576 669 331 105 714 415 0 888 0 352 195 281 463 689 0 0 811 408 0 575 3 0 821 0 847 526 
0 209 0 0 0 0 205 592 725 478 41 0 631 868 677 444 747 151 852 0 851 713 137 643 444 698 646 671 604 7 112 326 677 180 155 0 390 296 0 186 48 71 619 540 994 0 895 0 271 233 0 65 723 667 989 64 0 844 23 0 369 866 11 0 0 126 905 0 5 0 0 372 290 850 599 0 118 196 520 775 306 746 844 234 856 968 798 0 300 438 123 654 355 0 601 0 610 0 804 649 0 957 539 0 234 797 622 364 516 730 300 659 760 0 382 378 831 1 0 0 126 756 941 885 299 249 171 571 385 0 15 0 0 934 0 728 46 631 922 255 310 894 508 488 795 971 173 137 893 176 0 567 853 875 544 168 894 0 813 289 0 0 708 475 0 0 0 570 740 229 0 172 419 543 818 713 281 175 756 33 228 180 167 286 378 340 558 0 0 339 367 64 977 0 410 289 925 693 3 691 266 589 778 655 205 636 271 0 759 200 0 826 480 936 0 535 994 11 533 0 740 0 960 488 928 661 0 683 0 0 145 315 852 150 674 0 395 713 339 431 948 808 727 911 942 0 659 725 426 0 0 58 778 163 160 0 0 915 812 924 162 123 779 846 267 846 0 494 0 0 892 0 775 968 28 0 470 9 812 0 375 34 355 349 78 288 547 431 0 228 575 797 400 0 754 985 81 139 890 863 520 0 505 402 755 6 0 319 0 451 87 499 882 272 331 651 536 704 553 897 134 659 
0 663 536 145 0 205 0 999 325 0 499 0 0 0 106 0 0 690 518 305 0 68 940 921 387 711 9 0 831 375 730 621 50 0 933 302 332 759 467 0 874 863 0 145 0 139 854 648 0 0 192 849 812 709 369 46 454 562 487 621 427 708 541 246 423 447 0 0 492 0 137 0 276 491 116 418 925 958 274 0 263 775 681 309 390 982 458 141 251 60 867 0 885 404 412 880 808 682 872 638 710 0 927 864 0 303 0 0 0 18 256 211 460 396 658 868 0 774 426 164 853 0 999 247 0 152 554 574 926 118 274 180 0 0 958 836 0 975 0 974 0 878 91 93 0 858 578 0 314 881 256 306 0 597 0 433 524 193 837 768 353 0 420 784 510 0 247 250 0 599 96 778 0 0 0 817 831 966 571 0 962 408 304 0 685 444 199 0 714 0 0 959 834 362 951 0 249 445 516 0 364 0 0 219 790 765 974 760 162 0 436 136 568 573 194 790 217 182 0 185 756 101 58 375 428 265 770 203 517 468 353 349 970 0 0 795 399 200 187 0 0 0 0 848 422 295 801 623 562 688 538 908 454 843 356 808 0 0 115 0 0 0 965 598 803 676 0 0 0 676 860 228 0 230 473 692 526 994 524 389 684 0 809 378 557 818 972 0 0 405 16 920 199 539 782 335 703 556 37 828 575 810 620 0 167 0 326 637 0 0 0 444 191 0 0 131 0 467 681 628 990 600 
58 869 807 83 404 592 999 0 702 0 674 355 3 636 0 550 133 541 374 0 710 52 462 0 535 744 909 78 2 636 837 123 150 0 72 273 364 939 26 138 526 806 746 337 717 455 966 369 751 0 419 0 360 879 632 811 891 0 199 409 389 532 0 0 0 702 0 942 986 872 524 0 37 384 170 815 0 0 623 134 0 316 0 73 761 0 961 890 173 124 0 214 0 644 984 962 659 721 727 569 0 0 346 855 453 811 860 0 922 800 447 194 0 328 480 829 24 0 106 832 64 534 0 0 248 844 0 873 597 430 997 0 976 233 761 551 550 446 434 361 0 117 674 0 0 605 498 0 0 0 238 904 774 197 0 0 283 0 378 908 971 442 0 162 675 0 625 563 0 654 483 0 991 150 948 0 980 0 928 686 538 224 0 188 1 812 92 989 624 857 21 294 0 0 0 617 831 227 792 0 0 773 791 205 403 443 637 447 0 79 0 595 0 0 0 0 88 174 0 321 477 0 113 0 462 0 834 4 283 736 529 102 546 414 512 465 655 249 999 0 618 272 650 983 775 455 851 494 721 10 649 38 686 0 268 107 344 316 332 0 0 349 633 815 173 947 0 539 0 765 929 485 589 934 845 251 0 43 165 732 301 11 147 541 0 0 0 812 397 836 742 200 578 5 0 815 142 817 0 0 0 993 0 580 0 453 680 59 450 0 587 0 204 751 0 739 468 0 384 717 846 130 
0 0 0 0 0 725 325 702 0 117 0 426 0 260 0 0 760 945 0 379 193 679 614 544 641 641 0 865 0 122 442 0 626 351 928 590 765 646 349 581 426 347 187 0 0 833 657 684 196 79 0 0 332 0 748 0 551 0 447 635 992 143 817 857 572 722 779 426 32 0 284 134 129 0 683 905 0 155 0 419 342 0 0 190 0 787 212 526 0 343 104 735 610 12 167 197 0 240 33 0 208 728 250 220 0 0 820 816 0 121 727 473 779 534 361 570 850 185 72 0 847 732 0 0 732 0 527 997 0 0 691 556 740 203 0 201 82 0 687 989 42 0 0 0 231 283 306 0 0 820 308 236 167 0 303 785 628 801 309 422 175 0 962 89 460 690 604 0 0 392 883 487 570 0 0 312 564 865 683 372 709 228 0 0 841 0 212 985 558 219 269 697 0 863 321 837 478 0 262 915 415 0 70 854 0 874 892 570 278 0 856 821 782 429 724 0 386 66 0 912 815 256 0 978 0 960 751 0 827 730 888 574 596 450 913 773 911 0 624 94 947 210 413 932 0 0 0 300 906 264 772 994 77 824 122 383 682 816 926 677 417 811 893 0 697 106 387 810 862 284 461 236 459 0 809 894 200 0 705 909 0 991 694 762 619 0 325 248 187 0 189 567 690 360 436 703 645 0 190 770 438 763 819 789 0 705 0 0 468 0 297 0 47 0 0 953 976 949 898 387 895 847 
573 812 101 418 491 478 0 0 117 0 137 758 104 608 0 0 813 0 428 512 0 717 585 0 0 0 744 0 199 838 631 814 0 279 14 69 348 859 828 786 928 486 850 0 52 284 255 0 720 770 731 183 252 987 145 128 185 395 0 733 282 88 223 95 0 930 908 253 940 434 796 0 868 0 498 682 0 958 469 0 281 0 953 530 864 557 417 0 662 641 451 543 7 169 524 0 0 533 962 634 247 44 777 0 355 416 113 185 136 941 46 0 66 905 0 525 498 157 0 692 953 986 695 0 25 0 912 277 28 511 0 522 0 665 708 0 0 172 21 829 145 889 0 874 0 855 0 860 0 764 0 30 994 699 812 792 834 189 400 743 751 944 498 993 622 519 726 0 625 0 977 110 29 775 426 0 145 855 839 0 942 689 263 776 295 729 979 418 0 689 0 0 0 868 614 486 0 373 197 236 0 418 0 0 372 491 515 0 0 484 0 235 528 144 179 378 449 219 741 366 832 115 796 0 557 243 0 0 263 148 529 0 0 142 723 688 87 952 856 0 412 179 682 364 536 25 471 759 564 124 263 640 168 0 0 9 209 260 332 240 165 0 411 392 21 140 397 741 549 0 169 266 462 65 0 736 530 82 297 0 100 0 709 646 346 952 368 233 592 664 654 797 102 299 951 349 0 775 0 138 224 0 428 563 698 556 440 540 993 616 969 707 275 941 0 0 0 0 0 0 48 647 
492 0 0 931 727 41 499 674 0 137 0 755 503 581 899 86 130 198 0 574 627 0 0 0 207 0 919 0 0 282 0 784 593 984 126 827 772 0 0 0 884 354 584 0 880 0 395 528 913 413 0 674 349 277 473 472 497 0 421 15 876 911 673 864 458 131 927 22 0 803 348 905 0 708 763 623 544 31 449 970 0 458 0 659 0 0 0 410 0 0 500 316 0 670 507 389 0 486 0 131 765 893 984 24 786 0 0 331 721 302 314 810 0 620 162 317 221 109 0 0 502 829 863 914 0 848 316 519 500 99 0 315 829 837 0 635 621 99 0 420 645 822 888 0 0 0 0 46 848 0 982 653 219 552 627 794 686 917 557 0 506 481 83 318 994 803 897 0 0 999 0 447 0 293 47 0 822 893 325 746 871 228 586 12 193 449 525 100 312 654 89 314 0 0 76 0 722 471 508 961 424 48 0 0 529 0 714 0 112 195 136 117 570 292 0 0 743 295 0 376 848 467 449 394 136 435 0 413 0 876 312 316 279 281 0 902 0 0 159 439 0 0 864 148 65 635 0 653 278 264 831 463 0 774 0 0 521 0 0 718 545 281 822 0 471 748 551 812 21 314 549 0 530 348 880 563 0 983 0 127 296 492 66 178 582 891 463 0 611 786 699 74 990 0 0 29 743 380 0 182 791 857 248 530 0 90 0 708 0 260 0 90 916 76 0 0 625 0 98 0 520 0 
707 0 684 0 0 0 0 355 426 758 755 0 937 0 528 368 494 0 0 816 179 446 860 0 0 570 470 147 38 565 78 626 216 0 46 82 419 0 618 536 320 0 768 23 91 309 3 204 538 522 126 0 561 606 0 79 0 752 0 259 791 63 512 92 59 0 151 24 127 0 438 0 113 817 691 836 275 0 393 210 538 50 872 456 394 0 0 33 667 720 0 615 294 0 832 334 0 158 592 697 425 370 446 467 0 8 233 0 495 899 59 700 0 0 0 0 500 152 410 0 637 656 553 0 632 0 583 0 689 285 541 904 815 395 885 0 953 0 0 463 382 568 0 63 948 312 0 333 616 84 811 456 507 557 731 543 932 0 938 648 0 978 0 761 238 648 959 0 722 0 87 86 697 0 896 728 934 919 750 800 961 496 268 955 52 31 590 0 688 0 916 403 0 0 272 452 170 618 159 15 994 322 931 105 501 49 777 646 0 375 564 78 724 398 491 71 41 822 0 10 17 496 0 196 23 0 0 0 612 531 462 351 216 396 0 0 762 269 79 800 177 921 129 0 403 0 857 0 0 553 450 533 78 68 13 732 552 78 837 0 855 469 49 0 83 857 0 626 168 715 493 743 692 398 350 0 153 677 0 776 371 565 720 0 192 228 343 631 133 0 46 620 289 237 5 336 0 0 220 0 352 913 937 0 161 14 0 667 100 820 0 68 775 778 292 445 51 0 20 0 880 177 
422 0 0 0 393 631 0 3 0 104 503 937 0 0 265 516 806 845 0 590 0 881 0 333 245 0 0 569 335 0 368 479 82 248 0 0 499 0 117 385 0 798 922 711 551 264 576 0 447 980 740 0 745 536 873 0 0 569 441 311 967 269 0 510 946 76 706 490 752 825 0 618 384 0 611 32 0 551 0 0 0 724 262 204 23 7 0 106 303 695 556 128 507 671 0 394 429 737 231 0 936 847 0 671 396 2 238 694 0 262 242 310 0 626 698 0 296 202 899 907 220 267 0 360 469 837 253 244 862 0 516 634 280 549 816 0 508 0 706 216 0 470 402 602 0 304 154 0 852 0 2 0 1 640 0 95 55 0 878 0 0 456 541 0 129 581 242 94 832 530 0 933 831 131 983 554 873 931 816 0 527 627 275 372 0 596 997 0 0 673 790 30 273 846 922 442 319 348 594 163 533 0 231 0 981 453 746 0 361 298 508 684 713 943 409 600 0 247 331 336 112 0 0 0 872 464 721 0 172 905 421 973 92 50 0 963 0 975 0 0 0 0 0 321 93 377 434 459 937 0 0 893 694 0 460 0 0 35 0 72 652 696 0 173 359 403 419 909 0 489 24 942 307 341 782 0 324 573 0 0 0 638 988 0 301 526 797 863 988 888 9 30 507 199 25 274 798 449 0 0 347 750 38 453 0 0 656 457 0 480 560 176 61 311 757 822 781 270 527 0 254 950 
501 754 832 76 834 868 0 636 260 608 581 0 0 0 363 175 68 489 0 458 143 0 975 194 220 156 0 135 642 156 423 611 814 0 99 261 0 890 646 244 694 709 796 0 0 205 0 262 685 145 125 250 954 253 0 0 948 850 513 544 182 0 658 217 188 104 222 197 869 937 656 0 334 0 381 0 814 936 846 0 142 0 749 741 0 364 601 266 542 280 0 508 291 741 721 75 300 0 0 981 0 867 167 0 270 830 146 433 813 567 69 606 0 933 255 0 584 464 488 897 0 705 351 0 0 127 565 673 0 0 211 565 60 5 0 424 446 0 26 35 110 932 13 390 0 0 217 0 266 377 583 543 962 441 656 89 35 232 0 102 568 186 561 511 635 357 645 0 375 0 0 67 0 205 861 544 975 191 339 0 775 0 0 0 793 485 235 0 0 536 0 432 371 100 984 248 153 0 290 0 422 0 0 688 420 760 234 0 399 0 424 906 889 592 0 0 0 0 618 903 0 643 0 0 935 157 831 488 222 926 600 0 237 25 0 5 441 866 161 742 0 0 665 820 0 143 661 197 498 0 686 565 556 517 58 0 549 981 193 0 0 266 317 729 0 652 697 24 836 0 0 893 634 0 845 970 723 998 722 942 667 0 901 688 274 320 0 6 761 986 276 487 592 13 999 500 585 0 369 0 953 49 611 84 0 86 400 0 79 529 462 0 0 834 249 695 883 679 598 728 395 256 
430 184 585 643 0 677 106 0 0 0 899 528 265 363 0 724 731 305 255 101 584 67 960 0 166 399 0 764 0 0 664 769 993 818 582 150 894 869 0 0 312 971 299 0 605 0 678 0 983 0 0 148 709 24 546 564 632 851 77 423 737 338 0 354 97 416 0 218 0 0 0 691 447 0 0 0 524 148 162 84 245 371 0 960 639 541 810 339 0 219 428 726 233 192 557 0 128 64 285 0 0 0 490 0 663 73 0 864 601 0 234 211 0 606 0 0 35 0 705 245 695 309 961 231 978 510 273 956 563 142 582 936 990 0 228 0 773 0 166 0 462 0 327 957 199 912 201 938 0 49 0 0 527 291 890 0 726 651 0 0 0 470 0 712 0 0 619 77 962 0 0 701 939 266 589 331 898 0 142 630 151 827 335 0 78 294 688 0 0 185 0 440 100 361 0 0 434 362 683 319 2 479 937 672 0 296 205 0 336 295 323 0 670 0 0 710 974 153 573 225 46 803 0 0 887 0 546 70 755 526 61 138 766 141 0 551 172 292 0 0 0 996 0 984 566 510 658 85 469 724 945 771 485 273 0 797 547 203 676 0 795 916 948 826 470 957 130 448 498 897 376 801 680 548 19 106 229 0 0 997 0 654 0 0 701 508 565 649 803 0 224 930 64 63 750 47 12 156 762 0 0 304 201 933 0 592 0 705 662 856 212 596 803 250 391 0 149 848 0 939 359 788 
0 94 10 0 863 444 0 550 0 0 86 368 516 175 724 0 165 263 0 0 426 281 36 0 302 482 693 901 235 413 0 105 215 876 0 75 158 0 783 721 0 974 903 105 446 0 0 676 0 675 595 0 812 862 499 85 3 0 600 555 0 317 419 16 0 137 554 867 0 81 661 0 130 94 435 577 0 0 752 468 339 0 983 0 218 147 995 425 275 456 908 755 150 716 940 782 0 234 85 0 111 468 149 399 37 0 982 22 0 470 434 659 346 416 188 891 0 269 691 567 0 438 0 606 0 608 458 426 0 0 364 241 0 556 726 0 0 291 421 357 0 0 528 274 528 736 783 949 69 865 836 379 377 166 0 361 497 200 522 558 106 798 32 506 117 631 101 0 133 318 537 0 858 791 567 839 0 523 870 532 0 0 485 274 862 0 187 350 429 588 729 588 46 603 790 0 499 313 0 999 438 779 861 549 715 0 252 654 158 86 73 999 270 891 465 177 931 198 0 357 308 927 576 49 975 330 0 0 0 452 0 275 370 375 916 881 0 592 0 0 119 711 287 819 149 0 658 178 0 101 974 0 259 511 678 101 247 0 460 0 797 733 76 174 97 394 0 0 618 364 931 994 90 0 0 304 0 354 0 473 777 0 332 470 0 227 199 859 0 370 171 809 888 361 175 0 160 443 574 0 797 0 352 816 413 687 7 545 690 274 0 0 312 302 0 355 839 806 0 850 210 186 
880 195 832 0 0 747 0 133 760 813 130 494 806 68 731 165 0 427 779 414 787 955 0 53 399 0 145 0 497 0 956 277 494 0 167 841 903 321 729 87 563 450 887 263 405 399 951 496 0 361 66 0 445 921 742 657 0 883 853 959 0 83 311 68 808 304 122 0 0 14 431 900 694 0 940 266 116 941 0 936 227 853 0 184 895 694 465 0 606 329 616 0 828 700 688 916 294 815 710 0 0 266 692 0 143 477 230 0 543 36 130 114 58 139 218 23 63 397 0 89 935 682 122 1 0 817 0 83 265 481 836 566 0 962 309 655 888 0 816 418 796 0 490 137 223 990 796 14 804 174 95 318 357 904 304 510 0 922 731 745 0 963 524 391 740 564 848 313 8 542 832 209 823 900 0 0 188 35 54 759 306 0 737 236 582 0 113 192 960 0 220 881 271 497 625 0 478 443 0 721 316 603 696 0 836 0 911 379 0 0 897 0 474 41 705 279 944 0 0 411 102 423 0 692 47 56 976 0 0 516 594 0 604 0 0 639 925 0 342 382 0 422 756 669 832 947 107 0 811 218 278 0 392 0 732 30 0 566 0 46 728 796 0 928 13 0 0 0 649 835 0 813 872 629 321 446 107 619 0 0 0 834 970 0 0 181 657 405 0 850 0 422 497 139 53 0 633 140 282 973 198 847 346 838 630 831 981 987 174 0 0 387 522 903 0 0 823 671 219 859 75 198 
223 82 550 394 0 151 690 541 945 0 198 0 845 489 305 263 427 0 530 857 500 605 649 99 990 836 997 371 367 28 180 960 509 0 466 417 0 994 183 0 506 830 312 273 0 915 952 0 553 0 730 259 0 203 0 395 416 330 890 230 0 407 721 0 768 726 145 0 191 38 0 0 57 0 700 586 714 156 0 0 551 516 0 746 0 0 0 216 555 0 0 264 0 0 0 775 797 0 569 96 326 656 923 0 275 940 0 199 700 135 0 543 971 928 986 221 540 271 353 0 902 0 785 677 47 613 815 358 67 0 0 182 0 765 663 767 617 214 640 737 190 428 733 523 703 0 0 693 254 38 427 725 897 537 0 0 889 999 959 891 230 993 628 946 524 0 0 332 0 613 0 121 328 0 871 0 969 78 866 385 758 270 341 416 0 832 914 281 753 324 999 0 0 295 0 665 0 280 0 0 604 137 0 60 0 553 515 743 973 657 966 374 0 0 0 77 0 552 239 0 42 426 506 964 64 739 971 869 511 820 0 343 527 759 610 396 0 74 667 372 0 195 452 74 166 619 986 0 151 305 454 0 700 674 557 860 0 133 592 479 506 0 480 794 820 495 0 0 346 174 614 0 51 323 277 225 112 495 664 0 186 410 702 937 154 507 311 0 0 0 361 150 577 0 679 906 866 125 665 0 459 693 0 111 561 899 0 773 870 548 484 21 566 260 46 0 0 0 0 977 970 599 
120 0 329 0 0 852 518 374 0 428 0 0 0 0 255 0 779 530 0 937 913 0 736 680 214 617 931 29 284 988 721 967 0 69 592 914 0 0 201 399 0 880 299 0 853 270 987 444 272 118 189 0 335 63 804 921 0 127 592 51 787 296 22 959 34 30 274 625 936 855 642 0 760 903 0 890 570 0 447 163 953 739 0 726 255 66 892 931 0 711 639 0 0 0 37 416 874 240 25 937 427 682 0 36 760 47 47 0 389 0 526 0 576 171 54 821 463 35 208 136 397 830 134 0 887 797 153 657 368 470 288 997 70 693 0 376 524 33 25 65 610 39 410 93 175 111 0 0 635 375 798 0 981 989 0 642 439 0 0 684 170 496 218 702 393 0 426 196 672 27 326 208 205 0 0 412 241 715 470 831 0 978 46 908 940 606 369 189 120 0 857 997 0 699 729 679 0 893 649 490 372 612 896 699 345 309 557 195 943 748 483 247 399 0 0 772 691 0 242 0 0 819 89 401 834 865 786 448 0 0 0 704 0 0 0 599 0 335 436 313 486 729 0 29 0 899 339 0 507 816 0 0 242 887 0 191 0 0 831 629 441 0 674 0 0 347 0 0 508 0 892 316 572 748 0 139 750 0 0 0 607 0 553 40 432 406 850 689 0 650 791 640 874 962 0 655 884 26 0 151 465 20 0 143 577 152 379 426 0 591 0 0 527 0 313 683 352 952 20 0 0 0 
355 745 288 824 912 0 305 0 379 512 574 816 590 458 101 0 414 857 937 0 109 283 45 351 911 0 369 975 375 0 934 804 0 53 86 982 605 491 840 706 722 136 0 879 245 787 423 992 849 161 947 79 0 768 868 0 358 0 88 0 765 504 673 0 0 0 205 757 0 0 310 283 65 832 860 256 87 642 0 783 0 835 866 337 419 674 770 476 883 53 417 0 281 0 0 532 786 422 0 978 251 128 13 0 899 412 809 314 673 73 0 776 550 61 69 0 300 386 389 0 256 329 517 242 357 469 564 473 871 319 644 959 651 165 488 0 0 364 157 198 346 551 989 236 127 243 430 540 0 699 760 896 309 981 620 702 583 944 0 652 635 847 0 838 653 651 711 381 490 716 0 342 288 343 828 425 19 86 254 54 46 154 0 504 657 237 993 502 0 0 0 751 832 451 0 770 417 0 446 473 818 787 846 696 0 114 861 412 806 0 0 723 635 67 0 320 44 829 484 0 432 0 523 838 151 0 99 0 548 409 770 328 0 341 961 274 812 0 182 814 772 990 0 339 923 479 893 0 697 623 0 581 726 0 0 667 891 794 894 0 451 946 372 191 998 409 234 778 201 853 0 0 969 458 950 0 49 253 225 916 870 938 0 169 0 0 928 640 308 0 0 321 0 919 0 238 0 354 0 502 201 0 0 0 569 0 317 982 0 0 346 0 797 548 769 416 311 0 175 266 909 894 
0 154 131 605 0 851 0 710 193 0 627 179 0 143 584 426 787 500 913 109 0 583 0 0 0 600 342 0 560 157 969 0 843 893 487 47 766 857 0 595 697 0 724 804 91 0 0 0 967 91 382 312 654 401 879 579 443 0 952 458 792 579 893 0 0 573 123 568 96 235 166 0 713 0 947 267 0 518 537 0 650 797 670 723 0 136 0 62 314 874 742 0 533 25 404 208 742 249 470 0 0 4 159 676 420 0 0 795 969 420 673 875 65 227 211 0 0 213 0 147 0 172 418 402 0 795 677 61 0 598 340 658 410 525 705 215 27 0 0 660 0 776 34 625 566 0 935 647 734 871 848 893 433 0 80 29 711 0 852 388 255 780 335 865 0 979 980 486 330 896 0 363 654 985 872 40 732 421 866 426 895 0 82 0 0 916 203 0 712 0 31 785 206 478 856 422 510 0 556 683 926 102 366 276 182 505 786 0 0 693 801 9 585 0 445 818 249 746 0 0 0 954 0 59 0 0 917 576 0 0 0 403 452 0 664 0 173 0 878 912 471 902 783 963 824 71 994 273 710 460 0 628 441 677 245 991 899 0 969 100 845 0 935 997 92 354 0 324 0 184 0 0 0 719 804 656 500 0 57 392 0 905 0 107 393 678 0 834 84 612 606 50 283 496 7 633 811 125 578 935 472 844 255 85 0 0 630 880 687 0 0 170 540 211 618 602 563 844 36 0 497 210 
0 516 704 810 164 713 68 52 679 717 0 446 881 0 67 281 955 605 0 283 583 0 242 409 268 731 517 34 0 0 0 0 0 77 321 569 38 985 45 544 536 346 795 0 205 0 0 817 476 477 0 556 424 710 71 5 856 530 716 590 538 734 0 148 0 54 444 919 527 0 0 401 614 625 795 539 666 0 846 438 34 0 0 904 840 84 0 413 889 978 35 386 419 0 33 867 0 425 0 683 708 0 671 88 318 0 937 927 789 921 0 114 151 742 966 229 452 899 926 0 16 922 0 885 70 373 969 647 346 704 0 525 0 801 983 0 0 661 754 752 981 343 103 169 0 600 232 465 0 0 616 582 358 105 303 520 626 901 503 418 80 962 494 0 103 0 847 518 0 0 0 884 428 955 40 933 0 728 0 853 634 531 0 0 290 0 0 0 21 149 0 0 0 710 342 408 496 877 502 688 288 757 582 0 167 275 0 107 774 596 0 474 245 365 439 0 554 0 515 426 816 491 121 0 0 202 0 787 226 0 0 650 0 261 413 331 0 0 0 521 54 621 405 850 0 615 220 760 406 0 393 0 0 0 214 0 333 0 0 656 0 187 0 739 296 186 593 30 916 311 991 497 803 241 702 698 933 462 0 0 0 0 0 38 402 330 0 0 649 196 0 153 0 0 271 0 543 676 0 250 0 683 687 0 800 740 242 0 578 902 347 924 0 897 839 572 0 0 0 0 0 644 
333 875 610 0 843 137 940 462 614 585 0 860 0 975 960 36 0 649 736 45 0 242 0 974 424 9 688 418 0 872 0 223 93 0 997 0 301 700 228 0 864 0 40 739 452 836 211 570 274 803 69 512 8 754 66 883 993 0 871 0 0 423 0 5 24 232 937 44 614 79 40 720 439 130 0 359 525 339 857 582 247 0 0 0 217 0 257 560 709 342 470 434 743 165 852 505 396 0 153 228 607 437 192 86 86 470 160 554 53 408 0 366 607 773 633 57 0 656 994 777 645 661 489 806 682 679 393 755 0 911 716 553 0 318 467 973 235 275 311 301 0 143 468 757 241 406 0 637 980 16 0 505 12 56 49 417 613 147 801 641 0 335 0 674 0 402 683 0 0 337 0 0 661 374 699 400 0 634 736 759 0 479 396 454 927 609 111 199 594 732 213 893 445 13 0 767 0 300 0 0 204 702 0 0 299 87 0 0 827 583 0 0 616 952 213 813 898 119 233 867 687 692 0 879 775 0 760 0 368 888 494 0 419 576 260 298 24 16 833 664 0 882 448 164 616 246 756 787 662 646 0 0 0 0 854 312 168 0 655 944 231 0 582 339 0 40 245 710 972 0 301 82 876 677 192 953 583 322 153 384 980 876 891 0 584 52 987 206 0 518 861 87 393 599 203 425 765 903 555 601 327 363 0 934 659 0 280 770 134 763 263 0 255 0 230 79 599 431 926 96 279 840 
0 717 260 845 153 643 921 0 544 0 0 0 333 194 0 0 53 99 680 351 0 409 974 0 799 0 301 373 864 203 0 712 0 976 0 0 225 431 0 161 263 0 118 0 873 92 356 48 0 0 268 734 837 590 711 516 170 307 0 689 836 0 874 419 855 996 0 288 0 394 327 537 0 720 4 323 179 0 93 880 721 334 639 971 1 300 641 826 449 670 228 42 0 0 981 641 0 707 864 370 0 116 745 0 254 33 0 50 0 490 990 456 298 576 676 846 63 0 609 862 853 380 632 372 734 100 349 0 253 115 219 0 0 84 352 792 863 0 0 412 127 658 306 0 567 41 0 0 634 0 0 523 414 463 218 554 792 0 935 1 909 486 651 0 360 395 388 522 505 0 812 392 0 806 248 0 0 115 882 111 0 0 750 0 0 159 994 134 735 0 0 54 0 873 36 836 13 0 0 502 0 704 0 0 724 742 277 758 0 475 906 486 688 989 369 377 0 932 0 0 0 111 0 24 528 519 879 553 936 841 209 0 234 0 679 366 485 657 746 617 503 12 469 0 539 0 542 948 0 651 457 754 0 878 408 0 0 472 566 466 502 55 777 5 411 254 826 379 703 489 0 561 380 246 631 673 0 0 465 946 925 346 184 0 233 753 951 394 0 878 0 0 0 348 410 0 703 0 279 696 194 909 139 14 889 786 0 30 309 398 0 0 0 922 719 959 717 189 623 0 39 612 
558 335 350 641 0 444 387 535 641 0 207 0 245 220 166 302 399 990 214 911 0 268 424 799 0 684 472 719 653 660 897 321 977 0 229 354 214 0 377 945 355 571 0 0 0 869 21 380 0 627 158 0 0 636 671 0 996 16 395 0 151 769 994 0 136 0 97 935 137 266 941 0 178 191 164 0 0 776 161 975 693 25 933 416 0 0 23 0 387 554 0 787 457 68 679 49 0 375 458 265 123 0 271 31 0 959 672 809 447 75 54 865 75 347 159 0 0 879 310 0 621 0 442 0 269 335 0 311 615 0 391 0 67 142 571 380 861 257 602 650 0 56 0 0 619 922 479 329 815 0 227 605 544 0 757 469 0 743 763 514 388 871 272 0 810 532 461 327 0 534 187 0 741 0 189 34 415 459 669 448 0 983 48 777 555 341 0 363 540 0 330 882 442 951 409 205 796 704 895 221 350 468 665 703 79 926 0 119 476 550 898 509 240 0 580 6 333 0 0 0 22 935 731 97 738 933 507 852 0 606 860 901 0 781 581 255 275 565 736 0 477 0 643 0 0 526 800 780 412 0 0 416 0 403 440 115 249 0 255 223 180 752 144 490 528 0 216 0 748 381 236 73 0 841 234 797 338 619 0 275 678 476 833 593 0 907 228 355 78 583 805 888 163 0 403 341 340 0 0 353 336 840 48 784 937 726 464 61 538 83 716 0 203 280 0 0 0 603 0 652 116 530 
303 364 959 64 0 698 711 744 641 0 0 570 0 156 399 482 0 836 617 0 600 731 9 0 684 0 486 0 47 285 435 0 865 0 0 871 767 798 0 0 586 774 0 901 516 803 19 738 762 200 659 0 995 985 668 270 353 946 388 493 984 94 0 834 0 64 819 470 256 498 436 896 0 265 0 0 662 0 0 157 747 0 950 334 816 0 141 496 189 199 0 0 0 0 25 857 0 0 678 238 133 250 761 0 88 901 909 344 88 207 385 283 25 105 366 143 303 0 0 0 872 998 797 540 30 494 668 0 185 825 0 693 381 22 292 457 857 123 73 379 901 0 856 622 271 476 130 14 111 391 299 63 44 0 0 773 829 5 0 768 628 391 972 517 0 0 932 0 332 369 239 703 330 720 493 41 796 568 14 647 879 890 878 656 0 395 0 0 0 100 300 157 568 774 955 0 126 20 899 720 0 0 449 0 681 941 222 0 716 198 0 0 16 704 920 965 627 195 921 178 458 98 174 735 274 468 416 707 0 382 4 736 0 985 0 0 283 0 978 0 347 501 987 447 998 0 334 293 0 0 0 0 0 822 0 100 0 366 0 0 73 852 825 0 0 538 0 854 889 0 816 0 875 109 0 516 0 212 756 538 0 0 341 969 79 83 122 946 389 0 767 296 0 215 134 315 446 123 31 717 0 50 798 0 269 773 380 0 347 262 968 462 186 720 951 197 0 0 531 579 909 0 
62 0 0 973 395 646 9 909 0 744 919 470 0 0 0 693 145 997 931 369 342 517 688 301 472 486 0 111 0 444 209 424 90 187 0 214 78 0 475 77 195 476 307 926 0 932 324 0 0 471 504 249 0 775 811 0 394 228 0 0 756 0 620 183 709 299 0 768 103 0 0 0 0 678 0 732 653 406 60 950 0 774 8 229 595 668 243 142 0 916 840 112 465 824 429 673 0 558 0 0 614 569 745 133 861 710 110 0 381 604 167 445 605 360 930 77 123 241 390 336 0 325 377 887 0 416 744 498 803 396 0 758 239 747 297 0 239 125 655 0 965 145 587 0 328 960 355 254 217 714 116 0 966 0 488 759 930 817 361 212 142 266 156 174 877 227 5 666 0 278 401 910 443 482 647 0 906 603 0 220 936 533 672 939 439 0 752 803 0 632 0 299 0 774 250 0 0 0 929 297 265 945 816 0 919 815 654 765 485 320 116 211 305 401 0 158 816 62 559 497 983 0 226 38 534 265 273 470 895 777 0 892 308 876 263 0 548 496 0 139 929 495 290 0 0 0 980 619 0 474 0 872 0 653 0 836 292 702 603 219 0 375 0 442 600 382 28 413 324 281 0 0 942 909 78 0 228 585 483 549 933 286 336 26 722 889 672 521 725 38 910 879 903 816 243 13 0 997 168 680 0 694 235 156 862 136 451 322 492 990 968 112 280 330 0 733 256 0 748 0 0 616 
673 46 693 520 189 671 0 78 865 0 0 147 569 135 764 901 0 371 29 975 0 34 418 373 719 0 111 0 448 160 0 94 939 891 0 0 0 85 623 512 992 179 396 301 0 306 31 71 322 317 860 90 997 630 335 778 320 245 0 0 0 930 532 60 689 51 0 818 167 985 839 0 20 951 0 0 710 0 0 631 597 857 937 876 769 418 761 630 248 25 274 354 807 279 0 199 0 86 782 593 671 0 172 686 488 704 602 210 955 155 447 451 18 320 0 984 514 727 0 0 407 0 715 156 743 0 74 0 661 0 591 412 97 919 770 960 0 53 0 242 95 560 305 167 840 344 0 429 480 5 418 467 308 500 181 490 831 936 725 435 0 659 926 844 919 493 775 708 415 987 0 225 752 184 0 0 434 401 792 818 825 933 202 567 506 0 0 609 168 863 0 222 477 0 333 310 434 408 428 426 0 874 0 312 0 497 271 82 301 452 0 0 989 677 292 711 961 0 738 875 858 874 427 703 0 905 470 251 982 518 164 0 0 973 380 760 244 0 19 0 0 676 0 0 0 771 322 851 0 0 0 701 303 0 0 15 555 668 389 429 586 573 0 13 906 217 0 350 187 482 61 0 57 538 420 282 585 859 0 0 0 0 295 467 184 300 706 437 657 0 514 728 0 111 0 176 539 504 955 0 790 527 981 0 24 808 972 219 0 0 0 537 150 132 358 0 127 234 682 309 0 0 
320 377 128 0 163 604 831 2 0 199 0 38 335 642 0 235 497 367 284 375 560 0 0 864 653 47 0 448 0 288 829 497 383 589 891 132 169 342 987 134 272 409 520 288 0 139 0 702 620 302 809 417 0 955 757 553 978 778 10 230 873 507 656 481 638 693 19 0 405 979 0 113 834 98 438 472 449 999 485 607 0 241 57 957 0 417 439 23 863 298 243 138 765 592 731 596 316 0 804 412 0 0 509 179 0 799 788 321 858 0 672 13 0 902 532 0 71 0 437 948 667 0 0 335 981 839 876 538 536 269 287 389 278 830 138 0 613 854 0 397 980 952 905 569 0 842 27 933 0 0 72 303 391 624 0 378 43 0 377 0 335 0 831 329 180 572 900 219 0 0 0 438 241 483 624 957 112 927 882 260 0 411 272 436 142 0 437 49 445 0 0 938 537 579 0 0 0 158 804 523 0 828 878 0 526 0 0 140 597 103 0 140 0 224 0 0 38 0 411 162 492 33 967 41 0 441 748 197 0 975 623 397 718 678 607 862 0 535 0 837 0 497 723 277 127 128 87 116 667 824 994 0 0 976 136 0 360 38 102 580 40 372 223 295 418 391 613 610 630 112 627 0 202 0 196 0 398 0 492 0 934 0 225 321 374 376 679 696 0 0 748 292 970 904 0 520 0 0 472 442 412 197 28 16 0 455 221 24 834 197 487 452 618 281 0 790 828 633 0 132 613 228 
137 0 200 750 896 7 375 636 122 838 282 565 0 156 0 413 0 28 988 0 157 0 872 203 660 285 444 160 288 0 62 948 658 584 0 0 504 0 796 802 712 510 399 841 732 430 331 805 40 0 922 0 398 990 32 0 0 659 559 62 199 471 572 691 133 0 0 828 824 614 0 315 35 660 0 954 0 6 834 349 286 987 0 849 0 382 0 836 815 576 451 0 0 79 701 0 855 0 469 875 0 446 587 279 776 247 50 411 587 629 670 116 417 795 192 55 717 887 233 843 9 735 746 766 664 479 680 924 682 893 4 487 206 0 0 134 205 195 192 0 841 898 0 341 0 642 305 0 91 220 859 0 689 311 114 453 0 12 71 477 224 924 806 866 774 801 7 379 0 752 233 448 528 530 449 337 521 0 867 0 0 668 698 32 121 282 548 926 664 680 308 147 794 736 472 0 91 886 12 0 556 108 0 690 422 657 0 0 0 721 898 0 835 0 351 0 698 197 810 371 0 578 119 193 456 155 27 736 867 572 740 676 289 647 0 905 326 0 0 0 0 0 161 483 0 73 486 0 0 0 648 674 0 421 753 901 537 985 38 120 549 243 842 491 0 0 365 661 549 0 53 475 0 89 161 0 0 89 16 339 150 0 330 896 843 12 710 196 90 549 0 520 211 0 838 910 652 0 867 0 0 725 252 0 387 432 216 845 555 270 194 326 472 871 876 84 937 818 899 3 0 1 
770 428 402 328 984 112 730 837 442 631 0 78 368 423 664 0 956 180 721 934 969 0 0 0 897 435 209 0 829 62 0 0 15 593 0 221 0 511 824 352 0 0 0 15 592 0 0 654 484 575 0 749 342 0 0 0 660 0 478 407 26 481 752 653 0 744 646 559 0 258 0 386 287 0 0 414 668 741 23 0 196 0 281 372 450 247 0 824 523 2 355 359 374 0 0 926 0 608 78 783 44 876 554 840 40 340 0 203 976 0 284 941 370 727 0 874 348 0 989 59 165 388 16 766 829 0 152 609 0 547 294 0 0 0 750 839 0 815 103 288 531 389 321 861 0 352 842 0 0 137 0 615 0 180 484 233 902 0 692 66 716 98 327 784 761 173 374 842 168 573 0 9 0 0 532 760 104 383 450 0 416 554 546 546 438 286 420 451 492 742 41 260 321 163 617 765 216 98 660 326 135 0 954 0 330 767 456 872 660 0 522 0 9 843 120 0 749 274 15 61 715 484 0 733 0 0 0 303 929 414 908 852 458 980 529 0 798 988 0 463 270 962 920 0 613 634 344 906 387 281 0 158 621 744 672 761 0 388 0 0 626 290 0 545 747 875 600 926 199 0 883 778 134 0 0 323 0 0 0 952 603 586 0 0 625 433 224 142 298 637 0 308 44 850 711 838 904 911 64 983 277 0 853 115 0 187 958 53 451 611 0 0 58 20 696 0 0 465 456 218 0 656 
561 603 657 329 0 326 621 123 0 814 784 626 479 611 769 105 277 960 967 804 0 0 223 712 321 0 424 94 497 948 0 0 524 0 0 0 838 234 0 278 306 558 0 0 94 308 228 541 0 891 333 667 357 0 685 898 931 996 0 0 454 268 459 870 227 961 36 818 750 227 497 884 0 754 0 0 546 688 568 0 567 637 0 112 883 489 256 470 0 0 283 27 0 0 229 108 262 954 677 538 508 757 0 180 870 0 465 597 0 0 446 719 390 706 615 757 893 270 0 713 29 770 0 0 850 472 756 452 7 110 136 293 111 752 251 0 212 584 398 196 214 398 953 227 0 0 910 0 469 0 296 401 443 207 448 39 0 86 758 0 0 347 0 722 240 0 117 479 800 0 0 484 0 0 0 643 749 850 965 0 0 976 166 275 245 0 351 896 129 175 251 719 726 20 509 526 0 171 0 770 254 216 974 0 977 0 0 0 979 983 0 0 14 885 975 831 0 0 66 205 747 236 639 906 621 991 95 0 344 0 0 278 0 0 837 824 686 0 999 836 132 287 0 0 793 104 751 0 910 570 569 0 0 151 398 826 0 347 116 575 128 174 674 0 486 85 0 458 480 409 193 848 0 763 893 0 679 660 787 56 984 829 801 319 849 560 0 246 573 257 0 57 175 550 0 818 323 836 502 258 203 884 0 827 943 623 0 533 0 0 77 844 557 939 925 880 471 416 709 19 747 695 
569 0 461 840 0 677 50 150 626 0 593 216 82 814 993 215 494 509 0 0 843 0 93 0 977 865 90 939 383 658 15 524 0 23 822 377 941 0 0 665 98 0 304 8 672 0 0 932 411 598 613 787 0 0 0 451 451 0 30 803 0 606 348 541 743 88 365 699 641 389 452 0 475 209 0 0 716 563 672 906 967 0 0 473 825 0 489 298 0 131 926 280 940 396 0 0 369 0 753 333 582 0 489 599 514 0 236 0 0 765 474 0 881 0 922 0 0 191 0 406 0 868 381 460 706 878 0 656 0 981 538 790 917 885 0 725 838 223 993 118 22 179 0 328 0 393 41 370 10 0 579 796 639 780 0 793 958 445 0 188 0 0 895 167 217 0 915 528 686 0 891 258 0 933 0 317 531 0 943 382 0 0 463 9 159 783 0 145 0 541 792 0 0 0 928 0 37 518 495 6 258 940 0 916 550 16 41 998 0 207 0 883 993 580 437 0 0 0 520 36 648 298 433 606 786 956 764 169 649 983 460 610 522 891 653 764 578 0 0 714 0 0 958 429 875 30 386 0 74 862 0 918 874 326 365 693 614 0 785 325 0 668 13 823 724 619 806 778 575 405 790 622 807 350 440 0 662 374 765 0 400 593 327 678 268 941 843 797 0 878 0 476 0 108 0 314 252 5 0 144 984 503 845 265 488 554 115 826 868 31 0 477 124 72 73 0 0 770 0 249 341 951 
884 560 675 857 943 180 0 0 351 279 984 0 248 0 818 876 0 0 69 53 893 77 0 976 0 0 187 891 589 584 593 0 23 0 851 7 723 689 0 0 782 247 84 452 663 453 0 662 428 0 426 42 127 64 70 705 671 618 725 919 3 0 321 0 741 169 32 107 913 0 0 0 993 333 0 254 660 872 223 0 0 812 966 262 809 436 0 0 0 580 0 249 381 921 317 87 336 282 353 164 60 288 248 246 0 627 0 878 819 814 718 799 757 893 679 412 933 0 72 454 0 690 0 265 194 0 33 41 0 636 984 449 830 960 174 0 991 6 676 0 0 986 937 0 0 987 28 345 0 466 120 348 493 731 562 300 555 168 276 143 0 913 869 869 868 198 771 0 700 460 452 0 939 417 946 0 514 6 0 115 0 482 546 425 425 0 117 233 911 778 0 845 442 668 100 154 27 977 572 537 153 882 0 832 488 266 724 665 6 0 811 390 904 969 415 254 0 156 190 767 485 807 195 689 620 0 285 582 936 145 513 263 437 220 0 332 260 524 121 295 0 443 923 120 419 821 420 985 242 846 0 631 127 623 0 870 0 287 126 0 142 846 0 0 266 509 377 739 695 760 0 726 0 177 0 0 945 315 931 109 0 770 329 708 87 501 90 71 541 799 0 835 0 480 689 106 337 0 12 0 89 0 0 831 135 208 0 493 970 534 404 919 425 0 0 0 163 421 0 25 409 687 
373 47 0 124 0 155 933 72 928 14 126 46 0 99 582 0 167 466 592 86 487 321 997 0 229 0 0 0 891 0 0 0 822 851 0 0 0 0 929 134 693 314 0 808 427 0 22 238 148 435 844 607 620 580 419 0 924 173 540 0 982 20 0 184 0 136 932 0 0 780 377 385 0 912 0 29 0 0 384 987 857 635 0 679 835 331 660 987 804 0 0 151 549 566 605 928 248 756 194 0 848 443 306 268 749 337 0 847 922 0 152 560 0 679 855 72 902 859 773 562 658 825 726 858 450 253 199 251 0 484 746 578 0 513 888 422 520 0 614 224 845 47 372 414 524 0 0 874 0 666 157 864 0 132 578 0 902 980 283 0 848 665 672 845 465 98 466 924 0 18 333 919 166 445 702 0 330 0 99 926 433 867 0 439 429 0 76 0 0 46 0 262 0 717 606 614 292 0 620 518 591 0 0 215 0 0 113 357 102 102 787 145 0 0 744 0 41 0 0 959 239 54 564 0 824 423 0 343 601 0 996 579 685 605 915 0 156 825 0 480 173 578 440 672 0 0 259 273 579 0 316 429 207 303 719 875 0 304 522 13 797 0 402 222 0 11 688 894 312 639 0 439 679 456 0 319 0 728 819 104 303 959 499 0 563 798 557 479 400 0 489 0 90 166 391 0 0 0 255 225 342 170 881 0 393 0 44 766 0 249 461 306 0 500 910 656 545 700 0 778 671 395 
0 117 442 270 191 0 302 273 590 69 827 82 0 261 150 75 841 417 914 982 47 569 0 0 354 871 214 0 132 0 221 0 377 7 0 0 0 62 0 997 16 970 0 216 176 250 228 681 0 61 640 258 666 298 408 858 714 0 180 163 914 28 0 975 167 0 329 883 452 0 0 0 724 289 0 620 223 0 11 787 834 819 782 0 415 663 0 346 0 705 885 956 0 108 287 78 441 599 776 637 844 633 0 234 0 731 632 631 723 336 690 835 321 745 0 874 0 70 0 762 537 571 956 166 342 988 0 996 53 453 30 0 0 825 0 19 222 0 0 111 0 804 0 675 347 722 0 446 338 0 461 0 406 0 786 470 277 414 963 151 657 567 162 261 607 0 623 123 390 0 148 280 867 320 0 0 0 0 0 393 0 24 0 172 333 819 57 239 678 473 865 0 0 606 14 0 33 538 97 485 242 326 0 330 284 529 763 0 18 15 1 533 0 332 273 647 936 701 946 477 18 279 894 420 0 955 0 263 648 615 576 918 698 338 443 0 1 0 720 0 944 366 139 869 830 142 0 415 79 721 133 0 367 589 0 113 0 658 14 892 323 603 798 612 752 361 914 0 0 133 0 43 115 0 0 148 984 695 239 520 559 671 652 0 364 817 0 0 838 0 245 0 752 0 789 452 0 690 0 0 321 99 869 829 690 36 0 542 282 414 33 11 0 804 0 43 43 77 368 905 563 517 
