0 6 763 456 968 488 797 49 87 547 376 520 422 632 330 699 369 233 268 866 204 436 929 0 624 407 0 386 766 266 762 880 0 216 593 426 709 927 574 513 259 910 482 937 0 29 0 702 978 736 319 0 874 5 52 666 457 398 459 369 692 398 964 149 0 744 0 904 347 92 216 958 553 486 686 570 308 521 0 0 910 0 869 720 298 273 0 614 504 251 451 263 620 396 531 640 966 677 23 364 396 258 281 0 825 628 694 0 0 0 0 733 449 55 859 360 709 307 0 230 0 794 814 3 665 970 931 877 621 318 283 712 0 801 0 993 0 0 205 0 969 810 985 108 707 697 861 0 0 608 515 0 492 16 294 967 274 463 0 498 949 845 204 17 106 351 359 0 715 139 142 764 0 767 0 473 552 264 0 0 897 611 375 990 581 303 157 942 643 0 533 0 642 0 136 544 954 571 554 607 712 0 622 0 705 584 0 735 0 0 972 0 743 0 187 752 0 803 0 0 0 996 798 21 743 292 0 603 578 915 0 676 178 725 639 115 14 0 811 129 460 259 394 1 526 642 507 358 705 0 0 0 967 391 551 0 750 24 596 0 0 0 633 859 604 0 321 170 769 426 760 0 139 0 0 0 900 0 290 251 0 11 264 545 0 0 884 689 481 311 903 0 0 658 885 368 527 0 187 405 0 176 323 0 662 338 300 828 
6 0 0 281 0 0 765 539 942 821 141 343 813 321 1 180 0 865 888 922 519 193 260 0 898 0 172 448 990 389 74 725 129 141 746 0 674 395 173 927 0 510 977 541 101 0 491 0 227 834 88 0 210 555 795 0 0 359 776 813 585 0 0 449 0 505 665 0 547 669 93 592 0 780 19 684 330 311 0 882 160 256 0 621 314 525 0 906 828 538 539 802 494 571 590 765 74 517 301 0 526 593 0 0 0 0 0 480 59 0 277 0 0 124 475 0 724 588 362 172 211 241 859 586 0 0 908 0 567 0 0 137 832 630 209 941 0 0 797 149 709 643 254 885 453 39 569 26 792 256 510 856 73 773 0 927 264 0 329 855 672 547 0 584 425 451 279 278 849 3 243 565 350 0 282 825 44 183 524 706 194 762 414 0 0 82 396 0 0 987 379 37 955 217 719 826 0 954 0 526 0 484 673 753 239 115 752 0 966 567 0 210 0 0 322 909 0 929 518 190 383 0 0 192 862 266 378 608 0 0 508 365 0 436 266 558 0 816 365 879 801 435 420 0 0 483 822 0 847 0 426 0 193 975 63 0 313 502 610 968 248 888 330 456 0 0 0 511 601 106 640 133 973 171 0 0 375 85 0 506 240 0 447 96 818 0 243 655 0 0 506 0 0 0 0 0 141 824 0 91 979 983 0 539 438 491 726 658 
763 0 0 798 0 146 361 0 0 102 530 0 3 174 110 255 0 545 739 86 603 16 581 365 42 0 578 853 890 447 355 191 0 345 0 494 759 908 755 51 523 536 820 849 21 926 75 445 766 0 0 0 191 0 0 641 6 32 298 183 632 135 282 803 228 0 420 0 857 884 767 0 272 545 533 758 12 702 918 0 0 718 599 447 0 300 933 614 973 676 835 0 598 0 929 290 0 373 237 620 258 680 879 901 0 531 0 150 641 0 634 0 892 520 561 0 0 178 453 851 0 722 512 371 357 956 15 0 762 0 964 346 263 891 210 0 356 239 346 0 949 387 734 358 240 274 140 0 922 580 314 160 69 807 0 0 929 272 560 259 0 29 552 727 617 701 269 217 0 0 0 0 0 282 433 308 791 997 790 749 705 973 964 0 998 58 280 863 37 759 433 0 0 0 757 0 590 0 181 408 650 0 796 0 561 461 384 54 749 569 420 553 436 171 0 735 572 810 567 316 61 599 324 0 841 574 0 0 109 847 535 0 0 597 524 911 57 837 246 0 986 0 842 148 0 597 380 563 370 858 0 422 743 777 352 572 513 597 614 0 0 345 647 783 780 0 0 922 780 313 853 0 179 448 206 898 320 143 263 562 0 798 768 0 0 0 557 951 700 533 774 633 804 855 310 108 653 741 217 127 608 289 801 262 216 24 246 503 
456 281 798 0 321 0 0 92 496 303 0 757 408 169 316 662 353 735 357 0 452 18 830 0 625 497 209 448 0 0 0 802 193 768 0 0 305 149 335 141 500 0 476 0 0 386 0 91 198 290 42 993 0 517 637 0 232 274 757 115 287 0 0 695 960 444 576 649 0 0 871 4 607 119 403 0 0 0 271 871 502 0 134 0 941 221 956 121 0 25 470 413 0 67 251 0 148 51 3 856 0 341 0 441 279 448 0 389 106 697 94 0 235 0 658 865 430 0 0 540 0 725 0 0 855 332 0 352 265 194 804 0 475 508 0 0 961 850 92 437 109 668 825 498 588 366 820 658 103 303 956 938 834 0 153 940 0 175 0 568 674 720 0 251 0 715 0 427 863 554 994 0 408 473 0 962 610 918 0 0 695 0 426 251 929 0 0 420 0 0 119 0 473 83 200 720 0 0 593 0 569 0 347 346 329 817 480 0 266 407 46 315 722 0 667 279 0 967 618 0 697 0 88 709 559 907 779 748 449 17 0 629 0 191 251 960 82 945 353 85 0 940 858 300 912 0 265 572 21 594 0 0 0 222 0 958 460 0 277 659 244 0 257 394 958 732 0 881 0 680 916 605 0 450 505 151 488 970 197 731 594 635 474 690 0 0 478 0 972 970 797 0 936 566 289 270 0 918 522 88 659 312 718 0 775 0 0 0 
968 0 0 321 0 402 851 0 984 466 642 0 0 106 621 647 588 0 0 829 0 626 457 191 423 795 0 486 704 634 479 599 507 166 510 823 0 0 213 0 506 0 830 205 562 0 3 954 642 18 0 824 0 0 30 0 240 528 744 0 853 98 616 0 738 576 517 0 722 893 950 228 638 739 114 115 9 346 0 0 0 0 158 971 119 66 929 75 0 979 415 226 59 0 442 0 700 741 917 556 0 0 643 980 615 482 556 0 321 0 67 118 0 0 421 448 584 154 983 540 590 725 0 0 731 0 822 944 169 319 995 404 0 937 790 0 0 551 548 812 558 435 0 416 772 0 0 761 38 690 886 335 571 683 973 192 798 31 0 458 711 235 262 0 0 568 846 871 806 0 0 198 0 599 168 263 999 666 0 57 528 0 48 0 0 0 521 831 523 481 38 215 788 237 960 557 0 717 0 0 850 836 331 193 99 807 829 333 664 0 0 218 159 724 0 599 363 0 263 506 30 0 0 577 619 495 854 0 0 0 963 244 363 661 63 647 0 82 865 0 0 410 0 0 833 562 0 0 263 906 845 364 61 283 37 128 812 302 0 622 694 0 0 171 17 166 0 623 367 270 0 480 0 821 411 231 859 768 0 730 826 894 667 79 0 897 330 0 513 544 0 562 545 861 289 690 725 0 501 0 530 0 502 827 891 238 962 0 
488 0 146 0 402 0 992 0 705 909 744 863 0 0 584 819 759 0 825 38 364 614 268 971 574 0 0 517 511 864 116 965 999 0 629 877 540 142 962 33 835 916 888 502 134 0 923 158 171 798 758 67 98 0 254 301 0 558 0 412 0 899 121 545 403 0 226 760 0 64 522 755 787 889 0 0 0 982 151 135 0 709 521 356 0 181 322 759 0 605 873 197 221 175 0 0 222 54 469 736 775 563 426 592 565 142 829 859 0 0 0 480 816 427 247 495 530 475 836 0 622 892 999 868 907 568 473 943 221 630 29 0 246 0 966 138 348 392 0 104 763 0 910 24 792 0 0 646 445 28 102 0 142 548 0 576 452 418 653 0 0 0 242 0 0 556 532 0 0 89 0 19 618 305 0 214 436 227 626 775 85 622 0 634 295 349 0 0 298 589 729 515 125 0 0 0 498 0 991 968 0 255 527 564 89 457 349 0 492 0 0 692 684 0 0 698 794 677 939 256 479 0 0 83 0 0 109 983 319 502 0 449 984 73 453 843 899 0 25 0 319 470 261 571 330 513 292 0 988 368 0 450 0 0 551 896 0 256 95 854 0 0 570 0 619 206 0 356 552 493 698 786 842 916 102 782 929 0 95 545 407 0 0 0 937 660 439 0 0 0 600 833 999 0 517 317 654 320 927 866 72 716 129 0 653 590 818 407 
797 765 361 0 851 992 0 519 171 888 724 238 780 0 0 59 505 0 989 644 179 0 78 434 861 0 458 0 0 42 957 194 353 297 649 282 0 210 579 935 443 851 0 100 0 443 529 182 0 234 730 0 802 231 0 613 909 199 70 282 79 941 162 993 17 175 402 721 0 0 831 562 105 551 885 231 0 846 232 604 0 0 574 367 707 620 0 758 582 196 822 0 700 0 0 0 0 588 280 715 0 703 691 0 146 867 0 803 8 498 718 7 734 318 0 405 193 716 361 0 0 46 0 92 341 892 0 0 709 79 801 480 854 0 326 984 0 401 47 0 614 192 264 179 479 400 330 585 0 0 7 135 179 0 816 818 640 0 317 712 769 0 0 574 943 543 971 11 0 987 0 927 161 884 390 968 135 612 632 905 392 0 150 0 369 509 390 0 836 547 0 829 733 0 429 991 0 500 270 431 12 71 868 940 0 484 742 545 0 13 937 0 0 0 0 372 972 372 630 11 195 594 545 0 504 784 0 291 226 0 0 916 645 189 167 846 763 621 735 503 0 585 278 900 0 0 357 384 604 0 564 971 0 604 293 403 302 395 571 651 447 357 0 528 0 672 962 0 998 731 0 765 800 747 637 0 0 481 0 438 760 53 381 0 169 87 740 0 160 256 591 0 534 0 952 0 940 80 0 48 0 226 712 0 0 210 102 246 
49 539 0 92 0 0 519 0 252 0 890 784 383 64 184 700 541 911 474 962 342 896 0 262 793 466 105 473 64 0 710 0 567 0 597 795 21 0 667 768 480 419 147 716 14 203 0 106 721 585 100 639 45 538 872 0 429 541 695 957 0 490 131 62 700 34 583 891 0 551 985 0 303 23 304 205 392 750 544 633 472 496 760 74 424 620 244 941 316 717 719 323 430 569 248 814 879 0 668 285 61 935 852 86 0 66 265 710 730 190 163 0 999 78 343 267 571 175 0 0 137 809 113 0 737 871 218 0 126 0 117 0 657 0 0 59 574 883 404 875 778 292 513 610 571 0 0 967 369 0 865 393 770 174 677 462 0 424 954 689 0 351 607 0 0 106 154 0 782 726 590 149 852 747 138 469 0 71 771 946 140 653 561 310 759 115 152 534 622 0 374 840 0 935 540 479 520 0 0 126 591 0 0 759 560 0 804 114 769 859 335 415 342 127 627 897 410 573 0 172 609 535 934 683 328 671 843 6 239 457 303 0 473 503 276 0 670 782 997 846 0 359 0 7 730 258 490 963 362 679 0 0 150 241 0 906 920 0 394 292 968 954 0 174 0 0 44 0 912 929 81 0 494 307 0 700 545 448 496 646 693 0 75 0 871 0 641 0 0 168 171 455 14 985 0 0 0 961 0 770 286 251 290 0 518 870 0 0 
87 942 0 496 984 705 171 252 0 841 587 903 36 993 308 534 377 277 924 16 23 438 358 0 0 0 371 0 962 137 272 221 272 533 258 0 124 334 844 889 314 940 0 821 305 563 936 632 302 431 0 575 9 774 955 301 766 170 639 0 17 964 660 172 98 117 886 248 692 0 43 708 13 126 498 0 605 150 640 937 77 45 537 0 0 0 0 160 159 710 548 718 481 336 423 0 328 0 327 835 311 0 597 215 0 993 981 381 661 735 0 0 900 936 187 607 352 0 0 814 0 188 11 261 168 117 0 0 517 616 16 939 67 0 0 826 318 0 0 0 142 239 301 78 0 782 263 0 858 781 652 621 630 160 54 230 896 59 0 419 519 601 182 17 0 0 728 9 523 263 0 492 659 614 787 0 100 433 86 0 48 0 559 827 297 638 462 0 0 173 0 415 0 384 428 885 0 764 604 0 400 449 18 0 0 667 361 0 779 0 680 833 0 954 774 10 722 173 0 140 754 257 676 50 0 0 940 943 0 245 75 447 0 748 655 834 473 874 0 0 138 0 0 898 0 694 0 774 0 778 17 223 0 100 0 0 729 0 76 426 0 420 451 626 844 816 345 0 510 702 126 405 3 835 862 551 58 499 404 113 268 301 319 25 318 273 281 750 364 972 579 338 837 673 532 25 753 506 525 512 73 94 815 958 794 667 715 544 
547 821 102 303 466 909 888 0 841 0 130 440 918 0 729 334 0 105 575 831 207 0 755 105 701 0 208 19 348 732 683 0 470 420 0 413 886 345 0 171 241 961 438 16 622 109 4 481 286 85 0 992 0 0 338 84 337 676 838 123 373 878 556 0 567 0 546 408 459 932 967 254 304 0 536 721 819 890 0 409 0 777 913 923 82 58 207 3 184 64 655 622 989 0 560 0 0 0 58 407 141 987 884 523 162 520 69 595 0 487 354 0 776 0 961 165 177 0 938 103 184 745 726 330 695 0 897 271 519 0 786 905 939 699 0 618 0 103 0 126 879 566 0 165 62 183 310 377 426 957 878 55 656 0 637 181 271 0 169 0 622 349 203 0 194 234 697 0 0 704 355 795 938 847 977 5 215 980 883 380 491 635 63 0 673 921 527 338 22 460 0 664 226 72 381 605 229 210 0 119 0 0 0 0 258 0 0 268 905 712 908 0 827 588 896 0 817 974 374 972 548 253 141 0 69 854 786 0 0 0 44 281 651 103 333 841 676 538 230 0 148 758 212 210 741 903 929 0 36 937 820 232 868 598 772 0 0 0 517 287 422 827 828 215 514 101 0 896 0 0 843 659 37 980 704 0 45 396 145 0 0 0 563 815 0 210 718 123 496 369 283 0 391 0 378 581 766 700 263 800 245 512 0 977 765 0 666 0 
376 141 530 0 642 744 724 890 587 130 0 324 183 737 0 948 104 544 575 0 176 91 0 0 607 334 703 547 223 0 0 825 699 732 0 995 851 822 115 966 281 84 46 485 860 749 606 830 305 125 572 238 806 517 43 942 812 734 214 0 366 212 0 291 0 5 0 327 0 844 0 22 888 35 420 585 990 721 736 468 0 909 287 856 632 613 0 962 914 543 811 169 126 543 0 305 480 428 985 232 0 871 504 0 418 683 636 428 373 841 44 359 0 383 584 902 412 241 397 720 224 942 107 0 129 862 0 474 158 840 154 313 128 923 668 492 699 454 828 983 0 796 0 37 0 0 476 127 908 403 7 0 291 272 535 535 539 10 315 176 43 980 564 0 458 0 888 0 760 470 0 0 440 0 0 973 906 0 0 278 0 593 0 814 412 902 779 442 947 756 555 620 0 250 171 0 283 762 244 291 545 133 799 682 607 348 684 820 674 165 876 949 162 327 187 0 373 0 100 3 222 0 802 813 236 843 662 242 64 0 0 0 871 587 460 846 421 0 664 176 539 0 0 737 501 728 235 615 0 400 0 322 257 712 170 0 0 356 765 0 283 0 794 484 439 354 497 913 762 156 917 0 637 226 123 382 352 946 50 984 25 256 0 236 680 0 393 340 304 227 774 0 0 103 0 155 205 0 605 0 0 433 985 241 274 803 328 638 
520 343 0 757 0 863 238 784 903 440 324 0 212 529 510 0 422 695 959 711 870 698 711 0 538 0 414 0 119 83 696 957 827 410 734 169 0 786 0 932 699 0 499 214 668 742 0 13 318 118 187 201 491 93 111 0 818 547 591 310 0 149 589 917 40 756 404 897 428 0 115 518 399 0 170 712 72 0 489 284 793 310 72 672 161 778 0 42 0 761 1 945 0 780 735 0 78 731 0 345 709 475 0 752 694 0 743 6 0 0 210 639 945 895 627 888 206 392 0 669 179 0 32 923 706 662 186 0 33 114 428 152 838 692 239 473 582 830 208 79 573 0 710 783 992 379 976 979 0 957 59 925 703 100 422 0 773 43 0 0 0 621 0 0 22 96 0 895 295 122 873 512 88 931 924 0 826 37 658 744 515 883 425 0 0 597 801 926 230 0 324 286 638 0 0 745 799 658 0 709 866 0 737 0 193 0 715 170 236 185 0 177 47 606 927 419 81 410 322 0 0 378 862 739 0 0 0 0 123 525 0 385 0 0 0 850 980 881 0 274 0 534 0 582 751 441 661 627 15 224 867 357 678 898 921 962 769 0 65 753 717 627 110 932 0 0 46 282 0 983 54 0 549 0 0 914 454 458 280 24 82 532 109 362 613 299 0 209 813 623 0 551 216 0 506 651 473 473 0 625 0 0 348 0 458 533 0 769 
422 813 3 408 0 0 780 383 36 918 183 212 0 0 144 413 474 827 622 834 89 595 389 0 632 952 736 985 451 747 365 337 688 0 798 186 889 0 0 798 148 115 557 750 78 306 134 311 456 592 903 487 0 230 0 0 552 5 0 519 868 343 623 468 615 0 509 0 784 911 217 670 460 155 0 34 828 372 0 0 667 0 0 876 438 118 985 400 385 289 0 579 265 240 399 0 689 46 0 872 837 138 570 436 0 966 213 887 0 688 54 748 134 710 0 0 62 0 244 957 0 480 322 694 160 227 606 32 563 273 0 587 383 378 371 106 0 277 0 328 804 299 179 747 0 0 0 719 868 621 0 39 854 795 0 155 0 843 693 0 716 0 724 52 465 813 372 900 142 263 488 739 29 460 331 421 203 97 605 677 579 0 769 0 901 878 0 517 315 0 584 955 743 901 523 249 649 291 524 79 999 0 542 616 0 432 0 794 0 543 306 3 202 970 272 157 0 0 611 0 882 725 382 828 290 378 190 11 347 574 47 109 0 95 831 0 177 479 631 0 787 3 498 719 0 941 0 974 657 0 150 0 216 817 0 102 0 348 350 81 0 610 356 193 431 190 902 0 394 827 76 0 508 958 355 0 0 149 0 763 337 82 688 0 29 192 779 0 72 531 0 802 486 0 788 846 571 124 828 444 77 374 0 126 485 13 74 30 
632 321 174 169 106 0 0 64 993 0 737 529 0 0 0 68 261 402 894 758 937 618 0 411 0 0 102 108 322 689 159 905 715 161 391 886 726 974 568 421 622 8 0 0 803 847 85 319 328 752 877 0 166 971 0 637 405 0 0 801 587 879 945 560 381 67 0 0 654 0 0 354 142 879 332 0 0 208 0 167 556 450 0 537 568 342 0 960 82 0 26 597 522 0 0 214 0 0 347 268 224 138 664 876 43 409 376 909 0 620 400 268 412 499 372 745 246 534 0 300 258 978 483 0 21 0 0 149 211 767 0 366 86 350 920 180 833 201 127 800 280 437 0 0 593 992 712 0 14 0 556 392 0 0 469 246 0 117 1 0 624 321 0 524 624 929 304 75 0 966 977 0 227 360 702 681 497 351 328 0 0 524 0 777 778 688 373 106 42 995 396 24 0 0 29 0 0 775 154 602 156 423 803 808 282 0 0 0 0 563 908 9 0 0 349 454 0 0 314 0 638 91 35 590 0 854 0 0 0 816 955 82 979 146 0 96 288 99 822 81 0 639 772 0 619 986 617 929 457 819 800 929 728 317 366 865 340 338 0 911 0 636 474 0 528 124 0 0 0 624 0 339 73 429 194 977 23 684 900 2 706 600 672 0 828 0 718 309 207 611 0 574 773 255 930 76 962 671 0 471 0 415 777 282 221 799 0 629 
330 1 110 316 621 584 0 184 308 729 0 510 144 0 0 0 0 0 437 346 526 157 580 0 470 0 211 115 631 339 0 610 657 692 244 0 216 0 0 0 952 101 606 482 275 319 800 0 0 472 275 331 832 178 745 963 653 942 569 992 558 258 0 882 55 179 349 41 263 15 439 804 0 0 687 831 26 0 992 0 149 214 364 392 0 491 587 813 198 0 340 0 283 169 818 0 71 62 296 95 564 509 894 0 703 0 711 991 869 729 798 0 0 0 872 566 659 43 123 134 0 0 972 0 590 487 285 261 720 180 361 190 245 101 0 168 176 0 519 244 541 289 164 218 142 736 0 63 0 875 913 909 508 0 0 0 0 0 456 0 295 188 0 0 891 0 566 761 830 527 930 998 847 723 740 102 0 0 460 501 0 82 347 0 0 570 326 0 0 198 789 721 89 974 128 0 189 0 332 0 0 573 246 151 31 201 321 158 843 0 474 0 185 733 0 0 522 0 447 749 0 57 124 0 801 256 856 775 0 11 797 908 69 0 0 0 23 449 189 0 699 0 649 263 804 783 0 308 361 647 0 71 133 0 303 678 64 131 348 449 0 357 231 954 325 197 561 58 657 831 753 377 36 0 626 0 725 0 800 888 134 611 168 889 262 0 772 0 0 0 0 695 199 0 840 159 312 527 465 976 600 543 181 913 0 59 0 567 
699 180 255 662 647 819 59 700 534 334 948 0 413 68 0 0 222 473 469 958 52 107 488 434 0 256 648 213 111 592 0 369 655 275 0 427 20 542 31 974 112 449 0 670 314 724 756 565 0 0 0 799 949 197 496 0 390 662 425 0 180 654 530 281 0 9 348 99 0 994 800 0 653 82 858 935 589 422 0 956 632 99 464 0 277 475 647 222 625 405 916 0 481 919 236 122 231 270 6 0 493 107 3 704 0 510 98 976 0 45 666 391 221 292 717 0 409 0 0 116 0 860 0 575 769 0 438 366 540 753 379 131 216 0 0 28 0 656 634 450 298 972 352 921 162 0 993 294 740 0 0 318 834 567 599 0 783 963 0 676 686 0 422 464 929 559 836 73 662 0 228 207 0 261 544 938 685 979 515 259 515 296 554 921 732 276 0 848 629 560 918 0 433 524 0 69 110 0 522 59 20 994 619 665 844 390 751 10 0 880 713 47 0 0 927 494 375 995 880 865 0 391 733 0 0 840 166 561 603 781 0 156 0 515 57 220 410 120 588 990 0 153 643 0 0 561 0 312 0 0 748 680 0 307 206 0 828 478 21 498 921 0 215 349 611 250 936 0 0 781 0 0 244 0 0 541 0 903 348 0 0 50 0 889 100 474 418 0 59 796 387 717 274 717 120 218 427 0 0 813 0 463 996 641 62 960 566 119 
369 0 0 353 588 759 505 541 377 0 104 422 474 261 0 222 0 982 798 789 549 586 406 511 1 970 685 241 0 0 0 820 929 681 0 393 794 441 591 281 0 0 727 867 0 938 313 734 498 275 408 0 387 235 777 637 693 979 450 116 510 58 446 581 399 0 118 168 289 153 938 0 0 506 223 862 0 981 0 753 498 0 976 0 32 349 352 0 941 0 23 323 780 1 163 0 0 0 0 397 0 649 319 819 726 628 632 965 582 930 757 810 677 63 5 0 626 68 475 685 0 0 731 629 0 190 611 257 400 0 584 808 202 0 341 67 276 0 179 800 744 692 859 492 257 637 134 497 147 0 301 796 4 440 621 0 678 99 0 101 480 917 0 346 916 131 461 458 0 96 124 256 838 95 0 515 207 0 212 871 599 243 875 359 0 0 5 0 314 620 792 573 200 0 887 0 153 948 0 0 705 254 612 103 760 859 0 347 450 603 850 650 0 517 648 202 0 816 954 873 0 225 778 0 0 154 0 869 139 241 0 386 719 310 0 631 711 0 44 60 240 557 504 445 0 223 0 0 0 377 962 352 370 0 783 128 814 893 616 0 305 768 352 0 27 509 738 809 719 658 577 729 798 0 377 635 884 312 0 643 0 618 206 155 0 16 337 0 0 0 763 565 571 126 920 373 203 616 137 116 990 0 0 493 0 0 766 764 
233 865 545 735 0 0 0 911 277 105 544 695 827 402 0 473 982 0 853 469 680 988 602 0 478 0 679 43 464 705 55 125 327 0 639 562 738 479 0 0 327 0 860 170 0 864 660 0 538 880 264 128 879 947 0 162 0 377 0 916 0 270 110 0 0 0 129 210 0 886 478 582 577 500 535 206 528 136 150 900 626 518 818 827 0 857 193 432 355 0 0 250 267 577 836 0 80 0 538 0 88 687 120 242 722 491 196 604 0 773 517 0 19 534 0 435 0 579 975 651 369 774 718 602 582 0 0 459 403 698 608 572 687 134 141 194 398 0 654 120 97 0 546 186 378 202 106 659 20 149 587 500 890 74 0 685 717 352 560 571 0 361 403 938 0 0 627 0 0 0 451 654 672 547 566 112 0 778 172 936 267 476 304 811 592 318 115 0 213 269 576 272 337 513 803 227 791 0 818 793 418 5 284 105 173 333 495 0 829 430 463 0 275 0 255 490 912 0 0 922 0 424 466 186 179 0 344 0 870 0 355 874 186 0 583 0 0 982 344 375 569 239 0 446 872 748 0 135 560 240 0 0 841 947 902 171 892 394 778 273 0 355 43 399 808 0 246 0 450 694 232 920 910 525 0 526 517 938 466 0 263 0 572 671 0 519 785 0 0 0 972 667 0 647 367 920 187 141 0 0 476 655 537 0 927 0 0 924 
268 888 739 357 0 825 989 474 924 575 575 959 622 894 437 469 798 853 0 368 0 0 0 197 655 933 36 520 18 91 0 787 740 629 0 0 352 432 115 74 0 0 0 485 0 166 848 598 0 0 178 460 979 205 0 740 401 43 349 948 307 0 312 120 95 802 0 655 50 152 641 0 169 633 877 290 953 22 0 258 475 379 444 0 253 0 646 242 969 148 94 873 634 934 572 188 178 0 175 834 39 0 0 0 724 805 0 842 0 644 0 0 225 871 142 52 219 76 0 841 137 829 458 0 580 419 0 787 143 895 149 105 571 769 273 493 781 448 0 0 809 146 566 686 991 0 741 501 688 699 300 316 900 0 303 0 580 18 0 544 124 859 777 444 24 207 968 929 170 544 489 995 0 0 187 621 477 824 268 225 939 798 836 63 566 937 62 942 734 0 421 284 927 527 353 255 0 568 0 191 726 157 613 779 860 0 208 447 78 107 789 148 839 632 15 0 53 0 301 0 94 0 756 888 77 738 205 540 829 64 284 511 814 0 254 0 0 751 20 242 0 617 498 0 308 634 699 527 0 226 265 344 240 0 591 154 648 299 70 747 682 992 544 57 0 971 534 339 929 0 360 195 0 669 0 890 161 619 133 387 578 0 356 0 812 459 655 636 940 0 944 208 518 0 0 474 0 0 33 247 821 347 509 228 186 928 0 611 
866 922 86 0 829 38 644 962 16 831 0 711 834 758 346 958 789 469 368 0 39 774 427 378 0 0 832 213 677 344 0 910 39 737 323 0 0 297 508 920 0 0 96 661 118 871 389 831 246 193 862 808 0 753 695 605 876 118 692 684 159 750 287 334 335 0 0 242 0 0 0 305 599 10 718 731 0 498 904 27 126 0 354 398 502 991 774 372 356 0 317 0 397 0 234 196 223 343 709 900 714 714 982 646 682 401 821 0 294 205 0 390 0 696 0 0 836 444 266 478 826 228 284 145 790 0 466 0 874 555 838 353 601 761 0 109 527 561 0 563 647 421 597 0 791 0 780 556 943 321 0 271 101 530 565 891 401 0 0 462 577 0 516 762 928 0 211 547 311 647 180 0 0 572 0 659 0 0 984 0 696 0 0 0 219 47 829 289 325 640 934 965 0 280 710 687 985 190 750 282 783 255 808 489 815 255 653 763 466 138 130 0 776 335 0 243 652 297 579 301 0 885 153 250 545 0 485 579 0 0 0 619 0 10 0 570 0 482 0 709 935 604 234 864 0 342 882 188 0 367 0 203 0 177 0 0 692 452 0 403 219 340 0 549 605 377 180 586 418 574 585 0 734 0 0 166 253 600 933 0 0 546 825 0 846 0 0 195 701 27 0 175 575 84 190 0 575 517 460 953 498 0 883 340 0 50 842 391 
204 519 603 452 0 364 179 342 23 207 176 870 89 937 526 52 549 680 0 39 0 389 355 0 0 508 711 502 107 0 371 342 501 363 979 0 762 0 0 849 833 296 709 0 0 686 0 0 51 789 960 818 0 498 680 253 0 0 322 622 585 191 648 0 0 927 878 649 0 639 448 519 0 28 0 61 991 770 610 511 943 473 714 421 0 207 110 644 196 338 587 913 0 460 0 0 0 0 0 0 230 872 430 742 501 0 0 67 0 263 0 0 990 412 723 910 419 703 0 451 978 511 399 201 918 180 675 963 945 123 744 301 215 0 2 110 210 0 875 537 631 795 0 0 0 640 177 447 541 784 685 0 0 475 0 974 487 806 369 208 581 0 519 120 736 815 788 165 0 790 483 115 0 709 344 181 420 183 845 0 200 512 913 0 396 0 448 0 699 481 970 0 496 0 712 0 262 0 176 891 786 0 0 855 0 581 689 678 388 0 360 371 718 675 280 372 655 0 0 0 703 452 928 0 231 0 964 851 425 13 573 735 0 457 0 794 750 702 900 881 451 285 0 439 724 0 828 156 0 40 0 370 375 310 803 0 221 0 343 0 743 485 936 207 366 0 0 189 0 326 845 692 213 364 487 773 92 61 397 288 0 589 644 264 0 692 0 763 525 625 776 287 843 267 0 196 75 925 474 0 117 611 463 2 0 495 0 927 
436 193 16 18 626 614 0 896 438 0 91 698 595 618 157 107 586 988 0 774 389 0 505 721 0 838 0 131 174 437 680 541 736 440 721 379 242 435 0 0 0 0 537 0 0 0 334 251 17 84 40 764 0 873 0 983 267 677 294 0 771 0 0 0 408 150 0 596 272 0 96 365 0 624 714 840 680 994 875 691 1 314 895 83 552 0 191 406 977 0 811 207 0 965 328 786 0 417 810 720 496 562 934 232 831 892 0 693 566 239 0 387 0 0 726 233 345 66 673 0 486 0 768 373 412 295 0 937 810 434 712 0 268 762 0 713 906 812 990 0 0 745 0 15 557 965 845 427 470 0 0 791 460 743 345 695 349 550 909 0 859 623 900 102 0 836 420 748 623 479 0 911 452 0 0 0 127 866 456 348 143 0 68 722 419 589 597 0 143 0 123 921 810 0 0 471 325 609 942 0 482 916 800 0 845 796 983 506 938 305 216 228 0 166 477 232 802 139 360 828 965 380 837 417 686 54 184 0 378 113 600 98 788 637 0 772 473 264 820 938 0 0 393 35 533 362 246 877 536 13 977 914 19 119 918 886 301 778 0 706 877 8 340 47 483 256 0 82 990 566 0 226 185 0 158 242 71 0 0 638 929 256 843 0 784 766 167 443 251 0 664 117 0 16 214 974 844 955 0 636 0 0 0 779 41 151 663 272 
929 260 581 830 457 268 78 0 358 755 0 711 389 0 580 488 406 602 0 427 355 505 0 531 867 269 639 0 444 261 415 142 0 403 51 447 758 0 426 313 0 0 797 566 236 36 473 0 861 0 185 21 220 755 587 492 294 894 0 127 172 736 852 0 108 968 0 632 609 0 909 219 185 0 938 321 0 577 404 445 692 790 885 0 0 537 22 714 70 0 0 0 799 13 0 810 0 264 685 197 774 117 0 0 0 575 170 511 933 730 146 314 528 890 252 309 577 694 511 0 371 0 0 512 0 412 0 0 851 241 0 99 626 278 447 262 341 672 624 947 592 917 219 228 0 0 866 0 922 400 0 708 0 272 0 162 0 510 225 504 265 435 359 519 497 0 72 0 265 536 184 0 0 925 54 660 83 678 901 224 561 0 0 403 0 837 788 314 0 588 0 106 752 0 76 938 71 427 402 770 212 0 686 195 504 895 445 28 126 0 466 0 361 514 685 652 601 0 844 0 493 132 103 0 0 144 533 676 839 536 289 716 56 726 147 677 0 40 507 0 502 303 992 423 568 0 619 227 0 555 0 471 156 50 319 874 586 918 448 673 451 65 0 0 0 228 74 858 882 233 0 37 539 114 698 0 613 684 719 443 658 822 708 0 402 113 88 23 0 0 0 71 959 942 121 80 584 0 971 312 0 431 913 883 712 557 901 294 
0 0 365 0 191 971 434 262 0 105 0 0 0 411 0 434 511 0 197 378 0 721 531 0 0 561 868 411 508 613 39 180 159 12 0 747 581 0 0 855 538 693 491 672 525 850 162 71 47 930 157 241 389 545 313 532 672 342 0 0 0 763 245 59 0 253 876 771 285 573 876 745 88 435 989 214 654 987 508 777 625 216 4 945 0 999 749 0 744 773 632 662 0 56 7 226 876 0 275 0 415 0 0 969 237 827 0 0 690 0 0 620 0 788 29 217 103 152 0 757 498 663 415 640 938 70 637 0 809 473 959 0 508 0 311 0 0 0 0 182 750 594 384 0 729 751 520 75 440 575 468 951 0 316 764 337 842 949 373 0 408 0 0 0 935 602 391 461 56 130 68 0 588 488 0 688 0 0 555 569 476 0 380 544 0 901 692 510 662 840 761 432 992 473 319 0 982 0 337 95 65 0 329 0 516 28 566 962 583 909 0 171 324 416 276 802 152 0 930 104 0 292 204 0 78 959 201 0 616 0 886 0 573 0 615 551 58 0 0 708 667 0 86 954 911 127 0 0 843 0 24 776 354 0 0 64 679 430 253 553 0 431 0 217 137 342 401 322 595 0 931 359 668 0 744 892 665 845 597 509 152 0 0 34 916 724 849 703 0 0 963 0 27 657 537 478 38 988 54 345 0 118 475 0 585 586 39 0 
624 898 42 625 423 574 861 793 0 701 607 538 632 0 470 0 1 478 655 0 0 0 867 0 0 740 252 381 5 865 246 188 0 532 506 577 391 628 0 707 0 0 155 535 6 982 514 275 836 188 25 0 110 572 0 291 0 334 414 78 290 428 306 806 680 901 0 397 186 916 887 0 0 321 424 0 867 0 0 711 112 52 389 694 260 789 0 143 0 778 347 629 197 0 221 0 319 0 982 517 415 976 262 860 513 782 545 905 630 0 0 0 260 240 0 604 0 553 755 467 264 843 954 672 517 0 2 278 199 0 687 151 0 561 834 318 859 0 671 179 0 364 651 8 770 143 273 0 762 124 0 564 0 418 246 158 812 332 0 756 418 973 855 529 15 216 183 829 882 474 0 0 920 409 153 850 267 45 0 234 679 927 0 46 908 569 819 14 0 463 292 105 0 396 380 981 472 989 0 14 469 44 592 73 751 0 0 0 467 988 943 397 808 652 485 130 945 0 819 326 0 0 0 206 0 0 974 852 821 832 0 389 530 695 47 684 642 410 151 842 0 912 395 839 986 135 222 247 387 712 49 636 805 43 252 709 64 135 31 616 960 0 416 0 998 970 67 926 752 0 288 229 51 561 0 0 833 173 887 174 0 0 688 505 0 680 369 628 0 876 923 619 344 172 0 0 541 928 0 511 926 551 120 699 0 0 251 798 
407 0 0 497 795 0 0 466 0 0 334 0 952 0 0 256 970 0 933 0 508 838 269 561 740 0 45 717 439 0 711 618 526 626 698 728 0 0 0 0 134 682 231 0 0 134 212 346 0 171 358 240 0 0 605 701 0 771 650 0 138 712 207 479 0 509 771 0 866 12 278 0 162 576 670 0 0 87 0 846 210 397 571 764 0 457 660 842 935 100 504 735 814 917 881 375 683 0 662 960 793 755 810 673 735 689 437 491 787 746 589 428 955 574 207 0 484 679 0 964 507 544 67 675 992 604 0 0 890 0 849 648 247 947 648 265 0 939 721 0 935 0 0 307 209 0 155 0 89 977 0 716 0 569 219 378 752 0 566 734 854 0 169 0 734 420 678 0 819 152 910 902 542 80 0 703 0 0 319 614 0 549 241 222 164 0 559 367 21 732 114 0 839 672 0 922 453 126 985 556 163 894 843 560 268 0 244 601 184 326 35 791 929 0 661 643 531 175 416 147 293 0 511 468 971 368 919 549 974 0 0 627 807 0 116 0 51 640 136 175 156 846 292 536 0 0 874 324 308 510 147 0 624 0 429 883 968 920 689 925 699 687 180 508 625 0 0 481 900 0 106 305 144 75 256 0 0 240 390 838 85 0 0 471 0 0 232 422 58 0 0 47 897 977 0 0 414 0 33 684 652 977 429 497 975 0 645 74 
0 172 578 209 0 0 458 105 371 208 703 414 736 102 211 648 685 679 36 832 711 0 639 868 252 45 0 0 649 802 0 155 967 627 19 611 676 815 405 404 0 887 745 0 151 0 790 519 626 797 874 154 0 971 42 148 222 99 645 714 104 995 743 0 0 311 847 647 0 805 899 675 0 492 0 775 0 216 929 0 639 0 189 705 0 489 962 586 170 0 949 409 194 315 831 529 0 0 294 575 0 0 250 0 377 576 648 0 277 726 721 759 40 453 563 581 0 419 249 0 397 239 0 661 661 282 0 0 0 548 0 857 0 637 544 873 313 38 782 0 565 268 0 542 255 726 915 186 0 290 0 0 0 503 0 769 422 154 0 482 955 0 887 607 0 835 741 965 432 765 93 817 616 299 0 614 404 0 0 732 546 0 541 0 839 473 0 96 0 533 539 557 49 0 0 361 716 120 0 500 0 522 511 0 923 404 282 587 250 738 0 0 163 548 527 83 160 600 0 0 415 339 560 419 0 643 277 0 703 212 456 299 0 439 788 0 556 0 0 810 232 457 428 196 557 604 233 0 215 415 116 444 300 958 655 53 701 344 319 0 199 0 880 462 780 550 870 920 860 0 924 955 99 0 502 0 185 0 740 0 414 72 289 648 370 0 0 709 97 868 487 955 766 471 0 376 0 0 652 913 0 689 0 813 473 142 89 81 
386 448 853 448 486 517 0 473 0 19 547 0 985 108 115 213 241 43 520 213 502 131 0 411 381 717 0 0 879 799 42 0 958 139 111 0 744 0 521 0 267 0 502 0 927 120 777 75 90 207 0 485 261 165 484 0 172 91 577 317 444 205 796 0 41 0 834 623 869 0 905 369 765 0 420 488 94 481 562 108 959 629 177 524 0 0 0 904 124 0 0 0 24 975 48 596 426 0 0 437 0 63 0 409 0 840 48 736 805 4 659 0 644 154 184 519 0 475 0 81 580 598 0 434 372 396 420 144 726 969 0 0 981 631 979 606 841 0 0 601 0 160 0 860 0 341 509 0 48 0 702 0 624 585 0 94 615 262 609 0 596 143 0 794 398 0 322 167 284 933 375 670 0 890 536 639 385 0 204 827 25 756 0 675 884 105 0 0 0 345 0 0 976 78 555 973 458 0 442 612 289 201 543 0 646 0 0 743 990 0 0 0 699 896 425 880 749 0 51 0 828 801 0 904 0 748 196 733 120 0 681 0 85 654 167 0 595 79 851 789 561 131 215 834 825 232 246 493 687 167 865 607 0 844 672 460 378 34 475 96 902 944 166 29 475 390 0 663 0 0 70 0 350 792 175 738 304 36 0 753 654 185 870 0 547 0 658 724 337 20 197 711 751 0 0 14 418 423 263 750 218 0 119 759 411 2 588 0 
766 990 890 0 704 511 0 64 962 348 223 119 451 322 631 111 0 464 18 677 107 174 444 508 5 439 649 879 0 0 0 996 83 346 631 0 0 861 922 991 974 217 0 634 909 976 344 692 188 0 153 864 186 0 0 451 386 265 0 554 103 0 0 725 892 196 0 33 478 911 68 0 83 789 0 593 526 553 132 976 696 731 466 222 410 112 947 0 0 741 0 491 78 0 0 346 0 262 908 625 530 532 964 122 768 917 512 145 0 902 99 0 0 559 646 258 0 832 982 498 244 710 246 797 0 114 0 608 324 666 824 650 423 859 0 231 169 391 3 6 589 450 0 676 0 725 273 350 467 897 676 666 287 499 843 599 787 141 0 0 0 0 0 0 864 912 0 802 892 0 0 882 545 616 446 798 0 0 882 263 405 705 0 0 308 148 228 849 1 28 514 236 0 746 863 666 0 240 0 677 579 0 511 292 366 0 835 933 934 378 0 634 811 309 864 69 614 807 0 305 158 568 149 825 559 668 0 885 0 499 0 539 613 636 572 909 268 657 96 0 152 0 336 0 929 0 109 800 631 0 924 0 437 620 0 265 0 0 475 737 758 903 952 479 0 49 0 557 793 734 485 962 230 310 840 331 459 271 0 0 311 767 0 0 228 503 943 651 424 984 607 11 881 829 54 0 0 0 21 0 422 163 108 93 636 255 854 956 
266 389 447 0 634 864 42 0 137 732 0 83 747 689 339 592 0 705 91 344 0 437 261 613 865 0 802 799 0 0 926 427 0 673 770 333 247 0 0 130 772 0 797 925 383 64 974 949 837 0 0 591 482 202 845 576 695 133 499 920 285 777 0 992 412 981 7 212 912 28 490 989 664 779 807 0 142 0 0 69 0 0 381 70 673 301 810 951 957 838 33 0 724 582 602 0 402 626 419 342 130 600 431 47 364 92 199 0 157 669 25 414 0 463 128 433 328 0 83 884 984 79 503 841 315 4 116 0 909 855 95 733 48 0 0 965 0 0 0 0 994 233 695 670 286 640 0 391 0 859 661 984 0 825 847 197 583 0 0 0 347 805 892 887 971 834 0 645 0 526 0 0 758 118 0 95 577 0 499 188 697 900 534 242 877 388 417 532 779 583 25 799 923 964 587 5 0 81 430 0 0 661 311 796 736 969 433 918 869 851 135 961 243 426 921 152 0 287 747 46 391 215 0 322 0 290 0 73 942 798 0 306 493 293 0 80 254 0 862 811 325 0 0 921 0 273 346 250 309 0 464 547 0 790 968 168 499 64 515 925 439 663 293 0 130 29 38 177 701 153 0 387 703 957 984 689 249 0 25 912 0 475 527 179 0 259 574 796 406 184 0 32 913 676 818 592 0 0 763 598 122 0 494 924 321 149 449 0 
762 74 355 0 479 116 957 710 272 683 0 696 365 159 0 0 0 55 0 0 371 680 415 39 246 711 0 42 0 926 0 678 628 473 813 247 830 633 0 166 832 297 0 0 0 560 546 722 0 684 417 0 0 910 146 0 900 821 782 587 809 50 80 6 775 236 63 104 316 150 127 783 96 679 0 0 44 55 294 296 77 0 0 0 878 423 0 848 873 769 335 823 44 273 29 439 0 698 329 152 104 0 879 186 0 494 461 915 684 626 534 393 820 995 0 18 934 280 0 0 375 795 327 140 0 220 684 408 884 432 742 672 0 0 371 663 776 0 634 929 401 0 311 0 0 993 663 258 0 531 371 0 185 877 285 854 843 0 572 583 0 94 0 143 525 896 843 907 353 0 878 529 654 0 511 541 638 0 183 316 909 0 0 283 943 960 439 108 36 0 633 358 318 562 369 642 764 627 952 288 577 588 554 411 480 522 327 837 730 260 944 769 995 100 0 803 238 914 398 96 554 0 0 0 484 767 184 857 959 216 136 744 428 415 566 55 727 509 111 0 0 245 203 0 228 0 0 0 0 767 932 97 0 0 52 980 65 0 0 199 859 958 0 0 335 607 427 0 73 571 0 316 480 0 893 550 383 533 305 808 0 799 81 995 0 0 203 0 756 567 429 0 411 933 0 137 93 342 3 115 378 0 239 0 654 893 680 53 
880 725 191 802 599 965 194 0 221 0 825 957 337 905 610 369 820 125 787 910 342 541 142 180 188 618 155 0 996 427 678 0 105 0 0 0 0 0 391 239 757 105 833 0 0 550 731 0 0 448 896 0 979 363 250 512 0 0 0 942 405 810 161 495 906 847 0 0 0 297 137 502 609 464 35 484 0 334 0 957 167 769 789 166 0 927 0 497 233 284 651 353 408 253 0 876 643 790 0 103 0 4 706 278 0 913 472 898 882 371 275 418 314 554 779 465 202 0 651 820 221 726 0 0 529 0 535 79 697 256 968 0 0 849 686 0 78 709 320 602 0 184 707 863 0 26 0 220 97 890 967 994 866 867 353 196 0 67 92 0 206 372 564 66 956 80 657 287 972 0 779 622 207 803 319 802 0 788 356 0 713 0 0 390 834 0 587 0 0 834 110 0 625 0 0 0 805 976 0 865 944 682 0 463 418 762 349 942 966 473 0 167 0 880 0 11 475 164 770 0 156 621 718 638 797 42 0 345 0 108 725 813 0 998 700 810 270 225 519 26 708 421 317 429 756 483 662 387 0 387 417 726 599 216 800 0 940 647 155 0 965 512 562 100 403 960 754 672 260 125 0 922 706 596 624 0 144 738 393 24 0 622 289 541 499 513 0 169 862 590 787 10 0 0 613 913 133 0 0 518 868 757 0 383 486 718 0 417 
0 129 0 193 507 999 353 567 272 470 699 827 688 715 657 655 929 327 740 39 501 736 0 159 0 526 967 958 83 0 628 105 0 281 0 966 787 751 889 926 0 0 155 901 0 268 707 438 0 0 757 643 0 674 0 589 0 245 0 681 0 632 415 112 0 418 546 742 404 152 721 653 737 578 96 0 507 503 397 0 514 939 0 762 0 903 0 345 970 690 0 747 546 0 360 541 583 349 528 272 521 871 813 0 823 228 622 725 599 458 0 815 83 112 964 189 979 252 408 182 45 0 0 546 819 0 433 6 660 0 962 778 629 95 822 808 0 392 837 401 535 796 76 42 0 169 634 456 707 0 96 950 788 442 614 718 0 503 944 165 479 35 657 0 469 738 566 667 0 296 311 0 437 0 418 590 0 276 47 587 0 547 666 0 415 932 529 210 887 0 606 657 0 74 582 0 91 911 471 0 654 705 623 743 455 492 796 0 641 416 530 194 814 422 474 0 0 76 78 440 0 742 731 31 137 694 0 15 433 0 572 0 0 0 401 0 0 283 602 6 93 948 0 0 0 379 393 307 0 778 83 0 55 113 22 892 0 56 84 0 0 892 705 404 338 0 0 0 48 542 566 205 435 650 634 132 312 153 323 0 923 380 647 824 0 653 0 48 329 593 968 911 322 483 268 198 267 0 893 40 780 0 0 434 884 936 431 0 
216 141 345 768 166 0 297 0 533 420 732 410 0 161 692 275 681 0 629 737 363 440 403 12 532 626 627 139 346 673 473 0 281 0 0 817 0 0 932 257 451 0 932 642 757 0 0 433 0 0 0 93 44 806 842 0 0 750 570 0 446 793 684 0 965 292 196 76 0 844 376 0 153 0 164 0 246 0 0 653 0 0 711 987 522 915 820 254 60 0 109 548 0 3 0 220 424 128 293 220 993 596 372 504 254 883 779 141 0 149 42 638 286 367 936 449 243 717 394 0 822 0 612 180 937 0 522 761 266 0 550 0 0 573 0 715 247 556 892 0 632 282 0 900 294 568 808 735 0 215 343 630 909 946 0 303 0 0 674 0 143 957 0 154 0 0 451 346 692 343 476 59 496 966 793 0 961 0 535 311 422 988 0 21 788 302 59 123 0 0 0 0 748 902 547 242 617 56 0 0 40 927 392 386 437 918 0 663 256 549 0 942 0 714 406 649 87 138 315 237 845 203 0 0 874 20 551 818 623 897 282 719 760 83 944 0 0 163 0 261 68 0 86 0 244 422 22 549 661 878 0 520 0 684 789 0 377 0 246 584 905 0 0 0 311 703 200 52 0 0 445 896 364 159 831 796 53 0 18 0 119 438 107 559 290 867 271 0 888 96 12 867 0 909 0 531 880 899 865 249 0 236 943 259 604 294 0 654 
593 746 0 0 510 629 649 597 258 0 0 734 798 391 244 0 0 639 0 323 979 721 51 0 506 698 19 111 631 770 813 0 0 0 0 863 912 817 0 725 0 152 509 676 736 611 0 0 0 0 569 0 730 365 671 184 322 991 394 414 169 282 531 282 908 0 0 407 911 0 203 0 518 275 545 858 483 308 578 0 125 499 328 0 281 174 387 0 538 0 0 541 720 333 518 0 672 675 937 0 0 793 0 0 0 828 300 0 0 735 835 0 0 0 578 45 0 7 0 720 139 685 0 0 520 271 0 166 176 254 0 0 0 227 600 753 666 614 0 603 847 347 286 259 424 636 45 0 117 139 0 414 111 148 0 965 796 272 788 463 436 604 207 23 591 667 252 601 0 0 0 77 0 221 418 117 426 0 556 26 253 284 59 0 0 808 0 154 0 829 539 136 8 0 521 0 60 0 223 528 970 850 0 519 795 241 842 810 403 341 473 987 778 950 582 0 0 177 128 0 209 0 964 0 608 259 894 0 577 451 0 0 99 0 846 314 0 60 920 0 111 151 72 389 0 692 0 168 962 238 619 421 507 251 0 0 76 694 164 788 255 574 332 76 944 0 341 0 161 0 0 0 522 0 148 693 0 243 613 0 667 709 748 196 176 0 26 0 0 553 0 357 0 812 492 0 0 0 725 0 756 77 0 0 327 0 0 135 
426 0 494 0 823 877 282 795 0 413 995 169 186 886 0 427 393 562 0 0 0 379 447 747 577 728 611 0 0 333 247 0 966 817 863 0 374 206 0 0 0 804 292 578 743 667 0 232 0 451 260 0 0 655 975 235 745 469 126 712 483 858 0 0 355 0 842 0 965 494 0 0 802 923 979 258 226 0 0 398 539 848 738 809 468 563 582 842 76 121 293 219 0 0 580 668 440 0 0 0 0 804 93 845 52 0 0 0 139 788 81 0 228 106 707 724 830 474 0 757 0 243 452 992 0 38 990 908 0 899 603 0 564 0 774 562 425 821 339 12 607 418 853 0 425 696 864 0 0 106 479 0 0 0 226 506 960 380 0 358 918 0 981 804 405 0 281 0 711 786 120 0 687 675 97 0 0 225 930 688 737 589 798 767 347 750 0 489 731 343 911 789 0 331 189 0 637 107 23 766 558 686 0 115 112 77 883 192 572 0 133 939 568 837 72 724 404 508 315 814 649 865 0 0 0 799 493 959 56 343 27 0 0 248 407 476 357 961 326 606 189 772 369 542 725 947 368 947 0 229 887 0 962 667 0 260 563 199 736 810 703 803 780 0 992 0 0 760 197 0 913 0 348 725 749 695 435 40 185 488 459 0 163 865 583 0 374 247 958 727 241 221 0 720 997 0 0 506 806 380 158 682 671 0 947 0 438 1 
709 674 759 305 0 540 0 21 124 886 851 0 889 726 216 20 794 738 352 0 762 242 758 581 391 0 676 744 0 247 830 0 787 0 912 374 0 841 0 83 569 0 818 229 93 274 85 853 815 594 0 596 801 157 0 379 0 0 457 698 320 250 0 597 833 425 0 780 390 981 179 338 503 339 345 417 478 674 431 817 655 989 0 869 0 701 519 857 51 426 0 702 524 724 16 560 881 900 638 265 353 458 645 862 643 706 821 3 726 0 693 54 743 0 258 0 563 992 149 0 712 0 994 223 896 0 6 863 801 120 314 47 145 672 293 393 312 250 820 294 401 0 778 415 867 934 145 0 169 0 908 972 182 0 397 802 0 823 0 446 2 0 534 373 734 793 0 740 0 568 811 769 0 25 482 0 0 814 0 0 944 0 0 525 0 872 365 0 0 564 0 324 631 88 246 432 0 122 0 334 303 0 590 679 492 97 798 808 406 521 766 938 0 991 361 0 299 541 336 148 600 242 761 796 0 16 0 337 595 111 864 759 655 371 252 963 0 651 0 0 361 8 355 184 459 487 60 533 726 454 716 748 0 163 280 562 991 950 705 0 0 0 771 173 115 202 887 445 0 475 112 836 0 136 362 0 594 662 0 669 0 858 999 0 0 508 0 0 761 957 0 396 0 0 248 315 699 750 0 261 407 919 0 506 576 933 534 0 
