0 81 584 69 642 624 427 0 0 751 762 664 0 283 990 0 514 740 727 484 582 779 881 79 89 704 0 0 720 14 601 548 0 151 107 49 177 58 515 930 509 401 894 924 329 86 820 250 726 0 0 223 174 676 0 618 319 913 0 0 319 91 165 378 0 645 473 620 0 950 391 820 0 128 281 772 285 942 0 741 275 941 815 0 0 0 159 0 988 230 296 0 311 695 0 155 125 531 370 801 0 0 252 173 906 366 33 407 947 725 897 398 601 83 225 182 0 6 752 222 112 0 0 686 242 934 613 726 410 43 755 242 0 817 0 0 20 537 700 0 0 775 757 0 874 684 839 0 93 0 0 609 636 511 789 0 867 108 157 804 149 0 807 127 344 632 345 0 120 325 0 361 828 838 0 149 20 156 146 485 714 0 880 56 622 17 239 517 564 0 133 0 87 139 0 491 84 224 0 696 530 0 487 640 0 362 620 0 669 0 195 0 684 176 0 964 19 668 219 0 0 0 183 983 8 0 200 0 407 630 0 302 627 207 725 854 585 844 
81 0 791 962 935 777 212 445 0 418 0 847 842 991 21 0 579 929 250 153 220 0 917 0 125 183 749 315 68 758 546 996 875 377 926 0 367 862 287 0 934 500 0 782 126 962 672 265 0 112 331 0 0 55 210 712 0 221 14 358 0 414 177 712 0 0 0 992 0 619 657 0 0 149 140 0 266 780 756 918 666 493 835 16 709 0 0 693 345 0 0 0 0 0 529 917 0 721 0 538 175 752 333 391 0 0 790 737 649 386 384 459 0 0 962 738 0 260 295 527 0 274 769 518 0 0 0 0 533 764 0 411 905 0 886 259 965 978 0 743 226 0 0 101 53 299 0 996 37 962 397 0 0 796 229 130 337 222 109 346 0 350 612 924 820 168 642 13 574 0 399 794 393 287 155 966 0 0 336 793 0 850 651 0 868 815 0 554 52 616 311 505 933 131 991 0 617 74 315 217 0 274 405 355 410 745 430 0 143 0 0 618 60 725 235 212 423 76 0 914 910 0 364 618 678 894 718 589 0 238 144 101 347 193 0 706 320 697 
584 791 0 149 458 0 672 512 782 483 108 266 0 728 572 370 915 0 0 853 0 383 973 423 764 0 846 0 0 457 704 204 343 225 0 0 260 291 482 228 981 835 0 0 148 959 798 374 147 366 696 26 746 232 400 0 289 0 10 783 201 497 165 673 387 34 287 0 0 111 716 0 125 542 663 0 185 251 53 0 701 937 926 426 139 947 212 0 229 0 0 936 812 400 0 34 0 943 0 390 548 0 0 68 620 206 541 871 0 0 791 335 139 568 365 834 272 0 831 130 175 0 0 311 0 490 0 233 908 681 0 769 149 898 534 764 250 0 788 954 956 625 737 563 703 472 950 0 373 818 811 624 143 114 527 363 530 494 0 418 0 200 264 0 0 0 0 96 0 861 496 361 954 0 888 465 390 0 539 845 835 0 418 135 810 0 473 0 203 927 0 0 67 0 835 0 484 911 286 128 562 354 0 389 0 0 728 719 106 0 465 0 958 793 573 0 0 744 0 629 0 827 711 92 425 0 675 0 719 415 0 199 8 0 421 0 993 0 
69 962 149 0 259 0 0 0 0 102 332 456 0 184 695 790 535 875 0 0 228 7 110 0 827 637 140 882 94 0 167 441 251 864 894 0 394 589 95 811 387 0 0 0 0 682 403 702 0 735 63 424 655 223 90 0 834 911 0 0 870 529 22 723 0 307 977 841 464 272 321 146 417 71 258 911 344 563 0 788 875 0 0 50 132 781 317 181 237 623 57 770 768 638 774 315 613 246 459 110 0 0 982 0 0 233 0 304 869 0 101 527 0 152 264 0 179 394 0 841 675 758 476 680 0 979 933 626 612 0 993 491 117 0 906 337 126 249 849 0 577 773 0 0 0 529 750 0 521 385 0 505 865 366 733 662 962 249 0 910 493 490 515 620 257 575 345 43 726 496 211 961 0 133 122 371 859 854 495 600 401 845 965 899 616 0 339 0 0 545 46 77 322 826 318 212 0 561 412 0 93 828 373 0 130 139 17 847 312 611 847 0 0 139 845 103 75 451 127 276 226 392 966 209 0 857 0 173 431 0 26 222 578 537 106 890 0 0 
642 935 458 259 0 927 536 451 583 341 267 850 125 560 924 246 0 0 0 0 940 417 865 0 670 957 0 0 217 825 464 744 254 410 287 953 255 0 466 945 512 238 242 0 0 786 597 982 875 0 705 408 189 39 0 0 0 499 696 743 628 25 743 549 181 993 0 361 159 422 290 0 894 0 0 502 493 659 0 722 145 0 697 0 0 0 0 304 743 330 977 626 171 85 635 221 0 242 575 0 0 458 913 459 0 597 341 60 879 0 475 144 346 839 303 0 402 354 429 281 906 0 0 983 388 449 82 681 54 747 1 0 0 586 0 0 476 543 743 0 0 96 406 0 0 374 785 553 0 764 0 867 472 950 0 0 59 762 296 666 571 720 0 912 479 317 263 319 207 959 9 0 517 0 0 596 595 0 859 0 310 298 0 821 0 69 0 789 520 392 449 333 0 499 690 746 767 0 0 413 114 747 851 489 759 913 222 0 148 587 302 293 0 688 166 6 676 680 873 520 361 0 825 704 16 0 874 174 76 0 361 0 0 741 659 550 164 912 
624 777 0 0 927 0 772 0 77 368 95 0 979 502 87 0 758 549 537 410 300 110 0 260 0 280 0 670 0 656 0 187 437 477 693 732 934 97 687 912 718 0 848 80 251 770 522 626 672 353 780 432 0 361 712 983 0 107 992 820 681 40 623 0 0 786 511 881 778 785 576 0 97 0 0 173 0 493 0 461 0 688 0 131 0 0 98 333 0 109 394 503 0 12 0 663 23 321 885 551 0 422 0 0 110 232 838 659 815 0 0 87 590 383 526 999 96 0 0 0 0 0 210 848 0 160 869 240 276 0 0 351 447 0 343 376 0 934 240 5 480 104 0 582 864 537 278 0 277 998 0 0 102 530 0 523 639 0 458 0 209 791 807 353 13 0 685 901 804 262 612 0 0 0 274 360 298 216 689 508 121 0 0 554 803 21 576 935 476 0 420 0 69 821 974 0 971 771 49 804 79 0 112 689 0 875 655 0 0 975 323 704 914 764 476 525 324 569 0 0 570 0 0 0 4 40 626 399 344 0 309 886 0 0 0 0 520 402 
427 212 672 0 536 772 0 0 182 130 540 273 0 270 311 440 477 731 533 670 513 199 294 0 286 702 362 886 688 543 626 930 66 501 99 777 0 0 0 162 635 0 926 750 510 157 660 79 798 839 0 522 0 463 0 621 54 238 425 371 0 0 531 237 0 915 421 0 849 0 418 246 525 0 506 525 363 109 0 860 389 923 101 926 0 526 8 0 187 227 719 0 114 0 0 55 168 678 447 229 668 359 0 530 157 502 859 814 643 787 247 567 586 0 838 65 4 33 0 783 0 786 460 441 0 827 975 895 201 222 0 86 4 0 490 0 120 574 460 889 476 785 847 710 411 839 794 273 0 340 239 391 123 219 867 20 165 701 812 383 0 0 879 823 399 103 267 904 72 172 715 577 0 106 482 0 0 490 0 0 714 199 362 955 426 0 0 492 842 466 790 708 496 718 0 877 920 117 376 457 0 880 973 211 241 961 0 643 879 738 0 976 0 440 157 294 75 9 324 223 933 989 335 774 970 0 111 924 497 0 346 459 0 215 421 22 350 105 
0 445 512 0 451 0 0 0 156 828 329 0 625 0 729 654 749 0 663 19 299 0 257 499 0 531 0 779 805 887 588 0 78 986 0 908 863 50 960 0 511 236 954 51 0 0 0 78 908 960 112 0 0 0 0 231 730 883 817 865 287 12 754 278 571 200 103 681 502 913 696 382 846 427 749 0 524 800 202 458 156 775 495 0 390 0 857 286 786 566 843 347 577 715 0 0 916 0 258 113 462 810 0 744 214 880 671 697 0 652 942 0 0 0 996 309 70 672 139 0 0 0 0 445 306 848 100 460 201 0 600 288 164 823 334 0 866 585 0 0 782 0 0 0 471 0 407 907 360 994 393 459 827 0 452 20 509 0 0 280 304 269 457 295 320 0 844 527 47 237 656 63 695 47 406 0 978 24 0 56 353 798 604 0 224 824 120 478 192 0 165 570 457 913 480 0 454 979 0 22 0 0 0 0 370 257 599 573 0 577 487 0 220 0 0 410 0 83 794 370 0 0 272 689 0 518 0 235 461 0 758 453 288 0 652 0 948 867 
0 0 782 0 583 77 182 156 0 0 858 573 959 758 13 707 277 0 72 257 128 257 580 0 0 783 0 613 0 572 969 369 593 922 437 655 128 627 0 943 299 473 0 793 858 621 584 0 335 701 141 211 985 530 78 948 530 0 37 322 81 746 743 123 931 947 0 95 311 347 0 520 352 753 495 929 554 0 696 846 611 163 804 487 639 647 244 147 952 676 705 906 118 322 734 106 149 362 830 0 778 769 309 220 647 0 862 903 709 528 463 511 3 554 668 316 437 94 878 544 124 374 358 765 249 0 0 328 32 317 214 393 602 706 639 830 995 300 65 517 814 0 492 0 563 852 127 718 829 0 998 529 928 0 847 44 316 402 0 300 0 0 470 0 1 276 272 174 0 251 0 837 0 784 0 85 717 784 614 793 377 868 836 16 334 637 560 18 994 248 387 490 0 512 467 0 91 202 464 608 45 951 0 23 511 0 760 219 530 0 457 0 0 917 968 98 693 0 712 899 895 0 369 0 976 685 198 131 0 220 238 0 121 0 0 799 0 428 
751 418 483 102 341 368 130 828 0 0 694 964 150 339 332 590 288 678 845 0 365 540 805 0 659 362 779 118 153 894 460 937 856 0 342 531 638 3 578 707 550 465 872 0 81 35 547 0 0 0 0 648 837 267 4 0 530 826 50 0 438 970 328 562 367 90 795 412 0 0 304 0 533 857 616 21 0 0 905 540 0 0 317 864 264 0 0 0 528 454 0 309 379 905 934 19 55 63 321 189 678 395 696 127 743 302 0 0 118 788 124 678 949 0 943 0 340 0 247 76 420 948 105 0 338 739 2 0 585 930 517 753 586 135 514 381 0 866 55 260 40 63 385 160 0 0 976 290 495 169 568 0 281 0 36 165 156 415 646 425 463 89 0 985 203 118 399 501 788 473 320 755 0 882 680 34 98 211 0 316 346 62 82 344 393 838 0 797 988 559 0 0 659 0 885 0 903 812 470 671 612 331 32 11 0 174 726 946 68 439 985 33 441 907 0 455 0 889 237 32 231 0 616 0 0 0 375 569 467 0 245 391 485 225 672 0 190 88 
762 0 108 332 267 95 540 329 858 694 0 472 220 0 21 629 933 886 287 541 138 618 676 0 107 0 575 580 0 106 737 0 620 818 0 0 450 95 569 319 810 76 763 992 1 0 954 900 788 0 179 469 975 0 0 0 532 386 353 16 0 73 563 426 217 938 0 84 5 612 0 173 0 725 0 662 308 0 53 187 420 349 781 373 375 425 514 955 145 0 486 777 0 698 763 0 84 0 0 0 0 234 158 335 44 0 0 302 194 296 300 728 364 0 894 0 868 570 804 352 982 852 212 0 594 782 630 0 0 810 861 856 0 0 44 0 568 0 252 652 683 0 422 424 0 0 362 509 948 315 706 883 482 228 795 47 0 256 0 0 0 0 0 478 824 0 493 815 998 648 0 10 0 388 996 848 0 987 265 428 0 0 51 833 916 716 511 563 129 0 0 0 196 746 0 489 763 579 494 397 140 13 604 919 605 956 37 0 313 461 610 249 0 158 67 19 881 356 435 617 0 74 68 31 413 0 50 833 0 0 357 878 0 0 566 89 859 554 
664 847 266 456 850 0 273 0 573 964 472 0 440 847 572 508 927 159 0 330 737 973 201 688 93 91 0 755 721 223 808 623 0 0 0 863 549 822 910 428 167 486 0 0 930 929 852 0 930 754 674 857 698 134 648 35 291 442 842 475 275 0 435 810 752 684 0 173 299 169 0 890 503 658 22 745 178 896 771 0 114 501 0 627 0 49 0 808 477 0 250 992 190 409 0 864 301 0 0 840 109 0 0 464 59 626 204 276 0 293 719 693 860 789 222 2 721 41 570 272 949 510 0 633 0 449 927 13 750 361 455 333 0 990 741 401 786 0 89 277 797 262 0 999 318 531 0 895 861 48 284 623 248 258 86 0 711 938 0 373 685 0 596 445 118 61 0 0 75 0 864 109 778 584 905 0 890 841 708 595 172 463 0 871 762 822 399 254 836 535 204 147 66 468 354 0 824 635 759 238 0 874 267 0 20 878 164 294 997 370 478 141 0 172 610 919 0 466 73 0 876 0 282 0 0 874 14 402 964 69 0 0 284 943 912 333 566 0 
0 842 0 0 125 979 0 625 959 150 220 440 0 945 639 0 0 735 555 441 353 207 794 375 0 0 488 975 100 226 0 185 623 614 812 521 58 572 998 347 0 0 0 264 854 535 821 0 286 0 33 71 0 0 229 0 0 70 67 672 42 0 599 748 47 0 360 491 277 802 0 0 0 0 37 697 868 103 569 18 357 946 854 458 486 186 20 69 285 961 0 805 667 479 865 877 0 351 0 117 790 585 0 678 41 923 0 0 0 494 673 0 771 193 591 0 0 471 948 93 0 615 0 283 566 589 653 818 534 612 435 827 0 671 180 664 530 23 0 113 0 987 616 183 0 693 712 323 0 191 865 224 261 658 0 0 491 0 292 358 916 133 0 581 495 137 956 29 64 705 513 521 970 976 0 603 314 0 806 660 758 940 220 471 659 456 924 401 554 591 624 400 983 227 107 941 0 381 315 535 6 0 0 920 57 402 700 0 570 485 0 937 997 451 526 4 694 664 480 412 565 25 732 741 443 230 301 959 793 84 259 105 0 392 739 0 634 784 
283 991 728 184 560 502 270 0 758 339 0 847 945 0 69 874 19 369 347 0 0 0 312 128 929 217 967 364 713 119 185 818 0 139 369 0 0 958 0 565 446 0 980 252 492 324 852 0 657 0 502 0 446 0 0 0 0 945 941 267 133 249 600 731 786 0 225 147 697 275 463 448 326 0 762 412 823 773 0 446 277 107 932 0 238 988 0 356 49 373 666 553 0 692 0 899 314 112 621 906 454 0 932 0 335 215 204 110 451 0 0 0 796 317 311 241 0 0 136 268 28 990 74 0 205 445 253 282 0 595 696 0 314 457 218 115 115 529 46 705 924 399 318 0 546 0 527 147 0 186 0 558 360 777 0 0 683 740 406 462 973 473 178 321 0 520 350 279 294 253 996 313 0 89 480 123 214 0 780 0 932 574 0 299 885 87 408 0 789 0 0 896 650 904 110 646 376 915 827 325 86 696 0 0 0 553 630 601 729 439 404 145 0 0 8 106 10 15 340 152 718 404 0 393 299 817 927 459 70 460 623 50 555 857 486 312 109 0 
990 21 572 695 924 87 311 729 13 332 21 572 639 69 0 0 602 0 919 684 0 609 970 645 0 0 0 287 240 0 267 352 0 0 921 826 0 61 846 0 158 0 188 501 727 150 726 237 0 197 651 0 0 802 922 782 0 260 950 117 995 0 496 842 237 230 652 0 0 211 789 778 551 475 933 0 0 384 0 40 0 955 0 215 0 538 0 0 689 0 0 865 0 0 0 336 363 754 585 173 6 997 170 877 501 0 0 388 0 0 711 400 736 552 0 0 199 0 212 378 862 127 306 244 918 608 844 628 552 873 288 0 121 482 635 0 300 861 266 182 230 0 383 717 493 619 0 694 815 99 917 926 0 0 453 0 179 0 621 0 409 744 383 927 554 139 780 0 373 670 137 207 851 730 0 268 3 0 307 233 481 578 854 856 375 0 0 759 509 0 0 0 243 361 486 161 115 486 61 621 0 0 0 398 583 785 141 525 370 0 0 0 0 0 531 258 658 362 485 604 960 348 0 0 0 7 127 587 380 642 645 286 470 122 0 3 444 929 
0 0 370 790 246 0 440 654 707 590 629 508 0 874 0 0 132 978 733 860 827 0 323 149 245 0 937 212 506 0 0 996 51 0 572 0 199 772 776 322 998 508 556 0 55 0 663 0 233 819 49 0 0 441 0 0 589 775 997 697 457 446 14 287 0 703 848 401 378 0 964 0 526 0 655 900 841 595 0 199 0 0 880 866 110 0 809 0 330 715 0 589 395 216 952 737 0 0 0 603 726 440 369 0 0 83 629 149 928 0 0 925 870 272 867 789 410 0 0 470 0 927 352 240 87 747 257 940 0 778 457 914 0 688 790 623 206 641 970 512 278 312 0 412 0 539 755 564 276 931 0 29 356 0 195 73 612 117 98 0 919 673 192 0 54 679 118 745 0 957 810 895 890 159 955 672 855 840 751 62 363 0 163 43 0 429 801 0 0 847 962 0 0 0 821 0 571 403 742 451 316 912 0 581 918 590 0 152 600 750 447 992 819 0 250 431 0 0 0 0 623 300 27 582 982 137 311 0 117 0 0 902 152 364 145 0 438 261 
514 579 915 535 0 758 477 749 277 288 933 927 0 19 602 132 0 0 0 0 656 415 797 594 449 0 0 425 596 344 577 867 95 889 919 837 396 0 0 723 904 980 804 0 925 0 0 628 335 987 70 445 583 887 0 502 0 924 482 503 734 449 983 598 291 102 0 367 0 0 495 733 56 629 67 29 416 698 462 355 14 0 0 243 169 799 162 651 225 693 0 684 457 702 0 459 274 0 614 158 0 918 449 728 512 154 0 0 0 475 0 962 370 0 713 867 759 0 730 656 199 795 0 513 429 521 0 426 412 810 286 864 598 58 328 0 73 315 715 951 0 0 275 0 411 0 700 0 381 480 29 759 720 123 77 0 940 494 565 589 96 0 528 133 579 135 619 471 997 220 386 0 0 596 21 832 861 522 641 328 474 959 915 377 618 745 493 0 0 76 0 0 0 402 913 13 562 182 998 340 457 836 906 65 845 158 0 0 0 116 0 630 999 746 414 565 0 883 0 0 438 599 0 707 149 538 160 0 708 391 668 864 888 0 0 159 285 321 
740 929 0 875 0 549 731 0 0 678 886 159 735 369 0 978 0 0 49 443 0 592 847 337 0 0 3 185 140 160 354 60 312 0 348 0 0 0 802 0 0 0 0 771 384 65 381 713 30 0 0 921 564 0 812 953 0 354 713 0 610 0 0 0 39 637 0 254 612 0 0 697 0 2 0 0 0 477 896 0 679 0 0 915 920 155 572 573 721 0 434 549 679 932 147 300 309 500 279 922 112 21 195 701 911 794 38 0 892 134 0 203 351 818 0 602 582 23 513 145 0 366 118 41 0 0 457 42 745 0 936 0 847 712 461 180 124 379 602 187 204 636 295 0 154 557 951 0 378 0 795 856 0 0 696 0 543 346 551 0 790 214 0 738 516 744 546 0 346 541 861 185 0 947 0 322 0 0 835 502 0 783 341 749 98 405 439 0 0 720 536 911 0 0 885 665 836 972 483 0 0 0 342 824 484 0 0 787 150 87 180 966 0 0 0 595 0 764 174 640 7 0 0 0 384 803 990 0 550 90 78 802 857 495 248 268 165 579 
727 250 0 0 0 537 533 663 72 845 287 0 555 347 919 733 0 49 0 280 616 398 0 174 2 764 311 465 0 804 676 0 108 0 949 345 0 201 0 120 530 233 579 806 0 714 299 0 0 715 0 668 0 0 466 611 726 0 709 245 750 783 840 212 13 266 490 824 372 9 581 261 782 323 0 0 956 659 0 526 369 51 224 0 487 889 473 731 858 0 0 872 105 0 658 0 580 835 635 155 417 245 295 0 0 264 0 430 0 0 152 80 957 0 187 545 396 0 506 259 625 0 0 0 634 990 942 190 29 0 0 896 152 40 0 0 380 0 0 373 126 0 0 0 292 0 0 825 406 0 183 0 0 223 206 36 0 0 32 0 50 454 562 0 24 132 602 0 0 0 0 0 735 0 234 0 0 0 0 734 630 224 458 954 978 0 60 547 516 607 0 881 530 0 0 0 174 0 0 0 559 202 182 355 0 325 404 153 23 0 0 91 620 498 5 196 270 733 849 51 171 556 322 371 759 892 366 19 0 277 181 146 796 745 218 794 0 245 
484 153 853 0 0 410 670 19 257 0 541 330 441 0 684 860 0 443 280 0 959 187 0 388 550 151 296 963 914 317 249 0 819 278 39 96 487 0 7 0 614 189 772 932 0 0 696 0 71 189 0 968 25 0 0 882 933 768 543 3 54 0 609 828 632 91 968 472 464 864 0 638 813 835 111 173 757 110 97 84 766 487 569 76 0 0 0 283 483 286 998 562 328 692 0 276 965 33 0 88 126 518 0 0 0 611 539 12 165 864 766 298 0 302 0 0 0 755 289 95 0 381 493 413 191 263 574 535 513 395 0 449 609 568 528 967 306 797 0 37 948 161 442 0 60 0 710 0 134 0 846 593 0 228 47 0 0 747 944 440 0 988 991 754 524 200 98 540 463 199 798 0 275 0 982 311 489 831 900 0 0 239 0 522 106 718 314 847 584 0 780 266 0 228 534 927 836 0 960 974 293 287 703 416 879 0 993 827 297 150 732 869 0 52 641 794 214 796 791 216 115 0 72 311 995 798 406 280 393 8 865 0 275 47 0 595 724 803 
582 220 0 228 940 300 513 299 128 365 138 737 353 0 0 827 656 0 616 959 0 0 0 501 225 804 28 78 0 0 621 265 990 122 259 678 0 781 0 973 286 936 753 200 0 648 34 347 0 896 0 947 357 37 295 0 261 145 751 698 0 376 944 0 437 998 66 0 627 143 343 64 512 23 969 275 0 0 622 0 596 354 452 178 138 319 61 0 722 430 954 97 96 276 140 991 668 887 37 916 236 0 964 917 720 0 0 0 440 245 345 564 0 911 19 0 0 0 841 41 72 601 598 670 614 0 126 809 0 0 729 0 0 0 39 0 0 121 518 31 806 937 665 0 0 675 0 0 876 0 348 875 856 80 873 0 0 816 0 0 253 717 341 609 52 175 78 813 783 927 0 338 127 617 760 42 781 664 388 0 425 887 45 0 570 75 235 481 962 319 690 0 425 908 0 806 0 0 152 0 666 0 56 793 684 472 849 770 527 0 769 0 294 295 805 568 634 494 616 0 829 0 363 933 0 684 768 0 692 887 0 309 727 335 734 557 0 0 
779 0 383 7 417 110 199 0 257 540 618 973 207 0 609 0 415 592 398 187 0 0 144 199 627 0 406 91 625 97 495 0 891 290 821 0 198 744 881 672 80 811 411 960 0 314 451 784 382 244 0 0 600 193 91 356 208 854 976 0 606 734 941 0 648 325 193 0 315 430 739 0 786 959 0 586 0 732 731 471 342 337 806 0 0 592 554 0 5 455 0 416 45 802 0 0 0 713 0 663 497 54 857 509 0 961 0 566 233 449 699 541 0 275 556 0 0 779 0 763 146 304 893 480 436 0 0 67 888 611 579 163 406 0 980 8 904 743 737 0 0 961 89 152 82 766 0 732 578 900 23 80 0 464 0 365 0 0 858 127 0 4 688 0 0 510 0 0 179 667 495 516 708 487 0 957 0 0 677 180 80 524 973 0 0 773 117 356 97 161 0 694 0 666 0 24 788 233 0 366 160 13 122 0 54 630 617 644 190 414 0 0 789 0 839 330 0 689 449 146 817 884 0 892 0 479 886 951 509 0 370 798 0 0 240 0 639 87 
881 917 973 110 865 0 294 257 580 805 676 201 794 312 970 323 797 847 0 0 0 144 0 513 0 810 0 0 608 153 0 590 0 884 571 0 0 943 228 0 0 198 323 86 970 492 898 0 0 0 10 791 595 981 0 155 931 0 777 0 489 205 534 113 392 970 0 402 0 233 284 567 335 0 961 215 0 722 956 886 413 518 41 334 111 0 620 138 449 80 310 0 553 980 336 509 474 721 927 776 944 319 52 0 0 872 0 940 40 961 0 0 74 51 204 756 0 391 0 764 0 799 554 0 459 433 157 0 752 0 584 64 584 125 0 787 676 898 380 0 496 545 389 255 0 174 0 508 0 458 850 752 0 0 0 747 252 706 0 0 995 136 584 772 0 0 845 918 836 398 0 586 231 747 902 0 240 0 533 816 990 643 809 164 0 844 734 263 179 803 516 483 981 504 146 674 758 0 0 631 0 567 970 979 250 390 513 409 558 49 698 559 853 184 172 798 0 108 437 819 392 501 0 674 532 0 531 0 0 269 575 620 38 469 955 774 846 913 
79 0 423 0 0 260 0 499 0 0 0 688 375 128 645 149 594 337 174 388 501 199 513 0 918 0 917 0 641 0 671 0 735 0 325 856 0 598 506 788 0 0 0 427 922 748 257 0 0 357 190 881 217 276 449 903 122 0 408 537 0 374 546 0 84 230 798 394 867 998 0 24 0 921 804 0 0 287 0 319 0 167 567 201 746 0 101 537 19 595 80 349 882 0 326 0 108 687 0 666 435 965 0 878 273 959 373 0 840 0 294 545 446 603 0 856 715 497 908 581 307 625 891 491 701 0 581 0 0 695 827 938 0 0 0 619 187 315 266 1 0 421 353 0 255 0 119 382 861 0 769 0 0 0 295 14 288 538 0 217 454 0 397 372 0 0 746 759 413 0 472 272 138 0 0 8 48 372 567 291 638 691 564 976 0 0 299 541 0 902 261 524 648 0 77 836 710 520 755 684 999 476 676 164 0 621 69 548 902 0 933 6 432 0 36 205 160 0 810 0 348 302 666 0 0 672 0 541 879 468 459 851 772 488 0 0 921 35 
89 125 764 827 670 0 286 0 0 659 107 93 0 929 0 245 449 0 2 550 225 627 0 918 0 912 387 636 288 618 162 491 844 508 119 541 567 0 0 613 389 462 809 958 619 908 470 721 0 925 822 938 77 0 340 536 434 750 131 258 957 278 459 905 235 494 938 475 754 0 484 0 103 347 830 318 651 228 740 129 884 824 373 423 733 69 924 421 207 666 0 568 252 0 626 685 807 637 0 0 0 918 0 917 987 0 526 545 623 0 216 0 0 360 899 0 72 781 916 713 927 894 120 0 0 740 851 766 445 997 336 0 0 327 139 834 0 155 58 769 606 668 402 488 0 330 996 0 597 693 111 249 0 600 908 0 90 688 473 248 50 151 586 0 790 297 432 0 0 680 227 684 187 880 561 948 990 128 313 463 0 0 513 0 0 675 371 0 171 508 866 0 973 827 565 0 699 956 742 429 0 541 364 171 272 114 66 0 0 555 824 549 452 0 0 983 981 964 0 522 847 0 0 203 0 737 152 643 0 717 873 164 759 0 518 598 0 768 
704 183 0 637 957 280 702 531 783 362 0 91 0 217 0 0 0 0 764 151 804 0 810 0 912 0 196 434 634 550 0 332 902 978 663 954 416 508 931 950 613 279 237 675 122 606 33 961 82 491 457 0 450 0 971 103 792 841 541 0 31 187 0 0 0 955 86 494 900 814 976 126 461 856 810 731 0 0 0 468 546 0 723 0 510 431 866 371 0 943 0 407 885 865 0 379 431 681 895 222 302 0 65 206 647 775 56 650 296 164 0 297 0 0 88 162 850 574 0 0 0 0 682 753 874 932 640 91 0 115 784 0 40 694 733 537 0 238 788 199 528 700 90 443 165 855 177 980 722 959 365 760 367 837 452 127 0 0 760 687 983 608 173 527 0 112 0 151 0 113 275 583 582 894 0 0 86 274 0 611 250 0 233 177 0 912 652 682 661 117 388 0 0 866 0 624 572 696 629 0 543 561 177 908 953 795 328 307 0 0 0 796 58 850 645 608 520 0 623 997 782 567 444 464 0 926 353 0 410 0 494 1 0 647 405 781 0 903 
0 749 846 140 0 0 362 0 0 779 575 0 488 967 0 937 0 3 311 296 28 406 0 917 387 196 0 34 778 578 31 34 535 866 0 817 0 313 33 909 444 559 727 427 372 690 438 820 350 573 808 791 999 172 786 476 677 0 59 0 0 0 51 40 0 693 0 728 309 889 0 624 0 752 380 0 0 956 207 0 3 0 0 477 930 655 0 151 660 322 265 0 37 799 685 834 425 0 258 0 0 0 0 769 325 990 150 0 39 848 516 0 0 256 781 608 392 147 744 345 0 188 875 0 195 251 87 46 124 251 148 334 716 121 827 0 132 0 814 483 0 0 412 58 396 979 866 304 0 854 119 272 23 853 913 0 0 938 799 350 676 870 239 512 177 0 0 709 564 619 725 710 0 0 704 367 709 0 489 187 117 0 0 142 734 885 567 584 607 382 752 211 0 208 421 0 425 0 481 0 54 0 0 783 20 0 899 0 0 0 507 0 776 0 777 201 0 0 0 0 0 115 692 712 270 909 0 233 24 284 630 3 846 160 402 684 0 950 
0 315 0 882 0 670 886 779 613 118 580 755 975 364 287 212 425 185 465 963 78 91 0 0 636 434 34 0 764 37 45 155 641 0 256 57 370 782 336 0 464 490 411 0 0 0 251 980 245 540 525 0 0 949 0 974 0 880 0 652 959 222 511 935 992 714 0 118 650 253 118 0 848 0 851 300 6 648 566 852 451 285 43 90 0 308 223 0 603 143 0 0 235 0 0 933 447 188 0 0 933 181 967 0 321 0 0 192 107 0 0 0 953 0 307 0 924 695 303 0 311 95 410 0 859 218 426 912 40 0 802 634 751 507 0 0 950 0 761 714 0 729 156 449 0 140 956 811 932 62 525 458 0 582 659 359 515 644 386 602 305 743 117 246 0 200 968 550 742 501 473 127 82 949 894 690 688 394 758 483 335 336 682 815 345 195 817 824 131 0 880 196 486 790 115 494 826 932 880 259 860 720 393 506 0 0 378 0 161 417 0 490 0 753 0 627 993 241 347 0 536 671 0 58 759 0 792 921 553 887 0 225 54 585 272 0 502 862 
720 68 0 94 217 0 688 805 0 153 0 721 100 713 240 506 596 140 0 914 0 625 608 641 288 634 778 764 0 153 733 759 12 407 842 0 406 0 0 352 366 786 57 0 414 546 841 144 0 323 543 0 0 539 955 424 537 493 0 689 280 942 643 0 0 681 189 515 157 708 483 489 436 50 0 274 0 263 289 306 618 553 0 0 0 817 125 0 722 0 537 555 0 0 59 688 436 596 0 264 900 803 224 284 676 618 768 127 199 561 153 0 932 279 97 719 19 628 231 0 0 670 598 124 682 0 0 112 722 171 113 809 863 678 805 0 0 265 676 508 827 302 9 634 566 107 55 687 127 216 381 299 0 997 501 0 0 208 240 489 928 200 0 0 244 0 0 448 786 539 661 0 845 726 0 999 0 307 0 0 997 0 289 0 745 677 645 60 211 251 648 0 911 931 704 550 10 0 673 832 731 973 1 0 971 633 47 742 0 838 0 170 294 706 640 0 0 922 386 603 0 0 101 0 99 131 619 963 567 0 807 958 516 0 0 279 720 0 
14 758 457 0 825 656 543 887 572 894 106 223 226 119 0 0 344 160 804 317 0 97 153 0 618 550 578 37 153 0 264 567 249 118 0 876 743 0 734 962 784 0 0 0 0 317 0 0 624 872 856 727 855 92 749 56 481 0 335 0 578 927 195 0 464 346 460 0 0 185 473 830 649 2 372 672 256 0 340 854 0 481 242 974 0 881 892 0 273 0 0 325 88 725 684 286 0 714 0 541 49 0 805 358 265 164 0 317 11 563 0 752 601 698 966 276 749 0 64 738 0 30 0 36 241 34 0 639 4 815 429 0 0 0 843 0 666 975 35 308 661 596 0 124 140 0 0 0 911 0 584 937 372 0 702 96 546 0 843 652 444 193 406 230 0 701 0 2 831 971 197 403 71 839 666 362 124 321 763 252 864 833 0 0 980 324 889 17 0 452 664 665 939 0 0 0 307 864 0 889 770 653 0 0 595 225 0 0 781 268 150 964 105 716 832 419 192 0 348 394 590 948 0 275 973 514 114 223 87 551 938 0 0 724 7 635 862 0 
601 546 704 167 464 0 626 588 969 460 737 808 0 185 267 0 577 354 676 249 621 495 0 671 162 0 31 45 733 264 0 595 936 621 604 0 174 667 539 516 302 910 514 28 0 782 0 46 114 695 0 564 0 397 739 756 0 282 83 869 375 393 678 231 873 951 434 322 0 753 0 311 0 386 513 111 0 483 595 183 614 0 836 212 987 39 608 306 304 0 916 42 295 903 0 34 162 0 464 0 0 181 412 949 931 447 381 916 687 343 0 359 637 482 105 276 0 560 372 622 948 513 699 714 768 0 908 0 312 374 548 264 0 0 0 0 208 693 847 180 549 934 642 951 0 0 204 437 388 567 793 319 121 959 0 0 0 338 515 0 569 0 309 980 864 265 58 901 401 149 87 0 628 688 0 618 0 578 263 966 522 140 164 77 887 507 651 566 265 652 884 948 693 970 0 571 146 882 0 144 690 15 0 0 740 0 301 0 591 556 151 515 499 230 919 776 0 985 529 0 15 608 134 0 268 46 762 446 769 763 926 232 0 86 0 566 452 584 
548 996 204 441 744 187 930 0 369 937 0 623 185 818 352 996 867 60 0 0 265 0 590 0 491 332 34 155 759 567 595 0 0 705 335 0 0 666 0 887 781 0 447 978 908 485 493 191 151 744 947 381 0 858 117 507 947 0 927 180 362 897 0 17 0 0 0 477 0 899 0 509 616 97 622 0 0 0 359 944 999 0 703 767 422 0 18 380 234 317 225 734 937 272 841 525 0 709 522 967 253 887 0 704 518 49 0 255 370 522 154 131 24 0 0 854 294 406 157 419 257 8 573 677 153 96 428 259 890 0 686 0 962 0 851 93 223 601 639 0 293 207 0 880 95 0 820 0 0 6 0 541 323 0 55 432 0 0 13 0 638 0 745 552 415 0 891 446 395 994 738 990 164 618 31 194 899 110 832 0 0 202 283 821 418 678 262 255 57 0 0 919 419 0 842 420 964 12 582 728 0 819 0 631 457 696 225 472 116 0 108 545 712 437 318 633 711 600 430 0 417 59 796 222 0 854 231 885 206 26 286 396 731 583 0 154 553 119 
0 875 343 251 254 437 66 78 593 856 620 0 623 0 0 51 95 312 108 819 990 891 0 735 844 902 535 641 12 249 936 0 0 6 683 995 0 124 6 337 108 909 0 144 0 831 951 961 25 305 289 93 787 308 4 0 0 887 0 829 707 465 774 0 781 0 669 400 910 111 0 100 295 0 822 187 0 187 0 0 995 119 989 0 347 0 0 258 420 0 0 361 996 0 25 448 138 884 0 423 97 631 378 0 92 771 0 660 226 180 725 46 949 770 205 0 503 69 14 277 0 893 941 840 0 771 909 0 0 0 680 711 0 638 0 994 500 527 128 757 0 0 212 459 0 271 609 2 863 528 0 855 527 640 500 821 64 980 398 750 585 938 487 274 717 166 999 167 284 309 351 226 246 0 201 61 771 454 412 968 0 880 97 0 451 0 164 0 498 445 712 661 802 938 865 831 468 865 0 0 997 958 579 750 488 278 871 0 188 530 780 190 677 609 6 980 258 339 601 19 0 745 630 810 939 84 968 403 28 0 261 0 268 0 0 0 0 751 
151 377 225 864 410 477 501 986 922 0 818 0 614 139 0 0 889 0 0 278 122 290 884 0 508 978 866 0 407 118 621 705 6 0 862 0 0 159 0 81 77 0 0 913 0 729 0 977 83 0 745 26 560 0 630 408 0 754 963 977 949 932 944 792 828 465 43 0 717 410 0 0 756 340 0 481 887 766 177 345 155 847 845 729 0 0 0 931 0 0 870 777 0 534 821 599 335 0 210 926 508 0 4 0 0 125 341 0 421 545 0 434 133 836 913 302 269 976 792 916 450 8 663 497 0 0 448 471 803 809 748 195 88 998 96 799 691 0 80 856 289 706 736 476 684 0 229 844 0 322 0 0 838 121 497 735 0 0 678 0 655 930 0 0 369 572 0 951 0 168 0 396 731 608 0 854 454 0 566 203 650 618 389 516 799 31 537 305 0 556 749 534 438 0 212 757 270 326 0 814 0 337 116 720 669 0 325 81 0 88 0 844 573 375 774 438 911 982 0 922 232 59 219 0 183 524 838 853 456 531 431 0 620 873 852 283 0 918 
107 926 0 894 287 693 99 0 437 342 0 0 812 369 921 572 919 348 949 39 259 821 571 325 119 663 0 256 842 0 604 335 683 862 0 330 558 489 0 536 886 350 496 274 306 810 485 274 522 0 873 0 413 79 965 757 449 293 73 723 173 179 0 535 0 50 827 804 989 673 142 435 147 765 609 470 697 733 715 0 305 967 0 0 0 123 304 244 0 283 0 650 0 396 967 222 199 742 167 110 568 416 271 146 0 512 249 58 0 346 907 217 71 569 737 0 0 353 0 900 207 87 338 795 0 620 984 205 0 950 0 306 526 0 932 130 0 837 0 0 217 0 551 455 0 600 309 550 0 664 138 0 110 376 542 0 0 912 322 971 0 368 988 359 601 643 206 0 186 23 0 112 777 991 460 313 0 938 538 0 0 753 952 222 0 671 338 233 938 0 396 116 0 396 755 37 753 311 0 0 594 823 291 0 309 412 40 378 0 411 140 601 111 89 0 421 959 157 461 0 0 896 0 337 135 672 0 542 782 911 384 0 54 0 0 0 615 439 
49 0 0 0 953 732 777 908 655 531 0 863 521 0 826 0 837 0 345 96 678 0 0 856 541 954 817 57 0 876 0 0 995 0 330 0 520 343 487 513 0 0 0 0 0 0 883 564 120 804 477 438 421 604 0 0 0 851 366 574 0 382 923 0 403 0 0 123 652 722 801 689 176 300 41 0 0 668 61 0 133 626 733 0 179 0 633 22 0 803 381 93 400 194 308 329 274 0 758 472 686 718 500 741 742 287 321 0 0 736 692 84 469 679 539 935 146 983 816 182 252 738 0 716 409 193 989 0 0 839 396 358 0 823 739 0 0 741 569 149 0 756 472 880 942 587 982 841 63 537 587 241 808 968 69 309 85 0 833 0 381 8 784 595 467 637 0 977 422 727 843 884 829 960 373 457 159 22 47 404 529 612 895 312 0 800 150 210 474 369 200 488 82 463 680 372 301 967 0 875 675 933 413 631 0 0 515 529 376 768 922 87 155 0 0 631 972 370 0 215 560 614 413 0 842 974 610 0 693 511 944 134 476 0 0 371 35 0 
177 367 260 394 255 934 0 863 128 638 450 549 58 0 0 199 396 0 0 487 0 198 0 0 567 416 0 370 406 743 174 0 0 0 558 520 0 765 627 783 594 761 717 174 785 865 0 344 982 0 738 214 859 324 606 0 695 980 774 950 0 435 978 582 409 605 437 936 613 567 344 0 0 927 322 974 157 765 698 824 54 716 70 481 0 856 0 454 66 923 0 413 0 216 0 922 509 0 361 27 729 309 0 334 369 664 0 541 215 749 640 339 58 0 872 0 0 157 259 466 0 418 856 752 791 431 291 945 73 944 0 151 655 0 0 54 180 232 0 303 0 20 626 577 106 849 220 176 18 425 52 49 875 651 386 538 612 59 129 881 150 0 0 701 926 966 171 55 230 769 4 771 776 305 132 169 752 169 426 567 699 935 488 119 872 759 0 0 990 113 946 110 786 146 257 781 739 142 16 631 974 0 0 294 278 659 136 0 669 985 873 814 174 874 937 433 0 18 327 481 171 0 0 87 0 598 0 0 861 452 0 30 602 213 359 313 429 782 
58 862 291 589 0 97 0 50 627 3 95 822 572 958 61 772 0 0 201 0 781 744 943 598 0 508 313 782 0 0 667 666 124 159 489 343 765 0 375 121 462 0 0 928 0 384 516 315 39 520 276 0 307 856 878 489 142 261 183 247 200 264 869 777 89 646 701 0 370 688 649 452 0 30 370 0 671 0 959 558 518 178 0 831 386 17 194 567 314 678 179 0 855 489 334 0 823 881 912 729 577 0 0 94 654 0 0 893 471 0 610 0 428 550 0 0 752 258 507 551 574 340 0 249 245 0 912 158 968 0 662 918 64 0 0 0 880 421 587 540 0 833 76 352 0 0 410 133 25 481 146 358 920 534 873 0 357 867 0 216 306 933 486 30 0 325 597 311 0 207 0 358 553 398 261 306 981 573 342 999 446 424 0 803 384 174 715 427 931 926 0 345 391 693 896 588 142 837 0 71 0 200 505 474 594 0 0 957 973 320 745 666 0 753 501 278 0 249 775 0 396 359 57 0 817 501 585 0 193 331 640 676 0 346 503 43 682 823 
515 287 482 95 466 687 0 960 0 578 569 910 998 0 846 776 0 802 0 7 0 881 228 506 0 931 33 336 0 734 539 0 6 0 0 487 627 375 0 886 0 654 137 932 517 358 758 788 8 240 96 174 0 82 551 733 312 511 440 274 578 854 352 0 463 0 559 941 0 0 694 0 240 606 3 676 295 950 703 804 97 0 798 0 477 613 0 481 726 980 680 204 38 211 233 998 694 133 742 268 250 599 970 758 0 0 293 541 0 667 144 0 569 0 288 740 309 567 0 53 0 855 192 807 590 809 0 340 0 0 0 555 656 925 0 0 198 64 0 38 884 482 0 223 0 556 396 440 827 628 0 360 207 0 441 44 309 47 0 0 434 188 859 660 288 0 36 882 572 827 737 770 583 211 0 0 508 247 672 222 291 164 457 54 512 883 439 798 484 727 598 0 863 895 231 0 540 918 474 0 903 335 119 406 393 328 97 0 830 536 633 577 729 46 73 850 0 0 823 0 0 0 0 171 356 0 88 177 976 858 442 782 0 995 0 382 220 837 
930 0 228 811 945 912 162 0 943 707 319 428 347 565 0 322 723 0 120 0 973 672 0 788 613 950 909 0 352 962 516 887 337 81 536 513 783 121 886 0 119 898 292 0 978 0 385 305 319 925 682 750 382 0 654 0 0 537 223 0 521 658 665 145 176 286 0 107 578 656 81 491 0 683 126 533 54 91 480 599 0 452 982 213 0 0 350 338 413 476 0 0 809 998 140 0 933 767 530 0 270 48 918 807 796 438 0 122 842 0 847 635 0 271 359 356 418 0 356 778 452 490 425 824 758 652 810 193 0 568 333 0 400 0 0 0 762 86 357 0 489 677 159 687 147 153 0 88 975 0 0 722 0 221 0 174 207 481 292 0 687 282 0 0 959 604 757 921 444 0 225 244 379 0 386 697 0 389 262 537 987 693 238 330 328 147 0 0 660 0 0 31 0 503 570 976 0 868 252 0 497 426 226 356 549 0 686 54 518 879 501 818 20 375 900 6 503 788 493 7 0 247 826 662 473 0 213 0 847 477 0 396 222 108 0 59 216 962 
509 934 981 387 512 718 635 511 299 550 810 167 0 446 158 998 904 0 530 614 286 80 0 0 389 613 444 464 366 784 302 781 108 77 886 0 594 462 0 119 0 306 0 490 858 216 87 780 277 717 40 596 683 507 989 596 992 0 0 91 717 22 241 510 0 0 0 0 995 417 446 0 255 704 14 341 0 0 0 598 774 243 342 208 829 479 0 13 105 0 641 0 762 151 466 251 267 0 987 0 217 716 36 644 0 683 467 308 248 188 117 379 435 907 0 34 0 442 437 629 972 722 0 821 939 167 566 968 0 567 92 328 493 540 441 125 694 996 740 708 697 0 317 772 0 594 0 969 0 0 832 0 481 407 0 757 467 168 0 0 244 0 0 0 62 0 52 947 136 467 278 941 201 891 437 990 0 587 795 591 588 944 784 764 747 328 423 273 781 71 880 602 416 982 0 978 0 964 915 798 349 963 422 0 3 0 711 314 863 635 959 981 669 777 190 871 830 506 0 229 800 745 183 134 123 0 676 115 0 0 374 0 0 0 850 717 108 728 
401 500 835 0 238 0 0 236 473 465 76 486 0 0 0 508 980 0 233 189 936 811 198 0 462 279 559 490 786 0 910 0 909 0 350 0 761 0 654 898 306 0 281 0 881 750 0 537 560 556 0 299 943 510 0 824 232 121 0 0 743 0 587 72 0 0 973 0 202 122 985 383 0 340 771 13 316 105 794 831 0 186 28 650 933 667 0 0 282 23 0 836 0 344 169 959 328 166 0 648 0 0 279 461 0 161 0 438 359 623 242 964 860 531 554 599 959 434 132 440 879 68 0 0 280 449 0 695 0 314 104 527 0 0 640 0 750 804 603 445 917 0 223 0 0 0 990 511 593 0 454 7 0 550 177 647 0 634 0 544 200 0 0 696 565 38 0 165 0 0 0 494 965 230 127 355 913 0 0 527 420 173 592 0 0 0 606 175 36 773 575 0 742 0 645 529 348 96 0 0 78 366 755 0 0 0 0 786 53 25 0 706 631 575 618 996 162 418 624 881 373 268 0 250 516 0 138 967 0 453 872 158 440 0 573 803 0 0 
894 0 0 0 242 848 926 954 0 872 763 0 0 980 188 556 804 0 579 772 753 411 323 0 809 237 727 411 57 0 514 447 0 0 496 0 717 0 137 292 0 281 0 0 189 739 0 688 0 893 324 986 0 620 249 737 49 222 0 380 836 456 434 0 486 0 853 197 918 362 58 539 403 706 0 0 0 454 948 548 568 732 570 816 710 0 0 425 0 0 628 312 456 444 730 246 0 427 727 757 869 748 204 936 182 12 775 200 27 647 0 40 563 431 580 122 0 726 0 77 124 0 888 857 286 0 916 222 129 704 622 0 672 720 0 853 36 0 633 24 183 980 538 0 579 475 0 107 836 230 484 0 0 0 0 299 377 511 78 0 0 0 819 77 638 862 803 266 0 295 17 881 601 707 961 251 57 198 297 760 51 561 0 0 31 0 700 0 369 393 640 0 164 993 808 297 432 462 660 0 960 904 761 22 0 654 216 172 0 981 866 484 0 434 0 356 813 194 587 729 944 547 592 295 716 0 385 917 555 962 810 938 360 0 311 0 843 63 
924 782 0 0 0 80 750 51 793 0 992 0 264 252 501 0 0 771 806 932 200 960 86 427 958 675 427 0 0 0 28 978 144 913 274 0 174 928 932 0 490 0 0 0 276 659 714 580 0 826 0 0 648 335 80 648 0 443 701 153 0 556 810 976 866 165 731 237 500 365 0 831 163 97 771 198 0 645 362 144 986 0 0 903 0 271 10 771 773 0 787 0 580 285 505 577 217 0 584 605 908 587 0 189 276 173 246 488 136 0 384 163 0 232 870 910 543 661 407 331 755 506 604 968 673 772 580 228 552 0 859 496 485 0 383 4 729 131 206 580 326 986 763 0 918 243 0 873 685 235 515 904 210 25 120 0 0 30 0 0 258 429 839 0 632 499 557 842 0 354 983 30 0 736 305 464 0 687 0 606 0 511 731 513 0 309 0 0 728 797 0 730 63 463 684 0 243 234 636 922 0 0 647 852 549 543 0 0 0 608 660 252 699 18 599 704 547 366 273 553 599 811 813 0 0 181 0 517 816 0 0 0 0 0 0 0 188 436 
329 126 148 0 0 251 510 0 858 81 1 930 854 492 727 55 925 384 0 0 0 0 970 922 619 122 372 0 414 0 0 908 0 0 306 0 785 0 517 978 858 881 189 276 0 0 944 0 89 32 331 942 0 185 14 0 561 0 692 0 946 336 235 744 547 550 124 565 350 33 0 0 631 830 0 105 0 500 520 656 22 669 0 664 278 0 0 972 88 191 535 0 14 821 921 628 759 24 288 0 0 820 567 280 27 0 767 894 301 0 629 57 0 476 219 681 152 0 143 0 988 771 874 380 768 561 648 0 0 327 930 0 355 0 161 265 980 224 0 683 326 740 434 774 835 788 0 159 0 271 0 218 943 755 871 390 637 878 4 686 382 420 448 858 187 775 0 599 0 936 0 0 288 106 11 972 869 0 263 281 0 887 0 17 174 476 0 0 131 28 303 710 250 401 696 866 279 55 533 368 0 75 52 336 919 510 270 605 78 85 0 156 649 0 0 234 155 0 548 210 609 378 759 845 864 165 0 101 386 0 808 0 0 697 353 106 964 577 
86 962 959 682 786 770 157 0 621 35 0 929 535 324 150 0 0 65 714 0 648 314 492 748 908 606 690 0 546 317 782 485 831 729 810 0 865 384 358 0 216 750 739 659 0 0 0 636 0 0 390 972 375 136 460 13 772 913 400 0 295 0 0 354 813 821 0 267 0 62 745 697 0 477 711 516 711 0 0 225 832 760 482 866 929 437 398 0 439 0 286 439 125 815 931 88 0 436 585 488 105 734 458 416 0 389 449 0 0 0 0 140 731 275 0 0 246 895 0 0 873 504 549 112 0 0 212 648 786 606 918 247 0 0 908 721 156 36 692 298 346 833 222 0 587 366 848 697 557 0 0 524 551 83 764 94 340 148 964 597 0 174 0 772 0 935 572 966 489 895 479 733 985 532 486 151 0 436 611 157 155 0 958 52 667 0 0 195 816 0 423 0 0 443 0 0 807 916 0 952 874 0 234 865 194 186 360 0 295 385 0 0 367 922 827 240 0 780 0 0 0 512 703 0 0 0 529 257 126 0 558 754 815 692 144 0 698 94 
820 672 798 403 597 522 660 0 584 547 954 852 821 852 726 663 0 381 299 696 34 451 898 257 470 33 438 251 841 0 0 493 951 0 485 883 0 516 758 385 87 0 0 714 944 0 0 0 897 885 63 406 0 0 0 0 0 0 829 955 19 707 319 912 366 441 257 348 327 69 876 533 144 412 777 0 5 550 69 762 0 18 66 673 653 993 522 473 258 519 617 935 0 0 957 801 868 0 641 147 0 0 556 189 919 304 753 902 612 690 998 331 937 759 57 42 0 0 238 772 618 793 217 494 726 0 674 142 384 6 0 639 482 850 574 256 573 0 131 856 113 658 63 0 174 718 418 182 825 97 805 443 798 798 0 337 927 64 368 407 840 874 982 76 748 0 0 0 0 797 43 732 728 0 0 317 0 128 267 517 589 757 718 0 161 0 183 545 565 631 938 965 0 0 192 955 276 634 609 612 133 737 992 234 474 723 552 45 0 0 0 852 307 304 348 120 0 978 971 0 747 437 0 72 328 27 577 673 0 485 383 626 584 797 159 32 890 659 
250 265 374 702 982 626 79 78 0 0 900 0 0 0 237 0 628 713 0 0 347 784 0 0 721 961 820 980 144 0 46 191 961 977 274 564 344 315 788 305 780 537 688 580 0 636 0 0 408 0 648 0 0 0 689 0 0 713 0 982 130 415 491 0 285 239 323 902 34 615 420 663 363 3 404 0 978 688 811 431 18 758 758 314 570 273 658 374 715 482 0 382 452 53 496 0 190 466 509 608 576 248 348 143 257 948 629 727 950 968 861 9 389 232 245 409 0 718 930 922 169 189 54 524 874 444 730 0 789 944 118 0 767 0 667 463 754 992 80 717 0 612 564 980 193 0 714 617 944 986 0 5 0 987 388 865 215 0 0 305 975 0 478 533 64 0 801 0 948 0 634 242 691 109 0 0 625 488 553 0 781 201 0 85 710 0 130 978 232 346 0 103 506 941 775 319 0 0 941 933 0 797 595 871 0 585 126 475 0 15 152 45 0 396 0 0 457 47 374 361 531 222 522 296 0 0 584 0 281 194 353 185 0 282 123 744 0 685 
726 0 147 0 875 672 798 908 335 0 788 930 286 657 0 233 335 30 0 71 0 382 0 0 0 82 350 245 0 624 114 151 25 83 522 120 982 39 8 319 277 560 0 0 89 0 897 408 0 793 445 488 359 0 871 125 916 813 0 0 304 922 408 76 700 0 717 210 682 813 295 512 739 282 619 71 908 14 464 148 181 113 897 526 0 468 189 577 433 126 823 260 0 0 0 0 484 57 96 455 527 728 372 0 8 0 62 426 127 389 363 433 0 81 0 0 79 36 381 358 4 396 0 475 0 245 0 88 695 716 540 0 0 354 870 741 217 477 201 0 0 870 0 358 0 257 906 0 371 922 707 359 619 0 121 0 0 0 235 851 0 24 839 241 959 462 475 41 960 0 945 574 34 701 317 0 718 120 21 610 825 0 162 549 0 0 958 571 320 0 297 407 971 0 200 661 425 854 963 19 622 209 424 470 792 0 450 275 492 711 160 104 283 115 0 682 844 859 806 115 391 0 564 415 265 716 157 707 582 549 827 926 0 281 531 0 466 792 
