0 223 833 201 0 362 48 0 0 0 0 425 362 0 415 238 0 0 264 800 221 994 243 260 464 0 203 439 423 0 921 0 606 869 781 678 266 189 208 263 562 637 0 510 242 727 0 0 660 832 468 349 0 264 33 418 0 441 750 292 532 930 225 851 81 78 0 0 825 0 0 718 413 436 976 527 569 961 735 897 973 0 7 561 619 316 232 0 962 0 0 88 911 0 0 705 0 151 357 0 144 395 594 106 891 819 0 628 0 241 925 181 526 124 20 376 747 775 0 445 588 439 641 359 127 0 553 493 35 313 0 865 658 113 639 763 179 527 0 899 58 272 468 632 73 875 150 254 265 396 62 38 196 427 516 397 0 0 368 334 213 79 952 776 561 0 0 563 0 782 0 0 594 302 0 0 0 664 281 578 0 689 370 557 318 400 888 937 399 0 225 55 0 686 118 886 913 932 126 0 689 509 895 212 0 181 830 0 2 239 0 5 114 476 253 34 0 432 740 850 359 537 677 612 890 961 274 451 291 950 144 0 516 318 0 352 413 0 469 0 894 0 342 0 87 0 854 56 838 0 710 66 344 0 629 0 500 18 796 589 398 450 973 665 194 108 671 609 728 100 217 600 0 400 176 335 91 0 988 777 606 890 982 430 305 949 468 0 98 0 307 964 0 108 542 890 834 881 0 893 519 86 790 67 147 638 123 655 466 304 930 359 235 203 194 417 958 202 274 0 23 724 755 401 0 662 0 960 43 
223 0 353 854 929 0 998 724 358 785 0 897 562 940 167 0 229 325 754 0 588 15 942 70 0 246 0 438 995 0 457 0 0 310 485 169 8 973 816 593 682 251 134 0 259 641 448 818 958 277 0 999 0 614 406 132 697 857 0 380 677 502 98 304 748 133 63 207 58 972 482 507 528 0 554 853 633 948 0 0 0 359 579 0 58 0 281 918 30 713 820 173 389 501 803 677 679 0 0 0 837 226 0 967 417 0 255 599 288 518 507 369 0 0 0 904 819 0 170 961 397 261 0 0 511 103 0 0 877 34 0 946 360 202 265 539 0 744 0 969 210 777 510 0 392 618 572 210 580 655 399 188 445 235 189 0 544 105 793 477 0 194 782 0 0 0 619 126 413 0 0 407 0 867 0 232 418 137 95 446 216 330 999 0 672 154 0 0 0 0 0 974 0 0 459 0 840 888 780 0 0 43 346 0 982 688 0 76 905 0 0 675 0 0 581 488 527 17 267 0 329 475 835 251 925 732 0 143 322 0 409 174 199 733 537 609 91 35 854 0 648 332 547 611 609 137 920 936 658 813 0 423 299 36 349 844 56 0 0 222 960 17 541 147 0 710 409 370 214 869 42 0 820 288 958 0 0 503 345 693 546 344 41 0 63 48 142 0 690 516 267 917 0 466 498 764 637 919 169 418 568 396 0 943 872 982 0 284 0 296 759 668 0 797 0 0 181 0 0 272 764 157 578 0 720 542 0 253 374 
833 353 0 0 637 0 430 157 0 0 446 712 791 669 0 0 467 285 965 669 0 938 123 409 0 356 685 65 518 297 798 442 215 871 568 803 302 31 334 0 116 380 571 0 530 0 143 463 0 0 0 754 0 990 307 60 0 0 250 699 576 0 441 118 0 68 781 897 0 0 965 0 299 0 891 892 186 397 0 0 757 789 501 39 0 0 158 924 783 893 412 0 863 0 0 738 712 535 0 611 155 398 569 97 0 107 0 0 334 532 0 0 957 365 0 0 893 456 801 626 475 620 707 0 813 0 0 226 798 817 0 0 551 594 0 643 31 394 0 340 66 564 380 21 0 0 0 937 254 718 0 366 792 792 127 178 237 996 152 952 481 999 165 389 846 0 739 773 566 0 620 126 220 422 814 677 27 0 981 0 0 224 431 346 901 938 666 659 836 644 961 788 341 953 102 129 572 0 204 0 400 0 245 851 565 510 142 736 361 473 331 309 398 488 612 481 946 0 557 678 413 333 719 816 0 44 373 343 0 93 117 0 0 722 0 878 453 280 454 771 0 0 0 690 281 465 0 0 864 727 445 352 0 493 0 928 815 425 962 869 0 0 860 0 931 789 144 429 0 468 0 510 334 0 874 624 0 481 0 926 184 719 0 0 304 111 118 0 796 938 703 0 0 917 642 31 0 0 723 216 0 609 261 873 753 165 975 0 449 175 669 367 31 0 0 0 923 1 241 224 0 31 764 794 100 0 646 0 678 
201 854 0 0 166 0 39 851 611 453 487 776 957 409 661 275 469 35 0 878 0 0 84 76 497 944 810 0 779 0 604 610 201 753 0 18 0 420 472 324 0 862 348 650 93 0 778 0 259 957 735 0 116 508 839 524 710 542 911 139 54 0 139 531 300 0 159 161 868 551 702 768 0 0 275 994 876 383 954 272 592 759 0 188 0 752 785 640 740 348 82 749 384 0 350 740 563 261 199 0 613 0 0 612 104 9 0 252 0 309 476 998 545 638 409 173 304 0 0 157 461 903 199 392 0 403 0 691 0 973 590 392 578 0 467 501 189 295 0 629 10 282 0 0 379 562 841 0 414 0 0 130 0 0 0 107 310 420 887 0 584 815 178 424 567 971 794 222 0 799 68 0 0 12 0 0 125 112 0 0 7 120 527 602 52 0 0 986 0 280 402 528 0 112 770 439 716 63 945 0 0 3 185 29 507 648 862 0 450 735 818 812 284 847 644 535 786 0 818 761 544 856 937 227 0 485 0 0 611 0 153 913 771 139 279 129 839 940 218 0 172 0 257 448 783 277 41 612 934 632 482 488 746 0 164 338 0 943 147 178 512 0 823 0 44 545 0 0 208 724 604 549 163 843 330 2 869 803 0 412 404 11 0 252 0 382 710 936 297 267 396 612 238 139 0 590 254 411 985 246 336 846 0 0 47 727 756 170 0 499 620 613 319 566 0 0 0 36 889 828 389 731 397 0 331 106 129 0 0 
0 929 637 166 0 148 239 613 535 759 167 860 499 20 562 0 0 137 132 102 248 485 847 0 213 0 658 458 242 103 620 605 839 511 756 301 411 554 0 642 764 781 975 955 13 477 560 0 0 0 0 869 913 0 0 267 565 0 0 212 333 0 0 543 644 742 0 0 889 171 685 693 0 604 363 219 161 845 351 11 700 0 879 300 188 981 546 404 346 0 660 963 0 43 505 0 908 344 0 78 79 493 442 0 703 133 758 809 582 302 298 0 0 496 0 0 186 127 0 140 69 50 9 0 169 865 823 33 0 48 13 54 415 0 118 719 520 0 0 53 736 1 86 841 0 731 264 949 961 0 619 0 408 567 407 232 0 972 647 0 665 334 0 0 346 635 563 828 307 955 0 0 0 413 637 703 437 275 661 764 0 0 553 0 380 319 772 515 732 284 778 246 432 963 784 677 133 54 656 259 0 0 138 691 933 0 202 868 482 120 299 0 771 0 920 861 907 117 464 577 601 654 457 189 458 0 954 935 453 857 815 528 186 921 500 288 344 0 0 425 207 180 709 595 385 0 0 0 5 822 339 440 216 0 6 435 742 158 85 153 358 39 4 838 678 530 687 19 128 1 181 164 882 908 16 232 0 833 725 524 0 65 965 702 839 275 148 753 129 940 21 412 916 173 603 0 667 307 766 537 454 634 962 602 0 883 655 553 694 0 0 50 51 700 844 592 968 40 814 0 782 407 577 956 211 9 574 937 330 
362 0 0 0 148 0 182 0 430 537 955 0 377 953 0 647 647 458 726 981 0 970 300 62 780 155 0 854 0 0 942 748 262 982 0 911 362 0 505 794 880 0 0 142 274 402 126 777 481 27 126 0 0 50 0 615 688 0 261 51 895 0 95 469 487 149 194 308 134 177 716 93 626 0 0 594 654 535 120 293 785 735 950 786 0 893 582 63 473 580 343 638 345 412 0 0 434 36 318 0 729 294 368 535 0 104 261 447 0 422 703 0 466 842 0 17 0 0 0 294 452 0 479 236 812 0 78 31 371 540 168 785 801 501 529 803 320 148 864 0 278 0 249 480 986 263 0 707 926 189 573 628 511 309 0 654 227 0 30 54 252 508 0 0 0 420 211 662 291 799 899 100 280 148 913 369 0 521 479 0 783 0 755 0 914 126 0 581 903 594 39 194 0 111 776 0 0 0 597 424 0 419 277 308 686 823 231 253 611 300 382 0 167 414 908 703 685 64 447 559 882 218 779 0 695 71 690 864 242 0 0 830 916 684 0 277 381 0 903 338 729 0 846 748 797 0 0 0 0 138 0 399 106 860 475 0 0 0 0 886 954 0 761 73 0 676 52 554 582 73 812 922 641 319 0 0 0 750 970 138 0 754 318 727 201 602 188 916 656 164 221 836 0 76 0 0 0 254 25 424 735 0 395 369 284 0 836 0 0 497 0 262 678 349 263 635 813 38 12 389 683 0 938 997 314 330 312 0 646 
48 998 430 39 239 182 0 580 0 348 321 16 180 136 899 952 356 0 16 517 865 113 0 707 858 606 136 0 858 263 600 691 0 856 262 649 244 982 675 544 165 0 478 932 611 867 683 855 576 502 493 774 831 0 395 0 129 336 221 0 770 287 585 0 950 228 0 568 0 418 152 0 0 0 815 215 910 13 730 884 827 633 696 591 744 789 0 0 345 75 242 473 0 988 585 503 0 747 335 0 649 450 599 459 0 914 0 494 186 708 380 786 105 923 176 943 343 0 0 428 110 581 0 752 55 0 625 0 0 0 719 809 395 0 725 83 493 713 236 0 912 878 695 272 861 0 569 550 563 163 0 89 455 948 592 891 993 0 0 861 567 355 1 0 329 722 912 763 662 253 122 68 610 281 0 639 852 399 377 813 0 47 599 0 662 381 0 250 258 223 693 853 0 488 942 810 0 13 656 0 855 528 0 987 537 58 639 0 0 400 439 633 806 574 245 868 0 0 113 450 527 572 0 0 25 122 445 0 649 0 20 24 720 0 129 630 0 0 673 760 761 148 0 701 648 879 104 870 849 0 568 0 2 0 244 0 691 181 214 813 998 0 648 778 908 668 837 925 447 0 969 199 514 281 900 316 302 0 385 641 0 801 0 663 554 95 29 754 470 461 426 418 360 824 133 224 0 587 716 435 880 361 367 443 0 657 794 954 21 346 816 0 682 840 537 0 149 651 71 546 566 113 48 163 72 808 690 195 380 
0 724 157 851 613 0 580 0 222 24 0 856 405 0 748 680 0 706 0 333 0 0 0 460 344 331 769 656 562 894 25 801 821 12 0 690 391 238 0 76 436 292 284 292 0 727 84 567 0 262 885 833 0 5 251 0 0 87 605 733 0 815 566 162 144 386 590 295 27 0 0 0 548 858 374 295 0 813 0 528 0 71 0 340 0 406 852 900 5 841 571 748 685 679 164 653 0 0 864 643 386 943 289 0 413 858 932 0 326 15 339 591 386 0 714 352 631 738 683 0 828 0 393 921 0 906 522 0 972 12 97 851 700 517 705 0 0 230 685 11 231 244 990 806 0 351 585 708 725 0 109 957 812 186 96 393 806 777 198 36 317 0 138 225 100 574 858 243 784 68 645 335 697 0 400 517 938 715 0 236 0 873 709 755 0 0 0 392 808 234 963 479 849 0 0 691 399 0 317 251 855 411 693 810 627 635 718 535 0 36 136 390 96 417 176 604 0 62 0 452 0 561 683 843 505 898 286 597 704 125 516 107 40 0 0 481 36 93 0 0 737 0 0 0 0 186 395 122 423 929 672 460 974 0 0 418 756 0 0 19 164 123 723 540 26 690 556 299 0 0 0 0 588 0 896 40 731 0 725 560 678 78 242 602 0 0 171 0 464 595 564 0 126 912 0 886 132 460 339 78 646 29 889 0 498 734 928 933 525 596 0 304 0 58 589 505 980 0 992 62 679 262 0 718 0 511 0 656 679 
0 358 0 611 535 430 0 222 0 408 763 486 563 0 495 0 0 267 296 642 0 82 474 0 620 0 0 171 338 605 729 234 71 611 0 0 0 347 166 616 199 976 119 0 0 0 0 436 904 267 136 269 0 931 3 399 382 128 902 0 412 93 716 454 892 0 386 189 982 465 281 0 21 0 926 755 548 503 962 969 218 554 544 542 201 914 791 915 0 0 322 647 996 251 0 709 766 69 0 886 821 643 729 624 703 930 830 221 333 130 794 0 412 866 392 548 322 813 556 0 978 898 79 627 485 551 744 738 133 0 166 0 0 258 170 684 220 723 602 0 591 540 219 0 558 317 0 511 0 0 444 0 0 306 843 922 110 0 218 619 247 714 6 287 540 83 0 35 0 695 591 816 239 286 86 990 368 327 0 476 386 84 736 0 962 0 800 0 559 511 0 0 240 27 275 701 829 362 0 240 436 395 335 528 240 177 211 267 664 349 712 423 641 523 785 830 850 738 110 344 0 510 0 629 0 725 0 29 151 642 0 145 0 343 293 120 211 345 141 277 857 0 562 202 773 56 392 409 0 363 550 321 304 0 0 0 0 612 326 526 539 941 1 791 489 543 1 0 0 80 0 0 240 346 202 659 681 80 83 595 88 0 0 0 545 733 22 0 710 633 593 998 0 0 289 0 333 201 892 0 304 309 261 936 0 0 597 0 500 404 544 237 294 0 783 138 0 608 0 750 28 250 0 719 89 757 0 0 914 
0 785 0 453 759 537 348 24 408 0 695 798 0 82 78 0 0 313 431 23 120 0 505 840 955 275 295 0 298 0 60 182 0 254 0 0 91 0 0 333 429 433 402 0 450 799 0 403 647 407 563 0 337 0 0 637 521 452 962 0 816 0 0 0 954 814 33 4 644 0 812 615 0 155 372 117 628 62 0 0 698 414 20 617 824 0 546 0 608 133 345 308 0 663 15 828 982 772 0 397 0 0 270 0 60 478 0 620 335 458 207 0 0 755 712 565 603 491 623 622 0 894 417 0 0 336 962 541 747 0 181 0 276 0 496 591 0 393 230 592 322 423 0 369 595 0 0 989 154 690 363 0 750 575 631 851 0 45 98 355 0 880 511 773 126 190 477 900 282 894 90 85 276 27 0 0 903 967 0 375 0 642 603 371 0 0 199 0 0 225 0 172 993 509 59 154 0 0 0 0 0 671 133 664 626 163 590 742 212 267 709 688 937 47 833 163 639 603 0 186 814 33 536 925 602 0 894 974 695 237 643 436 771 773 978 0 167 20 105 0 19 736 321 945 264 226 450 805 591 0 0 293 608 71 834 449 5 0 790 336 667 186 168 928 554 251 219 455 662 282 0 133 485 0 0 447 772 577 0 298 551 799 291 0 0 400 125 881 327 541 0 874 462 0 961 331 979 104 100 27 410 97 960 0 0 151 682 0 98 813 0 595 801 528 0 793 982 59 128 588 0 736 402 31 661 814 483 994 651 
0 0 446 487 167 955 321 0 763 695 0 413 624 800 524 0 548 305 551 0 0 0 34 340 488 43 4 93 0 768 0 0 618 315 233 632 116 209 0 140 279 95 24 375 466 472 785 0 128 306 206 21 0 796 521 985 654 18 0 0 0 85 74 0 0 601 751 513 980 283 757 0 0 897 833 359 830 390 779 915 839 412 287 0 0 34 750 738 459 0 369 993 276 907 0 46 874 910 896 351 979 761 0 979 844 803 153 100 229 764 625 96 678 0 0 0 650 0 289 0 0 416 746 0 145 836 984 402 684 0 132 635 0 0 682 720 441 0 871 0 0 383 290 849 0 304 359 0 155 0 672 276 494 533 311 117 699 756 784 637 56 936 288 444 252 298 267 0 248 37 620 282 465 999 641 0 0 0 150 0 529 99 0 556 358 0 601 36 117 0 71 214 970 139 616 157 28 0 593 0 602 0 0 103 0 263 349 0 680 643 0 0 936 0 715 801 50 103 831 523 0 785 0 0 0 0 427 0 993 233 405 220 729 126 126 382 640 0 960 950 0 544 0 359 882 0 883 0 337 0 172 855 43 123 834 0 248 0 0 0 0 0 454 994 238 136 473 996 0 218 791 0 770 589 582 225 129 0 285 316 0 990 781 685 695 782 596 974 353 302 0 0 0 980 721 0 796 793 385 432 382 91 367 453 645 317 862 358 701 0 555 911 808 142 332 0 995 0 921 803 988 4 526 11 976 735 0 162 0 
425 897 712 776 860 0 16 856 486 798 413 0 760 0 524 708 0 900 0 660 956 0 880 0 955 0 0 0 651 361 662 447 123 954 385 0 24 377 0 775 151 661 688 970 340 957 790 762 984 0 796 0 0 0 879 256 117 191 449 0 0 771 73 676 0 871 0 654 525 84 696 886 156 0 0 358 545 605 435 48 181 903 0 894 699 273 798 328 346 727 0 0 937 246 0 711 467 0 866 475 803 521 414 645 0 0 171 0 255 445 476 356 456 675 519 530 7 496 0 34 681 249 600 502 358 239 627 208 539 0 0 525 634 939 830 0 0 657 288 0 689 0 0 0 976 0 0 428 956 281 285 728 403 805 996 0 0 389 618 0 533 829 486 0 692 639 329 83 746 894 711 104 141 862 550 0 0 0 304 0 805 55 210 0 780 0 753 936 595 840 123 319 64 174 184 0 0 740 244 785 851 651 980 725 0 227 413 163 0 0 88 0 675 403 270 558 598 940 0 372 322 223 759 812 843 401 0 214 488 0 104 911 471 937 307 722 72 813 628 0 922 282 5 836 408 795 174 558 866 492 13 648 780 750 257 171 335 170 103 910 852 0 203 550 318 911 768 807 215 0 0 59 3 0 529 395 628 379 543 944 731 374 0 690 0 847 246 565 791 272 950 334 114 0 934 570 741 26 0 928 243 800 61 534 0 252 0 855 199 0 0 338 854 155 247 548 138 294 0 0 709 488 0 944 0 290 482 165 845 
362 562 791 957 499 377 180 405 563 0 624 760 0 420 142 0 0 320 0 477 420 829 481 86 829 144 208 44 725 323 79 300 571 669 952 0 613 637 493 227 380 67 877 909 0 149 469 229 411 619 267 100 729 905 404 352 422 0 653 554 922 398 128 166 316 785 40 0 916 83 273 764 492 845 585 947 832 809 230 663 489 0 752 0 260 0 593 910 0 0 135 466 570 0 0 293 18 316 0 0 301 326 315 823 516 529 918 904 836 0 604 891 0 78 684 572 0 836 404 0 161 0 0 579 0 907 0 0 0 0 609 92 404 0 0 79 322 0 144 0 410 0 954 0 858 295 0 746 511 0 0 0 0 152 0 858 0 913 956 0 287 356 143 0 305 806 972 322 0 0 724 0 287 416 632 489 77 0 0 341 819 54 723 341 176 403 0 768 0 0 747 242 758 637 16 0 339 0 807 811 936 0 90 145 202 558 780 517 331 88 0 847 768 997 0 0 977 692 406 0 938 702 0 0 986 0 735 583 168 41 0 920 760 802 240 233 0 847 675 691 239 69 0 958 0 651 112 33 578 0 0 209 635 66 519 0 474 0 0 0 0 0 860 207 807 218 269 0 903 11 101 849 585 964 733 90 412 407 186 102 13 0 0 367 0 965 310 976 0 10 510 537 271 645 0 0 864 951 555 494 218 0 0 819 0 621 0 0 0 0 542 321 505 250 618 153 429 105 700 905 732 0 477 933 212 875 992 0 368 
0 940 669 409 20 953 136 0 0 82 800 0 420 0 330 785 183 253 610 0 217 249 0 907 0 328 330 0 887 0 215 0 0 567 146 253 505 0 0 0 0 0 370 763 112 243 570 154 42 61 0 133 823 303 901 399 480 233 15 0 241 202 65 326 146 563 0 980 138 143 776 989 0 193 461 271 0 261 630 982 0 866 258 330 0 654 792 888 563 546 471 0 524 500 527 136 0 699 721 550 665 103 625 787 475 185 271 0 570 134 202 59 0 336 0 450 0 374 737 254 479 544 702 393 652 388 151 0 0 982 141 807 52 505 718 454 172 357 936 672 184 188 558 174 0 41 923 360 259 153 883 107 256 533 665 907 0 491 0 659 0 239 0 0 0 915 211 0 0 902 958 20 418 110 595 705 518 493 935 218 0 488 957 0 827 0 536 523 695 232 702 620 184 54 0 68 90 0 144 496 768 295 647 488 0 327 398 368 240 367 964 602 74 596 264 648 29 620 0 814 287 754 450 650 943 0 636 296 31 0 0 571 803 322 99 813 0 519 518 309 775 336 253 923 883 290 645 279 695 375 0 638 576 416 806 476 629 613 0 921 898 787 179 532 843 53 188 0 0 0 120 621 779 856 604 0 766 471 886 10 470 0 516 429 318 93 316 0 953 41 0 781 221 142 535 744 171 605 517 753 835 462 725 335 185 310 0 0 0 8 245 612 84 895 0 369 685 437 885 830 970 907 846 309 904 279 0 257 689 
415 167 0 661 562 0 899 748 495 78 524 524 142 330 0 702 0 905 0 0 133 31 832 389 0 323 0 4 578 0 441 603 0 770 145 0 0 970 213 867 0 939 218 287 7 133 0 869 702 383 45 111 781 851 790 38 0 213 440 129 0 0 355 648 557 31 728 0 910 984 688 510 0 0 0 760 388 722 95 290 864 854 846 221 0 0 402 262 652 159 198 0 849 0 521 0 972 68 700 277 793 0 552 157 931 0 335 716 170 684 719 260 909 410 363 899 0 153 324 45 0 780 181 357 558 326 80 0 150 297 543 0 772 257 780 139 508 497 128 388 0 489 0 0 142 671 801 838 597 0 849 0 342 831 0 0 10 57 851 0 460 627 0 607 762 298 991 210 0 777 607 813 938 16 0 0 0 464 177 778 432 878 527 77 431 0 0 0 0 231 537 90 0 936 397 238 262 0 261 0 791 462 118 956 0 945 16 474 439 732 0 0 0 235 126 341 68 0 372 0 971 881 0 443 0 866 175 988 529 298 614 0 754 0 560 217 509 772 722 163 511 739 0 221 342 375 112 627 0 107 461 0 412 780 0 0 0 243 36 335 945 325 0 0 781 410 301 10 965 0 298 432 421 778 149 76 935 924 391 865 568 698 642 0 0 701 183 590 0 685 520 252 0 238 0 259 64 505 838 0 269 0 0 352 435 20 865 703 191 993 450 55 133 20 0 724 719 461 933 550 0 231 374 110 556 0 421 426 633 
238 0 0 275 0 647 952 680 0 0 0 708 0 785 702 0 919 916 968 0 707 0 0 403 235 205 0 0 170 901 252 259 0 161 0 388 959 452 117 774 52 588 126 0 556 917 678 0 129 509 37 9 501 230 283 0 599 45 413 318 783 728 547 0 222 0 0 198 0 0 894 798 0 0 263 577 272 396 0 595 528 789 675 66 0 0 682 912 0 0 0 246 35 0 197 554 42 508 891 330 826 412 82 537 353 748 523 371 288 710 458 0 430 793 111 135 800 0 180 965 0 0 0 0 25 26 825 315 806 262 684 831 0 0 302 687 883 705 732 62 760 324 0 0 0 485 312 0 0 383 190 0 0 0 88 0 16 0 835 966 15 504 240 621 0 276 440 346 206 269 35 0 768 828 476 0 552 0 109 529 127 877 0 540 0 250 211 522 253 94 709 558 244 0 497 685 516 840 0 134 0 0 314 0 170 557 457 932 186 0 0 0 735 315 0 131 180 0 807 0 0 0 894 87 0 163 510 578 433 0 759 636 0 0 696 0 334 618 0 56 885 0 0 202 26 699 493 511 489 11 194 0 169 0 815 165 343 825 0 0 679 12 476 579 0 527 0 629 855 440 459 383 0 11 192 554 0 0 498 76 170 571 407 870 884 0 253 347 844 26 0 0 827 586 78 764 0 232 0 157 0 0 0 284 374 34 909 0 0 685 391 269 275 449 189 156 619 958 0 720 277 0 78 865 910 890 592 314 297 
0 229 467 469 0 647 356 0 0 0 548 0 0 183 0 919 0 0 196 658 374 731 0 574 0 200 557 116 0 227 0 468 0 0 655 574 486 272 782 497 0 906 884 600 787 0 665 0 912 644 0 475 542 0 72 4 0 0 963 819 285 541 645 4 860 684 832 181 869 0 33 979 0 560 0 0 555 18 0 325 0 346 848 583 0 0 0 656 373 0 866 201 0 901 9 112 704 269 824 441 0 0 716 0 729 52 10 301 0 400 195 803 601 20 831 297 852 3 0 733 693 589 321 647 646 375 303 885 708 423 157 821 67 698 521 371 660 976 0 658 0 0 0 0 766 200 0 872 0 673 0 130 0 636 446 436 0 918 256 558 0 0 0 410 130 0 412 901 620 769 438 417 629 975 890 685 0 922 617 431 0 440 693 23 611 551 694 0 71 315 0 0 537 850 254 384 527 0 259 359 205 636 0 892 76 869 59 412 756 570 325 899 199 420 644 0 138 0 647 320 407 32 489 175 941 129 916 36 0 139 990 0 791 0 248 403 174 402 568 148 790 0 0 357 542 652 430 349 171 145 844 0 683 890 38 614 386 598 0 811 141 555 162 880 708 345 0 128 0 586 946 0 0 892 907 589 726 884 461 0 0 169 836 0 0 569 34 0 489 595 0 215 910 588 277 0 187 885 816 1 0 908 338 986 0 0 0 0 621 772 122 0 32 0 175 268 411 0 841 0 888 109 646 5 940 633 868 636 431 
0 325 285 35 137 458 0 706 267 313 305 900 320 253 905 916 0 0 721 0 54 862 546 262 229 153 0 616 277 0 203 195 0 336 0 503 280 0 129 0 0 739 108 953 0 0 270 12 781 512 407 297 618 496 668 857 289 623 774 835 358 515 75 98 511 0 0 544 546 696 0 935 0 312 361 580 166 661 745 106 842 917 0 130 558 0 982 387 494 925 0 213 530 172 131 385 312 332 653 829 502 527 270 722 0 750 0 850 558 477 637 31 0 695 0 445 428 0 943 354 159 978 0 900 0 665 0 0 417 376 194 866 264 202 687 0 0 0 345 541 49 689 0 502 648 877 769 940 0 15 373 105 0 60 982 900 529 809 380 718 533 331 616 649 427 653 510 271 276 30 783 0 0 322 226 181 493 0 393 509 323 277 176 0 141 210 310 692 416 988 0 225 689 0 132 777 409 228 139 0 530 567 0 525 997 0 371 0 0 715 0 0 0 125 493 353 0 371 897 128 618 0 206 571 0 0 541 671 969 394 0 808 92 245 0 0 0 748 0 609 196 750 929 198 524 114 314 432 0 0 485 403 0 1 801 764 671 634 297 425 577 388 651 633 369 753 664 0 0 318 0 983 0 719 437 885 42 538 375 95 812 0 0 827 532 858 80 638 0 905 0 502 0 426 885 147 63 396 984 0 0 680 842 193 40 639 682 768 491 368 758 10 789 217 630 0 504 131 627 181 0 357 143 648 0 199 926 575 0 
264 754 965 0 132 726 16 0 296 431 551 0 0 610 0 968 196 721 0 632 787 448 183 843 202 374 0 521 424 0 161 542 163 992 268 0 207 294 128 46 306 200 355 467 929 429 0 0 628 496 0 488 995 345 216 297 0 373 0 262 691 0 860 364 919 63 0 432 72 374 122 820 170 0 198 740 503 563 560 26 0 269 551 766 838 465 182 531 73 398 43 0 520 683 0 207 0 958 705 826 58 190 447 241 0 1 0 475 225 0 932 626 620 0 0 800 0 161 690 514 13 159 0 192 0 233 686 0 0 226 501 608 0 420 0 0 330 0 0 972 959 130 0 515 633 775 83 890 0 775 46 0 0 0 737 551 72 0 572 783 38 422 934 873 0 0 183 977 840 164 428 0 907 490 0 814 269 938 803 16 261 0 0 0 789 361 0 0 624 170 0 919 609 684 978 255 554 79 62 0 607 47 657 0 250 286 200 758 873 800 0 0 171 582 54 801 0 640 0 0 0 238 0 27 926 0 787 48 358 87 867 287 678 0 0 159 259 193 676 547 0 339 165 910 17 0 514 0 564 451 0 124 978 65 70 588 95 609 0 647 828 328 401 743 182 206 860 318 448 586 0 0 135 0 924 0 884 178 75 743 0 383 697 0 0 414 363 0 0 935 0 421 697 198 664 729 52 0 320 45 537 0 648 55 0 313 102 881 111 0 0 209 300 615 17 0 0 399 274 160 0 0 135 383 411 0 204 48 390 
800 0 669 878 102 981 517 333 642 23 0 660 477 0 0 0 658 0 632 0 0 285 547 0 0 0 592 69 454 0 968 820 445 687 32 202 515 369 843 568 0 234 738 14 188 0 862 434 602 622 811 760 241 131 248 0 297 658 0 613 0 255 48 422 705 780 386 533 205 80 987 969 806 432 742 0 0 849 984 820 9 810 330 0 130 340 0 0 25 226 417 696 40 0 768 437 0 635 176 2 196 0 35 708 492 260 558 0 0 840 0 232 162 283 497 0 0 885 0 96 795 0 436 383 124 436 41 8 937 219 100 708 744 2 939 369 100 263 513 0 757 398 819 610 162 944 286 43 553 597 229 0 541 393 0 334 0 562 531 456 253 590 0 990 909 824 926 748 0 707 351 456 0 118 721 524 507 0 149 654 0 0 0 657 586 112 640 0 61 786 630 689 476 109 874 329 0 0 987 126 443 756 547 0 286 0 0 0 0 221 0 0 0 390 0 492 0 0 548 0 141 681 472 143 139 0 712 48 16 893 104 0 788 427 0 760 895 46 642 1 756 175 105 121 220 819 101 638 747 130 793 836 912 0 0 718 842 0 46 0 0 778 848 690 507 807 340 972 0 380 729 703 106 0 375 601 242 466 320 540 504 733 0 229 590 13 493 766 392 940 0 317 73 209 0 172 279 468 779 748 685 31 939 0 389 647 814 689 775 450 806 56 0 842 0 768 913 0 530 350 684 0 632 0 0 665 149 111 353 
221 588 0 0 248 0 865 0 0 120 0 956 420 217 133 707 374 54 787 0 0 332 0 794 622 0 182 0 832 0 531 269 0 393 772 169 120 553 0 0 736 682 0 720 0 912 0 718 0 587 684 366 0 0 431 956 0 0 0 0 282 0 909 0 614 464 625 706 0 362 185 56 549 617 64 949 819 14 94 499 0 59 0 551 357 434 0 492 106 189 0 0 51 674 217 675 412 0 278 0 375 255 0 694 698 711 0 719 0 0 139 8 543 279 369 806 865 604 0 208 0 0 337 0 15 895 965 39 173 257 693 223 524 632 35 163 850 666 244 805 0 0 0 101 903 128 190 692 0 423 595 267 271 404 0 0 204 0 206 770 847 369 985 0 43 102 976 309 0 325 404 771 306 0 711 107 35 274 909 0 16 915 984 233 0 801 0 689 0 649 176 385 805 620 216 815 0 399 0 0 365 574 940 665 657 139 0 0 597 618 25 787 841 683 562 84 43 939 0 480 155 980 0 272 0 873 641 0 516 185 701 634 41 73 0 9 711 545 0 700 522 946 435 624 296 415 171 0 907 0 434 35 286 648 938 263 28 361 0 790 78 485 27 469 0 931 940 673 276 729 0 67 618 563 991 116 287 0 0 0 0 758 272 381 221 890 0 149 880 714 0 0 0 588 471 636 0 0 355 546 0 574 448 0 0 533 254 618 926 523 448 129 265 455 0 0 0 641 429 396 0 959 590 154 885 0 87 0 905 
994 15 938 0 485 970 113 0 82 0 0 0 829 249 31 0 731 862 448 285 332 0 855 645 615 0 69 548 535 793 425 0 970 544 461 940 193 674 517 547 0 430 204 0 714 970 0 506 187 721 0 601 51 884 571 955 989 0 258 0 0 0 0 498 246 749 0 0 0 673 664 257 404 537 248 264 522 913 385 331 11 78 590 225 828 856 82 224 904 0 635 847 0 0 36 0 693 49 0 0 844 786 0 880 385 173 875 230 335 545 859 849 702 707 49 0 526 897 343 346 576 0 250 0 0 0 947 79 903 0 363 0 0 777 0 502 118 0 0 584 0 35 839 285 22 698 891 47 564 0 0 817 486 0 633 0 0 0 401 137 400 0 0 846 152 896 834 363 226 289 0 643 0 866 991 573 10 0 810 0 0 868 162 847 467 287 39 473 644 177 229 0 645 262 0 876 748 600 0 0 0 704 679 23 306 50 0 174 278 791 42 313 7 521 48 365 261 0 0 804 630 0 496 0 410 0 260 465 0 0 0 0 484 475 422 339 0 881 961 0 801 831 843 182 279 654 750 891 423 684 790 453 930 888 981 218 603 0 44 72 782 927 292 237 0 0 362 0 538 0 0 558 534 684 875 100 698 0 376 0 506 923 0 206 790 333 838 610 0 952 223 954 0 0 356 473 164 0 873 825 173 0 459 48 101 0 971 765 689 858 513 0 976 378 408 427 646 103 352 688 495 525 0 0 782 510 0 0 987 
243 942 123 84 847 300 0 0 474 505 34 880 481 0 832 0 0 546 183 547 0 855 0 673 0 573 0 320 0 62 996 716 441 0 170 566 0 256 449 656 0 357 0 0 937 696 11 447 717 0 0 442 805 225 383 787 244 432 0 887 328 424 943 0 428 57 284 5 174 290 407 978 712 0 888 626 0 534 622 461 718 549 0 974 853 700 643 4 287 225 477 40 0 0 0 965 558 214 967 381 365 0 585 0 956 199 0 205 0 680 448 0 534 0 0 926 0 503 921 121 0 445 78 95 931 7 253 50 738 0 295 709 371 104 143 193 585 153 172 329 405 0 818 680 0 7 645 0 194 453 261 959 0 0 472 385 715 0 718 907 0 0 242 0 0 790 263 0 956 869 384 745 16 575 4 387 141 329 0 691 999 338 906 0 383 991 354 124 0 699 0 0 149 772 625 0 0 819 870 522 0 0 617 865 818 803 774 614 644 879 291 552 472 832 180 372 70 165 0 34 0 0 297 119 849 345 0 39 132 465 0 219 668 111 585 660 0 0 0 58 637 562 888 717 358 74 131 831 580 631 991 59 424 120 421 634 90 0 524 0 801 0 620 698 851 814 646 96 565 963 362 0 475 996 662 883 521 568 0 252 547 365 151 447 636 117 251 657 149 390 325 265 824 0 278 314 0 363 183 678 0 745 740 479 22 585 0 227 136 599 515 0 307 885 636 740 0 579 703 943 255 636 0 0 86 0 26 498 672 
260 70 409 76 0 62 707 460 0 840 340 0 86 907 389 403 574 262 843 0 794 645 673 0 503 746 744 0 104 0 0 513 932 810 0 0 220 299 308 875 695 0 144 888 545 674 40 231 0 269 0 558 0 0 191 358 513 702 0 153 0 224 528 0 38 711 982 0 973 619 3 0 15 750 0 177 890 237 954 119 0 439 736 207 0 237 632 0 53 825 358 134 595 0 0 0 0 696 928 685 876 0 0 965 21 0 621 771 386 891 952 440 61 656 651 683 705 312 876 0 252 0 86 544 743 0 0 641 650 0 902 707 718 769 0 0 215 0 501 0 0 187 0 207 964 419 493 252 608 0 155 0 0 307 27 0 301 0 656 415 278 0 119 422 310 555 0 54 0 561 0 862 0 575 116 500 271 356 499 188 0 896 307 341 296 659 142 559 404 536 946 912 0 194 113 280 596 781 535 843 372 0 874 0 216 254 0 0 931 0 189 0 0 138 194 0 944 75 921 0 0 107 0 216 466 941 929 884 697 0 715 518 0 303 958 0 10 62 799 90 485 881 803 0 0 761 489 0 0 60 0 870 294 0 0 414 0 275 0 783 755 104 251 534 966 0 905 0 613 143 938 831 755 0 706 966 0 0 243 371 325 373 59 287 0 0 0 937 73 297 305 150 40 3 61 0 301 928 432 584 0 337 0 0 715 139 254 0 926 0 15 0 529 0 449 0 0 59 450 776 748 621 777 578 740 178 727 0 874 
464 0 0 497 213 780 858 344 620 955 488 955 829 0 0 235 0 229 202 0 622 615 0 503 0 284 836 0 0 57 909 333 583 552 368 508 152 0 644 284 0 0 0 0 206 0 0 770 0 677 950 0 149 824 604 0 427 290 731 888 685 28 701 988 448 452 861 482 285 434 335 0 340 329 616 0 0 622 968 0 656 472 293 153 0 482 28 0 944 567 628 956 0 878 234 178 0 709 0 496 849 602 651 397 454 125 258 0 83 0 537 0 0 261 332 0 302 314 155 191 457 508 831 0 238 256 0 996 827 0 788 48 427 781 0 883 0 649 661 0 899 924 475 0 535 601 0 938 455 108 0 148 242 490 652 174 770 0 0 498 0 0 0 93 51 453 0 909 828 948 882 0 44 49 90 752 348 0 670 74 581 928 497 0 163 14 913 265 228 574 54 0 989 0 948 711 0 0 0 188 628 884 349 523 84 678 261 0 895 873 108 822 430 969 396 0 805 28 108 201 522 802 370 72 0 533 401 652 821 0 927 489 664 749 369 734 0 406 0 559 688 603 0 875 0 936 341 312 807 850 313 610 879 128 0 1 481 1 160 968 448 545 0 476 970 0 469 232 0 874 101 317 129 0 602 646 0 462 251 364 216 965 958 950 286 153 738 710 154 565 0 0 700 413 538 745 610 796 322 796 0 927 634 0 0 8 23 141 720 48 868 279 321 774 0 863 0 206 0 786 98 0 0 155 881 953 923 843 486 
0 246 356 944 0 155 606 331 0 275 43 0 144 328 323 205 200 153 374 0 0 0 573 746 284 0 577 292 335 943 165 551 641 62 900 727 535 0 805 87 392 0 463 341 892 874 598 244 0 590 0 125 501 991 0 582 878 0 785 0 534 492 655 223 0 972 0 480 307 97 602 672 0 505 418 262 842 316 72 0 0 522 436 171 806 735 790 272 533 850 108 611 0 0 665 627 87 183 0 167 610 345 894 991 886 179 869 0 0 0 156 613 536 792 787 0 365 225 0 317 41 35 61 485 382 874 189 0 788 0 0 249 0 160 717 783 256 0 371 815 699 816 756 213 6 271 0 157 508 615 603 0 0 856 611 626 135 808 0 104 467 476 0 333 0 666 0 885 398 0 523 831 433 470 817 146 244 79 912 885 0 413 808 260 608 684 0 98 500 723 602 0 341 50 615 31 776 279 813 863 200 423 0 211 0 512 563 0 727 699 632 776 0 735 0 870 702 223 923 127 106 92 246 212 0 700 976 682 424 0 573 833 635 277 641 0 893 529 874 0 375 729 631 501 158 1 553 485 144 0 102 0 348 281 465 309 0 0 346 99 87 718 977 0 147 15 100 0 957 738 0 388 354 314 42 0 514 449 0 596 958 570 0 757 640 0 706 0 0 847 0 699 622 230 628 384 244 424 804 0 0 181 755 125 325 212 0 780 578 622 883 0 0 897 135 414 731 0 0 321 297 938 615 287 833 728 752 617 0 
203 0 685 810 658 0 136 769 0 295 4 0 208 330 0 0 557 0 0 592 182 69 0 744 836 577 0 213 470 97 418 99 19 0 312 0 450 644 801 75 858 0 0 891 812 369 109 0 99 131 0 512 389 337 426 132 0 213 322 153 0 338 563 524 283 240 707 869 0 897 508 56 177 354 616 685 316 155 196 964 389 407 515 305 772 0 0 338 0 271 633 545 394 50 579 0 480 551 550 0 0 207 815 881 282 0 296 297 499 984 47 155 0 456 0 144 198 915 769 546 715 758 196 617 0 0 894 643 696 0 67 584 0 0 447 0 0 0 454 621 616 0 939 549 258 86 806 163 109 183 0 547 0 275 0 0 0 0 0 707 903 0 388 190 899 172 114 1 419 726 489 466 475 813 0 641 0 385 734 445 84 35 0 698 226 991 68 202 0 992 0 860 409 308 912 0 63 416 74 0 0 0 0 7 227 968 701 740 307 0 4 0 0 0 360 0 555 0 396 0 793 824 58 873 97 59 803 0 863 615 239 0 380 459 302 299 0 33 986 252 135 0 945 0 900 545 579 50 25 826 380 659 613 19 0 0 636 438 156 513 25 0 0 0 34 196 903 407 437 764 0 0 587 0 356 417 0 705 328 595 547 251 588 426 0 414 0 704 28 187 887 45 0 758 473 975 467 138 162 0 79 499 432 501 0 843 537 0 998 875 768 845 324 0 387 648 610 655 197 0 667 100 0 143 379 488 981 271 0 
439 438 65 0 458 854 0 656 171 0 93 0 44 0 4 0 116 616 521 69 0 548 320 0 0 292 213 0 964 0 114 57 0 0 82 907 0 0 147 757 631 0 969 659 0 0 779 893 0 805 0 819 646 912 384 0 596 0 0 613 851 395 262 502 32 106 252 369 924 0 662 145 976 860 749 192 2 215 392 0 870 828 126 0 0 94 984 959 789 146 975 226 109 968 655 0 166 113 100 0 0 0 665 0 929 845 282 205 0 0 770 0 0 0 414 598 665 225 478 663 534 556 652 11 579 447 235 305 658 268 0 933 6 0 0 0 0 884 91 995 812 0 556 192 952 920 29 0 0 0 295 588 353 386 0 40 233 577 283 0 523 123 35 492 0 150 628 602 419 466 0 0 0 699 744 895 856 804 0 844 638 711 454 0 289 554 797 306 974 278 409 0 235 326 734 0 344 155 961 614 702 870 253 569 330 220 256 372 469 0 65 489 402 829 756 0 515 814 218 79 372 575 973 790 823 643 0 0 641 0 0 0 985 369 6 480 0 699 759 945 862 592 691 697 0 939 26 181 290 7 0 97 645 0 346 176 0 586 234 0 350 288 274 544 789 847 906 39 132 0 0 674 689 388 0 65 356 97 298 94 729 507 17 433 270 0 211 272 170 678 479 0 477 678 74 0 266 359 0 82 383 0 867 817 0 0 377 116 466 501 119 163 694 768 355 699 0 719 0 971 235 461 917 288 263 396 583 524 42 
423 995 518 779 242 0 858 562 338 298 0 651 725 887 578 170 0 277 424 454 832 535 0 104 0 335 470 964 0 0 154 502 150 470 978 31 772 727 109 0 598 832 0 294 68 343 572 928 438 747 0 226 458 250 483 534 0 231 0 0 696 0 356 928 0 0 0 0 0 420 960 575 187 150 484 142 0 17 638 756 746 297 0 686 974 0 887 67 0 805 629 924 0 494 241 500 0 789 302 0 615 701 0 375 613 849 845 0 856 431 864 235 0 0 558 898 716 739 0 515 970 897 310 89 598 822 0 859 0 246 459 0 886 595 0 459 0 306 785 662 96 910 0 187 0 223 0 0 765 0 52 0 548 544 0 0 521 921 142 505 898 274 922 699 856 0 113 544 513 251 474 306 266 171 973 107 0 9 674 979 596 832 0 218 697 207 956 631 482 436 842 972 641 0 952 91 984 0 890 0 0 274 582 709 815 0 0 740 413 166 367 0 634 0 297 876 325 881 835 176 631 0 815 0 152 0 621 0 0 920 8 0 0 500 629 519 0 680 770 855 0 0 842 312 0 784 10 0 0 655 771 630 252 485 756 155 286 537 291 354 0 0 0 978 290 0 0 502 0 774 571 360 685 436 264 805 0 731 672 0 539 956 0 320 957 0 484 996 633 555 954 301 314 536 700 325 710 811 43 0 0 656 0 0 113 437 144 24 997 589 378 486 0 136 905 916 286 0 0 397 746 678 899 945 145 155 765 28 0 
0 0 297 0 103 0 263 894 605 0 768 361 323 0 0 901 227 0 0 0 0 793 62 0 57 943 97 0 0 0 591 0 0 464 287 0 18 703 457 47 457 578 203 0 983 368 0 0 629 984 43 0 0 0 227 766 230 0 364 178 0 131 0 233 63 168 446 0 0 987 672 346 556 933 877 56 675 0 665 588 274 739 542 0 0 921 969 329 413 0 129 246 0 0 433 644 0 0 0 349 0 64 944 0 390 0 844 650 0 546 216 477 261 94 0 131 0 0 0 0 590 916 503 351 298 0 303 0 383 0 625 101 0 205 0 0 0 294 937 48 686 926 751 854 621 404 729 0 0 655 0 7 0 260 196 0 30 880 936 299 240 734 151 540 0 690 308 919 0 943 382 0 236 351 115 45 272 45 207 783 0 356 592 878 717 297 0 0 651 648 569 296 0 974 0 596 458 412 0 412 0 0 0 743 0 837 0 198 0 11 832 845 562 517 0 77 693 782 575 17 291 421 0 0 36 147 925 110 918 672 421 211 563 598 627 495 673 462 210 0 0 893 0 0 42 571 507 946 0 5 732 385 513 0 41 0 543 826 87 796 832 0 495 111 676 460 452 594 0 0 428 60 885 375 0 112 355 128 0 983 735 0 989 603 426 578 346 500 609 905 88 0 243 0 387 0 694 5 829 503 99 0 0 0 817 752 200 128 0 626 907 196 239 622 929 343 0 751 773 734 0 546 350 389 916 545 768 524 500 
921 457 798 604 620 942 600 25 729 60 0 662 79 215 441 252 0 203 161 968 531 425 996 0 909 165 418 114 154 591 0 673 673 683 514 968 0 0 411 26 318 798 544 0 0 200 751 0 27 95 0 340 71 491 0 126 93 0 0 795 94 0 643 249 0 0 911 0 682 562 577 883 332 236 0 0 437 961 0 498 269 417 970 717 977 49 597 909 0 137 230 956 465 0 709 0 235 0 0 636 17 0 651 371 295 988 907 602 0 66 0 653 853 544 86 986 0 0 2 28 0 47 0 554 484 187 994 91 251 0 154 654 426 583 724 0 647 654 678 0 433 694 338 0 0 27 809 194 0 0 776 0 0 838 984 894 0 505 225 122 86 60 999 584 66 0 480 0 399 0 0 840 320 476 232 556 735 685 510 678 0 0 337 519 632 829 0 919 714 9 464 915 992 302 611 0 585 402 236 690 640 107 102 280 0 0 274 0 378 0 382 276 0 542 0 955 575 655 664 672 0 0 0 986 0 0 955 776 459 0 325 0 928 0 820 742 918 989 974 512 0 0 0 0 187 697 297 258 996 603 0 0 396 299 241 52 730 0 429 308 501 463 0 866 827 923 886 176 897 366 493 969 0 0 886 444 397 0 0 380 147 629 27 0 565 157 747 0 560 103 481 547 0 850 500 103 0 0 0 927 909 0 753 426 349 171 0 550 516 546 949 0 390 452 779 0 566 190 0 388 422 661 254 432 0 0 857 227 0 
0 0 442 610 605 748 691 801 234 182 0 447 300 0 603 259 468 195 542 820 269 0 716 513 333 551 99 57 502 0 673 0 515 0 0 832 313 259 516 750 589 885 151 765 788 239 0 630 954 673 418 0 940 126 755 498 896 472 776 0 0 0 819 912 754 609 0 0 423 624 845 972 17 273 179 0 913 705 50 811 431 606 230 898 243 321 57 771 0 478 442 0 478 893 573 730 215 68 95 253 0 796 824 699 0 963 770 377 78 521 15 589 0 598 4 486 0 986 309 0 457 857 915 116 0 552 337 626 723 0 7 926 546 683 810 476 249 18 0 605 29 0 965 507 845 367 811 0 0 388 913 0 0 456 0 671 330 820 617 472 321 103 0 0 0 868 612 53 846 94 0 211 0 687 794 317 607 147 0 322 831 0 741 846 0 774 0 0 905 768 315 62 739 0 0 132 547 643 995 485 605 276 49 262 376 294 0 674 0 0 0 260 207 315 855 411 0 176 651 574 272 707 884 0 0 0 773 0 507 959 618 0 889 829 940 12 332 0 463 384 655 363 905 978 785 641 671 639 0 0 125 927 729 0 0 0 82 985 651 0 774 10 87 937 10 755 0 0 441 620 26 951 0 156 13 163 518 598 319 798 492 773 0 0 657 722 959 0 352 0 0 0 0 689 0 770 598 927 810 214 0 313 351 0 270 425 83 308 345 593 213 140 0 895 0 80 971 0 139 266 0 876 0 0 916 0 352 425 0 
606 0 215 201 839 262 0 821 71 0 618 123 571 0 0 0 0 0 163 445 0 970 441 932 583 641 19 0 150 0 673 515 0 996 651 0 484 187 659 786 260 86 75 550 423 902 172 0 845 773 0 0 0 638 0 651 414 927 309 120 328 383 439 956 514 0 214 141 729 0 144 561 339 664 955 795 515 604 44 912 0 309 511 321 0 750 405 201 255 582 961 115 687 544 862 0 586 823 388 56 433 759 750 182 0 230 886 0 0 0 0 759 233 497 710 942 418 0 964 613 306 508 632 0 25 492 0 0 0 685 0 407 391 126 0 0 486 942 483 438 0 0 284 542 715 0 425 0 410 743 586 629 106 952 501 61 944 916 0 881 243 897 751 334 319 133 350 0 0 525 505 422 674 195 0 873 945 0 360 460 753 0 0 0 316 0 89 598 87 763 555 814 0 345 90 0 365 401 565 196 831 33 997 283 0 0 266 68 0 599 697 198 342 359 0 505 0 0 881 183 756 294 154 182 642 304 668 602 497 0 350 204 68 416 404 0 61 0 612 631 0 579 413 874 0 974 341 770 15 11 592 261 0 0 602 170 391 921 845 0 232 55 712 391 0 417 0 233 302 675 842 0 576 776 0 364 552 103 673 871 406 0 911 944 433 0 870 474 876 0 512 213 838 956 746 0 0 407 736 761 0 267 190 655 0 226 934 43 643 181 0 0 0 782 427 73 179 554 184 332 181 752 981 265 686 247 263 548 598 
869 310 871 753 511 982 856 12 611 254 315 954 669 567 770 161 0 336 992 687 393 544 0 810 552 62 0 0 470 464 683 0 996 0 321 924 769 680 436 557 527 645 567 0 0 0 946 0 660 463 691 698 178 831 702 672 890 989 923 184 328 133 374 0 778 278 142 800 251 371 334 32 199 338 922 0 807 721 422 746 848 0 807 459 0 370 773 0 0 176 433 0 441 0 477 986 991 832 0 623 880 481 0 0 299 0 404 0 883 549 477 627 82 5 522 699 0 140 549 0 749 11 114 414 960 684 809 207 3 455 128 0 95 19 849 392 0 171 830 773 186 725 278 0 0 0 447 842 19 0 800 112 24 382 878 572 2 370 0 679 84 159 0 760 340 0 577 865 24 807 372 971 602 802 318 905 526 620 688 103 929 0 621 841 599 216 300 798 73 0 734 0 490 264 0 0 0 0 876 314 0 717 0 454 0 322 491 684 781 801 566 515 541 382 0 0 0 0 672 126 705 7 187 798 156 54 12 491 695 735 388 441 0 0 621 432 0 937 0 0 0 0 833 510 917 0 455 973 169 606 0 96 0 530 478 105 687 0 147 0 719 924 885 0 41 64 0 0 515 99 174 0 454 552 461 109 796 0 0 784 430 0 974 611 0 748 660 650 454 423 764 18 619 0 447 0 562 0 0 533 702 629 678 0 0 794 268 468 0 264 34 73 794 872 0 0 973 332 431 0 482 963 458 601 0 910 825 854 0 
781 485 568 0 756 0 262 0 0 0 233 385 952 146 145 0 655 0 268 32 772 461 170 0 368 900 312 82 978 287 514 0 651 321 0 454 989 382 530 133 322 582 0 569 669 436 298 0 893 852 701 45 0 792 0 417 0 711 0 33 216 572 924 583 115 520 444 931 710 670 362 303 212 292 487 841 0 0 0 913 0 46 194 184 0 540 955 65 577 0 591 13 0 399 585 121 226 141 702 324 461 593 0 402 0 260 807 338 268 401 0 0 50 931 62 589 905 322 978 108 0 177 722 646 147 0 121 200 908 705 962 0 231 0 262 554 483 936 0 0 103 206 697 775 606 0 0 0 77 286 306 0 489 298 675 0 511 0 0 232 0 49 208 0 943 972 73 0 486 0 628 0 216 0 78 681 0 464 697 189 429 38 618 0 407 314 501 0 223 880 30 301 0 100 43 620 2 289 718 0 712 688 39 0 68 799 0 461 230 216 912 203 776 3 900 16 532 254 0 239 0 247 97 902 0 286 43 448 898 0 663 591 306 910 0 0 952 868 0 651 446 363 484 386 479 0 484 0 0 515 0 765 506 173 905 993 506 696 0 408 0 739 161 920 408 417 0 459 0 814 0 775 336 0 455 992 397 199 750 0 424 796 598 107 10 739 961 405 710 849 605 400 834 983 442 676 740 835 317 436 531 949 820 389 229 0 789 908 0 325 784 0 0 404 906 400 978 83 0 933 53 688 272 0 495 0 726 502 361 
