0 257 368 889 452 163 390 240 189 537 444 0 0 495 290 0 106 715 546 0 0 0 120 40 854 341 35 996 484 0 0 141 356 232 284 0 0 614 430 0 0 304 0 983 590 854 815 689 110 459 13 199 0 0 251 650 0 571 949 797 20 315 615 510 794 234 955 361 0 244 323 974 0 369 0 916 0 228 0 755 0 965 0 382 0 0 143 838 114 969 25 442 751 447 189 283 404 854 
257 0 822 718 986 565 0 170 815 59 141 434 943 144 924 0 51 480 0 715 0 361 0 67 775 290 0 635 525 623 175 573 299 0 628 0 654 839 397 0 820 59 927 116 0 257 0 558 730 364 739 135 927 3 161 358 937 0 457 651 0 0 589 0 184 933 782 217 568 217 237 890 0 998 967 249 323 548 930 0 690 52 215 731 52 218 0 0 0 674 273 16 612 853 474 0 453 929 
368 822 0 366 879 74 964 397 0 570 0 809 0 507 0 865 0 0 0 0 272 128 687 0 344 0 549 451 379 134 812 930 463 866 958 641 376 676 473 313 0 555 555 440 218 444 764 466 988 965 201 239 731 202 269 276 0 285 0 4 0 284 897 800 37 0 458 748 581 967 435 285 332 0 308 0 0 135 346 0 909 468 851 444 51 967 529 583 650 176 564 558 799 973 554 998 0 0 
889 718 366 0 830 968 488 0 274 916 307 251 0 815 564 997 515 117 0 118 228 988 388 498 969 196 802 667 354 0 657 0 697 46 145 0 822 708 609 99 583 78 286 457 363 427 817 16 196 472 831 0 0 622 678 734 435 518 0 638 0 0 332 344 0 858 0 155 607 33 0 0 480 763 625 0 0 0 282 578 476 473 549 408 19 0 900 0 261 240 158 273 890 917 160 508 303 175 
452 986 879 830 0 804 529 113 0 0 316 0 712 414 347 0 879 0 301 98 419 178 275 674 866 862 695 0 359 414 632 200 847 632 545 478 0 568 629 902 580 0 896 0 444 110 794 77 963 217 499 65 0 0 344 339 0 64 802 849 629 196 732 58 590 752 527 721 698 9 61 513 540 249 71 201 0 898 290 169 0 411 58 800 152 875 919 213 0 812 766 969 0 0 0 155 260 270 
163 565 74 968 804 0 328 877 0 982 444 508 0 0 166 838 179 923 0 379 0 0 549 708 954 354 76 0 463 0 0 774 793 81 0 128 956 0 86 709 594 813 474 0 332 630 688 539 728 568 0 214 0 570 115 150 243 878 504 627 0 592 386 0 461 553 0 940 313 611 850 547 0 295 278 619 0 624 0 682 0 301 0 965 261 510 936 915 0 665 0 822 0 580 692 674 706 0 
390 0 964 488 529 328 0 437 405 837 966 529 750 658 255 0 0 0 0 333 0 166 378 0 69 293 576 963 484 434 832 661 212 870 0 0 0 866 265 425 0 871 10 335 119 802 841 74 515 487 770 597 235 858 792 344 162 447 244 940 0 378 0 698 0 199 0 0 212 135 298 128 898 893 139 0 0 432 334 996 700 203 548 307 0 0 63 92 0 0 720 791 461 331 0 651 0 0 
240 170 397 0 113 877 437 0 0 0 28 0 350 226 152 170 348 526 136 0 940 0 0 604 30 131 0 0 0 209 294 0 562 0 471 0 175 0 393 733 306 0 789 575 490 69 237 75 20 838 182 63 473 0 0 506 283 0 611 947 0 649 954 0 0 656 691 317 0 0 210 90 0 437 442 0 0 881 863 103 70 371 0 0 729 0 0 481 499 464 830 167 0 596 0 0 0 390 
189 815 0 274 0 0 405 0 0 959 0 210 0 707 956 0 722 176 578 92 0 622 384 0 0 937 0 798 339 579 348 817 843 59 448 0 0 0 41 165 6 793 425 666 598 495 844 252 776 574 249 652 928 824 509 186 0 0 209 0 121 46 0 484 780 0 632 0 880 8 0 415 161 409 815 834 0 738 484 275 699 886 0 583 351 580 787 787 806 114 402 860 715 454 402 351 871 754 
537 59 570 916 0 982 837 0 959 0 0 821 839 555 273 996 221 388 0 0 121 105 0 0 0 385 0 698 539 126 0 775 236 819 970 582 0 577 983 0 747 909 941 0 0 273 0 0 559 0 669 953 85 173 956 575 513 303 169 0 270 526 822 483 0 550 688 852 549 0 43 942 960 278 760 637 996 608 0 230 223 464 114 405 404 358 0 652 882 526 0 0 109 400 0 70 772 313 
444 141 0 307 316 444 966 28 0 0 0 515 960 0 73 59 477 523 0 942 167 207 0 846 653 812 668 814 783 939 356 0 173 666 431 485 504 639 979 0 776 0 0 0 491 283 903 0 0 897 731 792 396 320 382 77 573 689 97 673 0 0 418 176 52 963 820 252 0 0 0 527 860 641 445 111 0 0 0 263 173 113 589 814 0 886 958 609 0 497 178 141 943 840 591 322 279 198 
0 434 809 251 0 508 529 0 210 821 515 0 773 760 710 0 0 149 0 0 567 537 0 611 490 109 494 50 887 469 122 94 0 0 0 0 32 738 181 734 361 0 302 546 466 826 0 0 113 984 108 932 184 0 171 0 0 712 896 0 772 830 0 612 860 0 571 702 978 166 689 686 265 0 93 144 0 0 737 75 721 281 84 427 138 869 340 384 304 558 184 999 41 833 0 346 0 0 
0 943 0 0 712 0 750 350 0 839 960 773 0 122 36 831 0 292 625 147 0 478 459 855 483 0 594 533 0 400 969 399 708 0 259 873 105 591 417 0 429 162 352 742 991 0 416 0 899 0 862 13 0 668 133 352 836 0 226 0 495 986 694 34 854 0 334 62 568 468 851 675 0 0 834 0 979 844 378 251 410 0 0 415 0 400 0 546 0 182 864 703 691 884 689 0 0 0 
495 144 507 815 414 0 658 226 707 555 0 760 122 0 920 485 0 869 950 361 69 242 674 751 915 767 813 679 0 333 417 111 78 18 613 155 222 116 0 488 157 0 0 578 0 961 791 577 306 268 31 602 111 155 285 130 52 692 320 852 562 960 178 237 0 397 580 0 226 0 306 842 67 286 276 0 338 0 898 414 361 0 313 75 807 853 827 792 731 649 545 328 110 493 0 0 578 0 
290 924 0 564 347 166 255 152 956 273 73 710 36 920 0 439 0 0 0 871 771 407 643 524 328 321 312 102 505 509 280 0 969 517 15 10 0 322 979 484 0 29 0 0 370 272 977 0 665 507 693 0 122 299 0 629 121 991 745 715 298 0 0 581 784 71 401 412 37 0 0 135 224 819 151 0 927 0 599 726 0 479 817 658 697 0 542 455 629 884 973 870 616 139 537 582 945 499 
0 0 865 997 0 838 0 170 0 996 59 0 831 485 439 0 337 612 234 996 646 453 643 0 506 892 820 0 833 658 844 997 229 0 401 841 702 0 0 0 816 0 724 0 637 0 279 803 639 912 0 795 689 0 549 896 327 117 0 0 534 370 0 840 0 47 977 537 0 65 946 74 0 23 808 683 698 6 981 0 111 610 0 787 113 639 679 156 996 423 0 618 574 832 773 32 581 314 
106 51 0 515 879 179 0 348 722 221 477 0 0 0 0 337 0 0 183 752 144 275 224 0 657 0 902 261 451 799 0 0 881 779 426 648 402 541 774 0 325 179 310 0 110 618 477 479 754 792 226 230 318 269 0 991 315 231 583 785 0 948 162 282 747 838 174 504 0 631 910 0 864 0 244 761 143 717 555 0 851 56 916 953 435 348 882 407 131 6 311 259 928 216 0 347 0 961 
715 480 0 117 0 923 0 526 176 388 523 149 292 869 0 612 0 0 271 406 785 958 744 171 890 747 111 890 0 489 0 839 921 196 61 834 639 224 0 0 112 252 905 118 506 0 0 632 465 483 276 0 240 0 0 426 799 487 0 0 685 459 470 102 0 0 0 287 683 735 371 789 621 0 496 196 511 467 0 759 329 182 297 589 874 356 397 607 557 469 0 0 643 403 0 0 0 881 
546 0 0 0 301 0 0 136 578 0 0 0 625 950 0 234 183 271 0 957 0 491 917 93 441 148 0 480 51 408 0 910 765 404 596 698 847 435 0 0 728 4 272 143 0 970 188 616 0 372 305 411 882 958 22 239 718 395 0 349 198 385 3 591 0 899 517 792 104 862 0 982 799 795 986 619 651 0 0 55 588 728 16 0 0 0 0 300 329 0 478 195 0 272 0 0 655 590 
0 715 0 118 98 379 333 0 92 0 942 0 147 361 871 996 752 406 957 0 0 732 0 0 996 0 32 355 0 172 79 497 775 686 0 665 9 0 0 352 0 356 745 434 195 130 914 876 100 173 0 0 174 115 293 0 630 829 831 0 0 58 875 548 265 689 470 537 744 0 36 0 414 381 845 468 109 602 0 2 0 0 0 141 52 922 663 766 291 0 296 19 341 651 0 441 774 384 
0 0 272 228 419 0 0 940 0 121 167 567 0 69 771 646 144 785 0 0 0 161 0 891 0 184 0 659 0 19 0 0 272 669 786 268 795 132 0 980 521 0 53 738 372 745 41 560 416 515 909 619 272 932 517 585 309 631 0 592 72 352 0 846 783 0 265 0 850 269 618 42 113 726 432 549 977 176 0 0 730 596 723 0 526 245 0 0 0 979 0 429 0 175 484 642 912 772 
0 361 128 988 178 0 166 0 622 105 207 537 478 242 407 453 275 958 491 732 161 0 0 894 313 427 634 0 844 518 984 0 844 231 652 333 0 14 0 908 951 164 155 111 108 805 469 106 794 226 0 310 180 124 35 633 0 211 804 0 702 81 300 221 704 0 357 939 0 335 604 0 461 911 58 927 687 898 788 0 301 370 4 52 927 530 0 944 0 926 825 330 587 385 374 238 528 0 
120 0 687 388 275 549 378 0 384 0 0 0 459 674 643 643 224 744 917 0 0 0 0 195 847 0 783 233 169 796 0 0 72 344 837 655 0 100 331 0 0 0 674 64 0 601 96 0 783 0 920 77 0 420 106 0 547 997 0 537 341 658 480 996 548 797 692 0 836 943 734 13 510 428 0 387 0 0 836 59 0 0 239 7 754 776 0 859 399 210 661 512 850 756 681 353 890 510 
40 67 0 498 674 708 0 604 0 0 846 611 855 751 524 0 0 171 93 0 891 894 195 0 123 207 752 672 325 348 0 999 785 0 846 612 585 0 331 51 329 818 0 931 208 318 0 597 642 603 358 309 828 821 30 642 889 0 846 11 0 450 589 959 0 128 60 911 183 317 555 187 0 605 600 912 204 947 68 611 183 244 990 0 147 636 0 451 12 823 978 703 0 791 520 89 511 242 
854 775 344 969 866 954 69 30 0 0 653 490 483 915 328 506 657 890 441 996 0 313 847 123 0 905 855 247 21 751 757 578 737 336 0 0 772 808 142 0 0 0 828 984 806 167 0 711 720 768 208 298 834 554 545 0 0 515 423 0 923 0 423 150 948 148 0 477 353 0 0 91 283 379 0 216 37 349 401 903 36 391 329 520 757 0 77 345 857 227 948 376 791 736 444 733 229 356 
341 290 0 196 862 354 293 131 937 385 812 109 0 767 321 892 0 747 148 0 184 427 0 207 905 0 0 236 195 586 494 746 731 438 0 385 522 0 0 840 30 0 902 343 0 620 0 328 0 0 143 76 541 14 0 231 780 489 0 885 0 27 711 215 336 825 0 944 610 726 934 633 368 138 593 508 716 430 652 0 547 0 416 530 196 476 718 549 276 666 487 334 819 701 206 510 631 300 
35 0 549 802 695 76 576 0 0 0 668 494 594 813 312 820 902 111 0 32 0 634 783 752 855 0 0 41 296 0 0 103 345 0 999 0 866 444 371 750 21 361 0 943 732 0 902 0 580 152 891 0 0 403 329 196 0 221 404 239 952 211 0 113 705 535 173 0 781 0 687 57 0 0 787 895 87 28 0 411 0 901 217 302 0 336 381 0 436 0 148 756 0 941 244 0 0 0 
996 635 451 667 0 0 963 0 798 698 814 50 533 679 102 0 261 890 480 355 659 0 233 672 247 236 41 0 0 0 893 349 0 771 667 0 0 0 851 369 512 405 268 998 0 961 0 188 0 363 774 540 0 506 0 930 0 0 665 0 808 333 0 205 0 8 0 0 790 33 851 312 919 196 249 25 739 0 845 56 269 146 0 104 311 737 661 288 0 628 31 0 538 780 0 416 522 856 
484 525 379 354 359 463 484 0 339 539 783 887 0 0 505 833 451 0 51 0 0 844 169 325 21 195 296 0 0 490 781 0 570 0 870 0 0 883 270 580 0 108 717 0 6 463 0 146 537 0 59 785 813 810 803 0 382 6 108 825 77 402 69 3 174 205 567 746 0 299 788 845 472 181 0 961 347 0 10 0 960 743 173 879 524 647 50 720 0 994 867 92 932 358 138 0 0 0 
0 623 134 0 414 0 434 209 579 126 939 469 400 333 509 658 799 489 408 172 19 518 796 348 751 586 0 0 490 0 137 490 725 0 417 459 0 204 0 0 69 562 843 551 0 991 587 67 0 0 0 464 0 476 968 852 195 448 0 0 941 0 169 352 254 0 654 0 0 724 677 0 35 44 357 123 544 52 485 0 0 226 223 886 11 0 347 286 0 807 469 0 270 0 961 409 906 0 
0 175 812 657 632 0 832 294 348 0 356 122 969 417 280 844 0 0 0 79 0 984 0 0 757 494 0 893 781 137 0 0 182 169 795 0 533 805 912 656 0 0 118 101 553 693 0 763 617 550 200 804 0 137 622 645 340 154 967 129 227 764 285 538 764 0 559 615 576 946 0 0 614 4 545 887 0 323 236 599 633 0 191 0 740 20 316 818 274 642 0 0 137 0 0 0 143 0 
141 573 930 0 200 774 661 0 817 775 0 94 399 111 0 997 0 839 910 497 0 0 0 999 578 746 103 349 0 490 0 0 938 0 480 548 560 454 0 728 352 908 945 681 805 374 105 429 684 382 0 816 0 0 145 0 656 689 668 958 106 188 913 573 687 325 770 88 29 233 253 0 699 0 0 819 0 634 0 780 849 48 584 544 945 0 0 530 0 0 605 464 6 0 0 0 846 351 
356 299 463 697 847 793 212 562 843 236 173 0 708 78 969 229 881 921 765 775 272 844 72 785 737 731 345 0 570 725 182 938 0 508 225 240 450 541 749 0 511 420 481 599 0 693 965 777 902 0 793 495 112 335 714 219 611 966 548 0 115 727 732 553 0 141 0 246 920 348 191 94 208 66 972 330 356 473 848 778 0 0 148 724 786 426 0 728 618 0 431 0 285 436 145 0 216 522 
232 0 866 46 632 81 870 0 59 819 666 0 0 18 517 0 779 196 404 686 669 231 344 0 336 438 0 771 0 0 169 0 508 0 288 805 227 472 0 648 285 0 769 0 0 219 904 80 79 60 0 299 978 984 99 408 0 429 919 0 0 802 645 0 922 0 0 305 148 0 527 718 0 500 490 704 637 642 368 926 135 508 705 0 247 0 0 88 16 187 738 964 0 993 0 185 969 378 
284 628 958 145 545 0 0 471 448 970 431 0 259 613 15 401 426 61 596 0 786 652 837 846 0 0 999 667 870 417 795 480 225 288 0 730 877 0 327 606 0 0 753 92 370 188 964 156 774 866 0 538 0 569 0 0 689 0 0 332 0 755 904 732 308 337 300 104 749 672 24 0 0 331 0 739 358 644 260 935 437 702 49 183 1 203 191 605 89 394 0 756 829 687 253 0 283 0 
0 0 641 0 478 128 0 0 0 582 485 0 873 155 10 841 648 834 698 665 268 333 655 612 0 385 0 0 0 459 0 548 240 805 730 0 0 0 45 609 562 645 755 859 0 690 836 676 895 0 0 603 960 0 0 80 0 979 655 639 967 747 476 0 922 327 416 0 959 838 718 0 750 67 702 875 980 0 344 154 0 806 304 89 0 0 938 49 884 96 364 939 0 0 211 692 219 870 
0 654 376 822 0 956 0 175 0 0 504 32 105 222 0 702 402 639 847 9 795 0 0 585 772 522 866 0 0 0 533 560 450 227 877 0 0 402 0 878 577 0 328 869 913 0 693 974 618 622 808 380 982 0 0 0 406 991 344 633 0 0 842 4 0 451 673 0 383 348 615 905 121 0 174 496 977 549 0 632 909 534 274 619 0 791 0 721 612 0 822 707 590 412 672 658 169 0 
614 839 676 708 568 0 866 0 0 577 639 738 591 116 322 0 541 224 435 0 132 14 100 0 808 0 444 0 883 204 805 454 541 472 0 0 402 0 282 669 174 271 309 995 362 0 435 919 0 0 370 489 621 0 175 624 0 862 600 0 478 482 309 69 759 777 262 503 256 848 502 571 0 797 615 27 815 995 715 580 486 0 754 369 223 775 632 0 0 717 38 562 181 597 0 698 370 685 
430 397 473 609 629 86 265 393 41 983 979 181 417 0 979 0 774 0 0 0 0 0 331 331 142 0 371 851 270 0 912 0 749 0 327 45 0 282 0 828 906 0 931 418 6 357 147 0 304 0 526 777 0 0 249 0 46 60 0 642 515 964 0 222 360 142 849 319 390 0 745 801 805 320 0 766 26 595 0 659 0 0 563 0 0 514 889 538 981 50 928 0 377 309 0 0 485 479 
0 0 313 99 902 709 425 733 165 0 0 734 0 488 484 0 0 0 0 352 980 908 0 51 0 840 750 369 580 0 656 728 0 648 606 609 878 669 828 0 620 368 77 506 649 906 629 0 137 325 825 0 510 252 344 748 0 308 77 327 688 481 832 188 366 290 0 919 36 607 0 771 600 93 0 793 610 0 608 0 263 0 0 1 451 318 495 789 950 373 955 804 722 240 60 0 948 294 
0 820 0 583 580 594 0 306 6 747 776 361 429 157 0 816 325 112 728 0 521 951 0 329 0 30 21 512 0 69 0 352 511 285 0 562 577 174 906 620 0 832 201 775 0 687 685 694 303 310 69 0 0 0 502 124 106 4 43 478 969 0 896 180 330 160 975 945 743 68 768 993 882 547 95 557 0 538 0 0 0 430 0 206 954 0 0 59 78 642 0 436 266 484 0 522 710 996 
304 59 555 78 0 813 871 0 793 909 0 0 162 0 29 0 179 252 4 356 0 164 0 818 0 0 361 405 108 562 0 908 420 0 0 645 0 271 0 368 832 0 609 790 575 764 0 0 24 658 0 722 286 472 20 0 112 305 160 0 0 951 65 0 0 161 964 235 765 539 248 0 828 903 908 0 354 528 0 441 0 776 0 804 756 401 833 169 0 234 559 231 775 0 0 0 767 209 
0 927 555 286 896 474 10 789 425 941 0 302 352 0 0 724 310 905 272 745 53 155 674 0 828 902 0 268 717 843 118 945 481 769 753 755 328 309 931 77 201 609 0 824 0 212 756 237 0 616 968 145 241 0 299 0 0 263 525 564 902 85 847 876 921 175 772 326 0 442 432 657 402 255 894 396 537 0 408 268 68 0 0 835 804 0 182 119 945 839 143 305 0 0 768 219 0 300 
983 116 440 457 0 0 335 575 666 0 0 546 742 578 0 0 0 118 143 434 738 111 64 931 984 343 943 998 0 551 101 681 599 0 92 859 869 995 418 506 775 790 824 0 0 0 655 204 781 353 0 0 468 634 447 0 40 0 0 254 0 940 496 372 676 646 0 0 0 134 576 679 235 0 31 489 62 832 928 54 349 937 516 195 948 623 735 883 0 699 301 836 746 695 0 766 112 226 
590 0 218 363 444 332 119 490 598 0 491 466 991 0 370 637 110 506 0 195 372 108 0 208 806 0 732 0 6 0 553 805 0 0 370 0 913 362 6 649 0 575 0 0 0 509 0 232 185 485 187 38 180 104 960 915 0 0 829 0 687 470 765 930 0 371 0 835 712 182 840 808 105 32 952 0 769 415 810 108 0 890 994 700 0 0 534 0 111 424 937 0 945 679 295 66 548 891 
854 257 444 427 110 630 802 69 495 273 283 826 0 961 272 0 618 0 970 130 745 805 601 318 167 620 0 961 463 991 693 374 693 219 188 690 0 0 357 906 687 764 212 0 509 0 675 745 861 345 283 0 0 567 309 811 0 0 0 119 343 607 483 611 2 0 904 0 0 389 0 723 0 701 657 0 507 963 0 0 0 106 883 294 709 850 0 674 976 0 827 575 0 128 0 98 0 802 
815 0 764 817 794 688 841 237 844 0 903 0 416 791 977 279 477 0 188 914 41 469 96 0 0 0 902 0 0 587 0 105 965 904 964 836 693 435 147 629 685 0 756 655 0 675 0 588 407 788 751 950 320 923 462 0 554 617 0 0 116 665 0 444 223 581 358 468 661 620 0 44 286 996 467 496 188 247 987 321 161 473 611 121 0 108 0 260 5 21 704 157 0 613 350 760 555 966 
689 558 466 16 77 539 74 75 252 0 0 0 0 577 0 803 479 632 616 876 560 106 0 597 711 328 0 188 146 67 763 429 777 80 156 676 974 919 0 0 694 0 237 204 232 745 588 0 477 784 361 89 15 999 905 160 0 871 822 193 431 0 0 556 820 0 654 321 0 659 153 31 772 0 0 629 880 0 233 874 0 442 0 0 168 580 328 0 420 0 557 0 4 0 0 445 0 770 
110 730 988 196 963 728 515 20 776 559 0 113 899 306 665 639 754 465 0 100 416 794 783 642 720 0 580 0 537 0 617 684 902 79 774 895 618 0 304 137 303 24 0 781 185 861 407 477 0 890 338 74 11 416 0 307 156 0 80 692 672 704 796 282 0 259 321 671 550 619 292 0 920 337 882 0 53 235 610 984 43 169 389 372 804 0 0 895 326 0 593 0 331 715 622 269 19 0 
459 364 965 472 217 568 487 838 574 0 897 984 0 268 507 912 792 483 372 173 515 226 0 603 768 0 152 363 0 0 550 382 0 60 866 0 622 0 0 325 310 658 616 353 485 345 788 784 890 0 476 830 200 507 0 0 862 0 0 114 0 441 543 558 618 761 328 171 827 471 0 677 0 518 0 943 499 802 770 190 466 0 958 0 331 0 25 0 336 0 985 714 0 349 630 333 650 676 
13 739 201 831 499 0 770 182 249 669 731 108 862 31 693 0 226 276 305 0 909 0 920 358 208 143 891 774 59 0 200 0 793 0 0 0 808 370 526 825 69 0 968 0 187 283 751 361 338 476 0 994 307 748 193 612 346 940 234 50 237 0 913 783 473 353 691 0 279 372 499 634 376 943 0 0 224 0 970 227 339 387 711 925 29 213 0 0 719 201 416 550 931 204 117 0 808 972 
199 135 239 0 65 214 597 63 652 953 792 932 13 602 0 795 230 0 411 0 619 310 77 309 298 76 0 540 785 464 804 816 495 299 538 603 380 489 777 0 0 722 145 0 38 0 950 89 74 830 994 0 276 111 0 502 0 268 813 0 471 0 382 474 0 928 683 0 249 0 976 0 622 511 0 0 229 296 0 0 269 934 0 367 0 0 924 757 847 602 559 100 644 480 865 842 765 620 
0 927 731 0 0 0 235 473 928 85 396 184 0 111 122 689 318 240 882 174 272 180 0 828 834 541 0 0 813 0 0 0 112 978 0 960 982 621 0 510 0 286 241 468 180 0 320 15 11 200 307 276 0 315 0 0 619 0 370 923 0 730 990 326 424 0 47 712 872 565 0 560 467 385 0 0 0 36 241 526 704 246 0 382 546 283 704 548 984 218 271 123 0 0 941 37 675 956 
0 3 202 622 0 570 858 0 824 173 320 0 668 155 299 0 269 0 958 115 932 124 420 821 554 14 403 506 810 476 137 0 335 984 569 0 0 0 0 252 0 472 0 634 104 567 923 999 416 507 748 111 315 0 301 838 94 983 0 922 0 963 0 481 680 749 482 241 852 500 353 538 441 534 68 942 0 0 519 593 126 926 132 125 0 206 746 723 0 839 482 151 63 423 393 0 128 344 
251 161 269 678 344 115 792 0 509 956 382 171 133 285 0 549 0 0 22 293 517 35 106 30 545 0 329 0 803 968 622 145 714 99 0 0 0 175 249 344 502 20 299 447 960 309 462 905 0 0 193 0 0 301 0 288 0 89 756 960 0 941 449 928 0 564 0 625 371 165 147 0 1 763 881 367 954 0 338 155 822 214 0 406 718 384 0 237 135 169 0 815 352 558 714 823 574 118 
650 358 276 734 339 150 344 506 186 575 77 0 352 130 629 896 991 426 239 0 585 633 0 642 0 231 196 930 0 852 645 0 219 408 0 80 0 624 0 748 124 0 0 0 915 811 0 160 307 0 612 502 0 838 288 0 293 321 0 213 905 0 0 877 0 825 0 422 638 949 923 423 519 391 95 62 459 817 0 0 0 723 208 0 276 0 0 715 955 278 236 154 882 274 764 0 728 118 
0 937 0 435 0 243 162 283 0 513 573 0 836 52 121 327 315 799 718 630 309 0 547 889 0 780 0 0 382 195 340 656 611 0 689 0 406 0 46 0 106 112 0 40 0 0 554 0 156 862 346 0 619 94 0 293 0 350 704 655 502 0 333 465 676 0 662 0 619 623 771 160 744 686 897 0 661 148 676 451 682 913 964 0 0 199 888 138 0 570 123 384 358 834 209 7 703 546 
571 0 285 518 64 878 447 0 0 303 689 712 0 692 991 117 231 487 395 829 631 211 997 0 515 489 221 0 6 448 154 689 966 429 0 979 991 862 60 308 4 305 263 0 0 0 617 871 0 0 940 268 0 983 89 321 350 0 650 771 95 213 761 101 996 940 0 754 442 924 0 0 753 0 0 799 909 214 321 295 0 736 0 0 0 647 934 842 80 242 525 147 291 0 159 17 163 546 
949 457 0 0 802 504 244 611 209 169 97 896 226 320 745 0 583 0 0 831 0 804 0 846 423 0 404 665 108 0 967 668 548 919 0 655 344 600 0 77 43 160 525 0 829 0 0 822 80 0 234 813 370 0 756 0 704 650 0 714 0 0 0 0 242 559 0 48 872 0 64 50 0 591 654 0 844 668 0 0 200 0 0 623 772 238 883 273 856 887 593 0 414 241 488 380 757 420 
797 651 4 638 849 627 940 947 0 0 673 0 0 852 715 0 785 0 349 0 592 0 537 11 0 885 239 0 825 0 129 958 0 0 332 639 633 0 642 327 478 0 564 254 0 119 0 193 692 114 50 0 923 922 960 213 655 771 714 0 0 0 408 0 103 284 734 587 846 0 352 939 919 0 0 0 231 0 525 812 935 512 424 334 0 891 233 343 627 0 0 58 389 532 755 579 508 0 
20 0 0 0 629 0 0 0 121 270 0 772 495 562 298 534 0 685 198 0 72 702 341 0 923 0 952 808 77 941 227 106 115 0 0 967 0 478 515 688 969 0 902 0 687 343 116 431 672 0 237 471 0 0 0 905 502 95 0 0 0 907 615 926 830 307 223 738 540 0 135 450 539 0 981 989 0 0 248 759 365 0 902 0 576 51 377 470 176 196 609 188 922 939 946 0 16 669 
315 0 284 0 196 592 378 649 46 526 0 830 986 960 0 370 948 459 385 58 352 81 658 450 0 27 211 333 402 0 764 188 727 802 755 747 0 482 964 481 0 951 85 940 470 607 665 0 704 441 0 0 730 963 941 0 0 213 0 0 907 0 162 0 474 599 318 0 949 753 572 0 0 31 564 69 630 782 577 152 0 0 200 371 966 346 183 600 259 156 259 63 959 101 458 990 0 0 
615 589 897 332 732 386 0 954 0 822 418 0 694 178 0 0 162 470 3 875 0 300 480 589 423 711 0 0 69 169 285 913 732 645 904 476 842 309 0 832 896 65 847 496 765 483 0 0 796 543 913 382 990 0 449 0 333 761 0 408 615 162 0 379 780 728 356 0 959 799 40 301 878 0 812 97 916 543 665 237 889 338 0 824 777 264 772 0 450 0 647 210 0 0 0 377 946 366 
510 0 800 344 58 0 698 0 484 483 176 612 34 237 581 840 282 102 591 548 846 221 996 959 150 215 113 205 3 352 538 573 553 0 732 0 4 69 222 188 180 0 876 372 930 611 444 556 282 558 783 474 326 481 928 877 465 101 0 0 926 0 379 0 470 636 780 927 0 987 523 16 803 28 966 0 518 660 0 259 43 970 749 0 807 604 0 846 968 369 367 260 269 406 719 840 0 61 
794 184 37 0 590 461 0 0 780 0 52 860 854 0 784 0 747 0 0 265 783 704 548 0 948 336 705 0 174 254 764 687 0 922 308 922 0 759 360 366 330 0 921 676 0 2 223 820 0 618 473 0 424 680 0 0 676 996 242 103 830 474 780 470 0 13 593 0 194 978 0 0 819 0 64 452 45 83 711 947 842 7 271 361 357 997 0 643 1 13 370 556 688 695 79 604 0 601 
234 933 0 858 752 553 199 656 0 550 963 0 0 397 71 47 838 0 899 689 0 0 797 128 148 825 535 8 205 0 0 325 141 0 337 327 451 777 142 290 160 161 175 646 371 0 581 0 259 761 353 928 0 749 564 825 0 940 559 284 307 599 728 636 13 0 762 217 424 0 915 0 375 167 0 277 0 0 113 178 419 188 638 989 306 0 855 258 25 0 0 398 392 0 0 0 311 470 
955 782 458 0 527 0 0 691 632 688 820 571 334 580 401 977 174 0 517 470 265 357 692 60 0 0 173 0 567 654 559 770 0 0 300 416 673 262 849 0 975 964 772 0 0 904 358 654 321 328 691 683 47 482 0 0 662 0 0 734 223 318 356 780 593 762 0 447 966 4 115 778 269 12 493 328 257 360 909 271 0 228 629 277 854 0 0 501 932 311 389 913 525 117 201 490 29 662 
361 217 748 155 721 940 0 317 0 852 252 702 62 0 412 537 504 287 792 537 0 939 0 911 477 944 0 0 746 0 615 88 246 305 104 0 0 503 319 919 945 235 326 0 835 0 468 321 671 171 0 0 712 241 625 422 0 754 48 587 738 0 0 927 0 217 447 0 309 459 373 99 0 0 461 325 560 0 384 0 87 637 191 625 63 333 817 955 22 899 959 903 0 32 193 0 676 578 
0 568 581 607 698 313 212 0 880 549 0 978 568 226 37 0 0 683 104 744 850 0 836 183 353 610 781 790 0 0 576 29 920 148 749 959 383 256 390 36 743 765 0 0 712 0 661 0 550 827 279 249 872 852 371 638 619 442 872 846 540 949 959 0 194 424 966 309 0 182 0 0 0 0 0 717 0 492 956 824 0 843 121 667 990 0 254 967 225 250 738 156 640 211 0 989 0 326 
244 217 967 33 9 611 135 0 8 0 0 166 468 0 0 65 631 735 862 0 269 335 943 317 0 726 0 33 299 724 946 233 348 0 672 838 348 848 0 607 68 539 442 134 182 389 620 659 619 471 372 0 565 500 165 949 623 924 0 0 0 753 799 987 978 0 4 459 182 0 739 0 567 633 0 464 0 684 294 171 241 232 599 379 168 469 0 0 575 262 385 54 0 0 435 877 430 443 
323 237 435 0 61 850 298 210 0 43 0 689 851 306 0 946 910 371 0 36 618 604 734 555 0 934 687 851 788 677 0 253 191 527 24 718 615 502 745 0 768 248 432 576 840 0 0 153 292 0 499 976 0 353 147 923 771 0 64 352 135 572 40 523 0 915 115 373 0 739 0 470 609 0 418 699 0 0 536 237 920 0 287 0 53 0 0 587 568 931 9 890 0 944 984 352 0 695 
974 890 285 0 513 547 128 90 415 942 527 686 675 842 135 74 0 789 982 0 42 0 13 187 91 633 57 312 845 0 0 0 94 718 0 0 905 571 801 771 993 0 657 679 808 723 44 31 0 677 634 0 560 538 0 423 160 0 50 939 450 0 301 16 0 0 778 99 0 0 470 0 382 487 141 89 184 7 0 341 593 246 608 737 0 848 257 838 0 405 241 411 0 282 857 861 393 587 
0 0 332 480 540 0 898 0 161 960 860 265 0 67 224 0 864 621 799 414 113 461 510 0 283 368 0 919 472 35 614 699 208 0 0 750 121 0 805 600 882 828 402 235 105 0 286 772 920 0 376 622 467 441 1 519 744 753 0 919 539 0 878 803 819 375 269 0 0 567 609 382 0 0 267 469 0 497 670 951 871 566 17 595 98 923 0 395 602 370 370 0 0 0 0 461 0 276 
369 998 0 763 249 295 893 437 409 278 641 0 0 286 819 23 0 0 795 381 726 911 428 605 379 138 0 196 181 44 4 0 66 500 331 67 0 797 320 93 547 903 255 0 32 701 996 0 337 518 943 511 385 534 763 391 686 0 591 0 0 31 0 28 0 167 12 0 0 633 0 487 0 0 0 315 0 306 0 0 0 516 214 131 403 211 0 0 428 548 491 403 471 412 816 0 205 0 
0 967 308 625 71 278 139 442 815 760 445 93 834 276 151 808 244 496 986 845 432 58 0 600 0 593 787 249 0 357 545 0 972 490 0 702 174 615 0 0 95 908 894 31 952 657 467 0 882 0 0 0 0 68 881 95 897 0 654 0 981 564 812 966 64 0 493 461 0 0 418 141 267 0 0 0 544 0 263 410 346 0 864 234 0 534 397 454 0 986 13 762 154 218 653 965 0 802 
916 249 0 0 201 619 0 0 834 637 111 144 0 0 0 683 761 196 619 468 549 927 387 912 216 508 895 25 961 123 887 819 330 704 739 875 496 27 766 793 557 0 396 489 0 0 496 629 0 943 0 0 0 942 367 62 0 799 0 0 989 69 97 0 452 277 328 325 717 464 699 89 469 315 0 0 891 669 223 667 0 406 285 717 364 0 805 739 9 628 0 0 326 404 0 0 553 988 
0 323 0 0 0 0 0 0 0 996 0 0 979 338 927 698 143 511 651 109 977 687 0 204 37 716 87 739 347 544 0 0 356 637 358 980 977 815 26 610 0 354 537 62 769 507 188 880 53 499 224 229 0 0 954 459 661 909 844 231 0 630 916 518 45 0 257 560 0 0 0 184 0 0 544 891 0 74 0 0 891 770 413 474 625 941 815 432 481 626 354 623 36 148 5 423 0 841 
228 548 135 0 898 624 432 881 738 608 0 0 844 0 0 6 717 467 0 602 176 898 0 947 349 430 28 0 0 52 323 634 473 642 644 0 549 995 595 0 538 528 0 832 415 963 247 0 235 802 0 296 36 0 0 817 148 214 668 0 0 782 543 660 83 0 360 0 492 684 0 7 497 306 0 669 74 0 726 0 617 416 45 0 852 725 547 185 0 26 141 465 0 0 333 616 274 634 
0 930 346 282 290 0 334 863 484 0 0 737 378 898 599 981 555 0 0 0 0 788 836 68 401 652 0 845 10 485 236 0 848 368 260 344 0 715 0 608 0 0 408 928 810 0 987 233 610 770 970 0 241 519 338 0 676 321 0 525 248 577 665 0 711 113 909 384 956 294 536 0 670 0 263 223 0 726 0 653 713 0 283 18 0 274 99 203 0 176 165 313 212 703 672 871 0 752 
755 0 0 578 169 682 996 103 275 230 263 75 251 414 726 0 0 759 55 2 0 0 59 611 903 0 411 56 0 0 599 780 778 926 935 154 632 580 659 0 0 441 268 54 108 0 321 874 984 190 227 0 526 593 155 0 451 295 0 812 759 152 237 259 947 178 271 0 824 171 237 341 951 0 410 667 0 0 653 0 574 167 957 47 338 210 655 9 369 273 574 181 906 500 350 0 0 340 
0 690 909 476 0 0 700 70 699 223 173 721 410 361 0 111 851 329 588 0 730 301 0 183 36 547 0 269 960 0 633 849 0 135 437 0 909 486 0 263 0 0 68 349 0 0 161 0 43 466 339 269 704 126 822 0 682 0 200 935 365 0 889 43 842 419 0 87 0 241 920 593 871 0 346 0 891 617 713 574 0 473 32 493 0 181 0 0 180 446 951 921 0 290 921 971 671 333 
965 52 468 473 411 301 203 371 886 464 113 281 0 0 479 610 56 182 728 0 596 370 0 244 391 0 901 146 743 226 0 48 0 508 702 806 534 0 0 0 430 776 0 937 890 106 473 442 169 0 387 934 246 926 214 723 913 736 0 512 0 0 338 970 7 188 228 637 843 232 0 246 566 516 0 406 770 416 0 167 473 0 486 844 430 903 0 221 265 370 0 0 0 0 28 82 669 0 
0 215 851 549 58 0 548 0 0 114 589 84 0 313 817 0 916 297 16 0 723 4 239 990 329 416 217 0 173 223 191 584 148 705 49 304 274 754 563 0 0 0 0 516 994 883 611 0 389 958 711 0 0 132 0 208 964 0 0 424 902 200 0 749 271 638 629 191 121 599 287 608 17 214 864 285 413 45 283 957 32 486 0 807 860 0 0 0 0 782 760 800 153 591 356 962 730 637 
382 731 444 408 800 965 307 0 583 405 814 427 415 75 658 787 953 589 0 141 0 52 7 0 520 530 302 104 879 886 0 544 724 0 183 89 619 369 0 1 206 804 835 195 700 294 121 0 372 0 925 367 382 125 406 0 0 0 623 334 0 371 824 0 361 989 277 625 667 379 0 737 595 131 234 717 474 0 18 47 493 844 807 0 0 668 321 314 957 74 556 0 38 0 0 463 317 968 
0 52 51 19 152 261 0 729 351 404 0 138 0 807 697 113 435 874 0 52 526 927 754 147 757 196 0 311 524 11 740 945 786 247 1 0 0 223 0 451 954 756 804 948 0 709 0 168 804 331 29 0 546 0 718 276 0 0 772 0 576 966 777 807 357 306 854 63 990 168 53 0 98 403 0 364 625 852 0 338 0 430 860 0 0 0 129 523 0 0 867 918 158 0 859 375 903 570 
0 218 967 0 875 510 0 0 580 358 886 869 400 853 0 639 348 356 0 922 245 530 776 636 0 476 336 737 647 0 20 0 426 0 203 0 791 775 514 318 0 401 0 623 0 850 108 580 0 0 213 0 283 206 384 0 199 647 238 891 51 346 264 604 997 0 0 333 0 469 0 848 923 211 534 0 941 725 274 210 181 903 0 668 0 0 118 0 790 635 0 0 777 721 671 646 0 497 
143 0 529 900 919 936 63 0 787 0 958 340 0 827 542 679 882 397 0 663 0 0 0 0 77 718 381 661 50 347 316 0 0 0 191 938 0 632 889 495 0 833 182 735 534 0 0 328 0 25 0 924 704 746 0 0 888 934 883 233 377 183 772 0 0 855 0 817 254 0 0 257 0 0 397 805 815 547 99 655 0 0 0 321 129 118 0 0 0 0 319 0 244 672 955 0 580 791 
838 0 583 0 213 915 92 481 787 652 609 384 546 792 455 156 407 607 300 766 0 944 859 451 345 549 0 288 720 286 818 530 728 88 605 49 721 0 538 789 59 169 119 883 0 674 260 0 895 0 0 757 548 723 237 715 138 842 273 343 470 600 0 846 643 258 501 955 967 0 587 838 395 0 454 739 432 185 203 9 0 221 0 314 523 0 0 0 0 115 883 0 0 0 0 86 0 0 
114 0 650 261 0 0 0 499 806 882 0 304 0 731 629 996 131 557 329 291 0 0 399 12 857 276 436 0 0 0 274 0 618 16 89 884 612 0 981 950 78 0 945 0 111 976 5 420 326 336 719 847 984 0 135 955 0 80 856 627 176 259 450 968 1 25 932 22 225 575 568 0 602 428 0 9 481 0 0 369 180 265 0 957 0 790 0 0 0 99 0 420 0 646 262 608 696 187 
969 674 176 240 812 665 0 464 114 526 497 558 182 649 884 423 6 469 0 0 979 926 210 823 227 666 0 628 994 807 642 0 0 187 394 96 0 717 50 373 642 234 839 699 424 0 21 0 0 0 201 602 218 839 169 278 570 242 887 0 196 156 0 369 13 0 311 899 250 262 931 405 370 548 986 628 626 26 176 273 446 370 782 74 0 635 0 115 99 0 636 0 0 976 0 146 391 838 
25 273 564 158 766 0 720 830 402 0 178 184 864 545 973 0 311 0 478 296 0 825 661 978 948 487 148 31 867 469 0 605 431 738 0 364 822 38 928 955 0 559 143 301 937 827 704 557 593 985 416 559 271 482 0 236 123 525 593 0 609 259 647 367 370 0 389 959 738 385 9 241 370 491 13 0 354 141 165 574 951 0 760 556 867 0 319 883 0 636 0 0 798 0 0 567 953 536 
442 16 558 273 969 822 791 167 860 0 141 999 703 328 870 618 259 0 195 19 429 330 512 703 376 334 756 0 92 0 0 464 0 964 756 939 707 562 0 804 436 231 305 836 0 575 157 0 0 714 550 100 123 151 815 154 384 147 0 58 188 63 210 260 556 398 913 903 156 54 890 411 0 403 762 0 623 465 313 181 921 0 800 0 918 0 0 0 420 0 0 0 0 591 0 942 624 500 
751 612 799 890 0 0 461 0 715 109 943 41 691 110 616 574 928 643 0 341 0 587 850 0 791 819 0 538 932 270 137 6 285 0 829 0 590 181 377 722 266 775 0 746 945 0 0 4 331 0 931 644 0 63 352 882 358 291 414 389 922 959 0 269 688 392 525 0 640 0 0 0 0 471 154 326 36 0 212 906 0 0 153 38 158 777 244 0 0 0 798 0 0 256 977 0 644 82 
447 853 973 917 0 580 331 596 454 400 840 833 884 493 139 832 216 403 272 651 175 385 756 791 736 701 941 780 358 0 0 0 436 993 687 0 412 597 309 240 484 0 0 695 679 128 613 0 715 349 204 480 0 423 558 274 834 0 241 532 939 101 0 406 695 0 117 32 211 0 944 282 0 412 218 404 148 0 703 500 290 0 591 0 0 721 672 0 646 976 0 591 256 0 442 234 478 0 
189 474 554 160 0 692 0 0 402 0 591 0 689 0 537 773 0 0 0 0 484 374 681 520 444 206 244 0 138 961 0 0 145 0 253 211 672 0 0 60 0 0 768 0 295 0 350 0 622 630 117 865 941 393 714 764 209 159 488 755 946 458 0 719 79 0 201 193 0 435 984 857 0 816 653 0 5 333 672 350 921 28 356 0 859 671 955 0 262 0 0 0 977 442 0 14 0 473 
283 0 998 508 155 674 651 0 351 70 322 346 0 0 582 32 347 0 0 441 642 238 353 89 733 510 0 416 0 409 0 0 0 185 0 692 658 698 0 0 522 0 219 766 66 98 760 445 269 333 0 842 37 0 823 0 7 17 380 579 0 990 377 840 604 0 490 0 989 877 352 861 461 0 965 0 423 616 871 0 971 82 962 463 375 646 0 86 608 146 567 942 0 234 14 0 0 296 
404 453 0 303 260 706 0 0 871 772 279 0 0 578 945 581 0 0 655 774 912 528 890 511 229 631 0 522 0 906 143 846 216 969 283 219 169 370 485 948 710 767 0 112 548 0 555 0 19 650 808 765 675 128 574 728 703 163 757 508 16 0 946 0 0 311 29 676 0 430 0 393 0 205 0 553 0 274 0 0 671 669 730 317 903 0 580 0 696 391 953 624 644 478 0 0 0 307 
854 929 0 175 270 0 0 390 754 313 198 0 0 0 499 314 961 881 590 384 772 0 510 242 356 300 0 856 0 0 0 351 522 378 0 870 0 685 479 294 996 209 300 226 891 802 966 770 0 676 972 620 956 344 118 118 546 546 420 0 669 0 366 61 601 470 662 578 326 443 695 587 276 0 802 988 841 634 752 340 333 0 637 968 570 497 791 0 187 838 536 500 82 0 473 296 307 0 
