0 493 700 964 478 0 936 343 14 140 580 517 0 496 90 855 0 812 0 201 123 38 0 382 949 278 94 276 0 519 514 101 669 325 762 879 0 161 759 0 0 341 681 873 94 623 26 431 0 0 0 397 475 782 380 0 353 341 0 0 0 42 0 876 387 0 0 846 0 908 710 321 0 820 0 0 0 767 998 518 945 0 570 83 607 0 0 769 818 687 3 868 532 752 563 235 470 415 580 279 404 3 0 0 0 132 822 153 0 31 35 72 0 0 10 774 993 429 470 257 565 0 59 0 34 107 412 95 953 607 230 331 711 0 760 785 584 0 0 991 598 348 264 903 139 301 130 328 521 0 562 541 426 0 684 707 644 44 719 0 102 162 243 267 882 785 900 659 244 646 28 36 358 568 91 820 0 366 0 610 844 221 435 434 59 569 86 0 577 0 841 618 532 941 741 16 0 167 194 312 791 164 0 338 538 693 774 604 192 0 68 626 0 153 956 764 62 
493 0 120 190 0 784 285 0 48 129 198 593 136 944 628 0 0 223 77 832 107 0 816 786 91 487 309 0 634 405 770 714 152 276 0 32 333 337 26 0 758 54 580 0 386 209 160 48 0 9 0 365 679 462 0 78 594 61 0 677 11 746 709 863 0 0 916 890 0 879 0 757 439 0 0 0 32 61 0 609 692 843 609 68 482 41 115 951 223 523 0 0 367 867 0 0 596 0 620 449 0 188 0 171 0 575 0 119 0 0 0 0 692 382 812 363 0 439 276 329 207 455 646 521 178 465 992 0 531 236 0 353 0 325 0 286 200 982 466 600 681 855 0 522 553 372 601 980 531 831 0 818 739 207 499 758 0 224 195 0 414 0 581 29 536 138 493 42 828 609 777 5 0 584 0 70 16 583 0 308 963 492 738 0 983 229 604 442 239 959 123 721 820 715 144 886 979 243 378 0 79 51 746 96 204 423 466 757 0 642 0 86 35 0 0 0 556 
700 120 0 577 6 0 0 418 0 216 363 0 923 0 742 972 176 0 0 0 0 418 872 310 951 783 0 0 617 530 41 548 373 300 54 453 771 973 886 823 86 648 60 0 342 768 336 464 0 0 520 210 975 658 0 30 910 0 481 51 932 0 122 0 596 363 516 422 0 0 0 326 0 96 533 490 541 218 440 934 0 0 584 0 720 506 0 56 958 536 0 0 105 338 974 0 0 190 364 686 362 0 745 0 639 492 954 0 0 920 758 0 103 21 726 0 554 0 374 338 243 699 881 0 544 562 0 888 0 644 42 0 210 693 956 0 372 65 223 0 86 384 493 543 611 0 0 53 704 907 0 554 701 441 937 90 821 317 884 777 0 436 327 872 679 814 414 0 739 383 0 0 304 756 862 89 576 925 614 329 521 658 17 288 0 807 183 921 785 714 782 727 957 0 965 44 698 0 579 227 791 894 0 247 0 550 622 0 952 0 0 454 993 0 451 513 258 
964 190 577 0 769 19 55 477 572 500 0 420 20 55 0 442 0 0 0 640 917 626 353 0 586 494 473 66 341 565 865 561 593 693 0 283 0 924 960 308 866 701 781 271 581 341 496 367 486 930 511 684 456 453 0 0 98 487 85 417 25 0 311 368 423 910 153 0 451 0 566 419 758 640 689 696 0 0 89 657 166 947 132 32 63 0 0 21 0 357 107 0 164 645 0 648 504 0 334 0 385 0 425 457 994 972 633 962 0 233 0 930 796 991 0 110 580 625 962 801 804 349 540 0 298 457 40 990 180 132 741 0 0 907 0 613 0 0 338 733 121 0 0 0 763 455 0 780 1 62 159 557 0 298 0 518 671 438 0 0 175 477 947 291 0 0 418 723 0 74 0 5 220 380 691 0 231 0 0 47 348 0 222 0 969 0 708 937 0 0 337 717 417 223 0 231 926 837 428 115 0 694 88 0 853 683 0 739 298 626 157 804 697 610 939 409 224 
478 0 6 769 0 0 62 833 90 832 422 174 0 0 451 0 587 194 0 384 983 0 763 894 0 10 0 972 438 63 933 0 590 0 0 616 798 0 0 74 0 658 0 0 203 731 5 0 858 855 891 148 535 354 261 151 959 176 534 525 320 455 44 129 519 689 0 402 435 530 0 609 396 0 0 664 600 622 299 492 677 58 449 0 672 910 763 727 26 0 263 634 0 464 894 0 430 891 882 582 142 127 396 0 484 128 0 339 454 768 977 450 505 737 212 0 14 399 340 241 290 614 0 204 444 0 620 458 41 0 868 0 499 572 154 215 66 170 645 0 867 834 0 0 582 932 0 0 513 0 776 813 414 0 478 0 510 481 884 927 654 0 984 0 562 430 0 547 125 531 0 654 742 548 714 0 499 0 18 0 144 0 36 630 421 0 444 171 0 658 0 0 130 174 0 864 767 376 133 0 766 747 610 0 0 0 858 281 966 581 297 0 745 771 67 973 544 
0 784 0 19 0 0 964 811 0 0 0 834 618 0 54 0 640 635 0 649 91 662 929 772 665 222 0 895 0 771 0 268 0 761 359 332 90 70 164 666 0 168 698 12 569 0 735 0 45 793 349 6 773 973 818 298 632 0 670 359 66 0 489 785 186 487 599 0 0 530 694 138 0 0 269 837 368 569 707 75 366 373 0 0 135 0 972 0 179 203 921 877 756 336 837 279 878 663 441 806 348 390 442 346 217 188 787 119 801 882 0 691 551 487 453 813 98 515 294 616 0 465 76 513 106 731 621 0 844 107 308 0 445 96 0 0 835 0 401 920 199 569 894 826 8 0 265 541 568 875 517 0 484 158 512 0 288 0 232 154 110 886 973 0 731 280 429 326 48 452 915 0 737 0 747 917 607 322 519 743 0 711 464 421 346 660 0 821 6 954 231 826 99 166 929 239 413 796 447 942 495 0 0 657 134 977 543 934 739 919 994 0 337 0 413 510 0 
936 285 0 55 62 964 0 82 309 0 681 876 141 613 262 893 299 0 897 975 395 750 601 679 920 693 665 472 535 0 616 972 848 0 785 70 433 88 520 184 357 562 554 0 252 321 0 0 0 754 312 394 871 404 149 401 673 0 0 0 887 0 222 661 618 0 153 866 117 679 210 605 896 534 0 392 0 19 0 71 585 0 0 422 789 905 207 68 369 771 328 56 914 388 0 495 764 682 354 953 0 211 993 240 0 0 446 150 0 218 511 657 596 804 444 650 0 772 199 0 0 340 788 16 50 0 0 0 0 410 0 802 0 680 754 754 634 930 79 847 255 0 362 366 0 670 989 732 739 986 422 793 237 0 227 856 891 301 601 313 0 532 0 185 6 111 989 344 964 144 0 721 0 758 134 968 751 691 267 986 405 421 568 0 182 710 3 428 662 246 919 738 0 930 146 0 0 0 339 168 0 585 145 16 258 783 648 0 995 383 713 273 28 807 27 826 516 
343 0 418 477 833 811 82 0 0 5 0 802 0 171 326 202 601 135 0 544 792 114 663 521 444 292 498 553 30 422 567 398 0 977 0 607 171 276 0 828 43 60 0 269 436 0 921 0 166 0 843 0 120 642 965 38 63 0 121 0 283 7 490 563 0 0 0 0 0 541 95 619 0 89 0 0 869 509 316 678 988 551 469 39 184 697 437 450 223 275 753 977 707 84 0 0 0 0 516 599 0 93 0 0 703 322 466 0 621 918 336 979 298 160 663 0 0 975 552 0 0 671 0 0 35 917 0 254 514 907 535 852 58 799 0 0 847 940 18 138 0 118 0 0 242 28 9 811 0 501 676 0 475 0 0 956 53 86 0 409 99 182 957 818 43 879 716 454 489 24 0 0 957 482 0 415 84 584 690 0 317 0 0 0 210 0 873 378 928 660 0 113 424 361 684 616 106 0 129 731 345 708 846 336 87 0 136 0 0 724 480 51 861 0 0 789 581 
14 48 0 572 90 0 309 0 0 416 955 636 0 0 279 577 937 933 141 966 65 0 296 460 417 0 262 0 302 742 466 977 717 0 63 735 393 396 70 455 138 998 0 459 864 575 379 0 266 323 965 49 0 0 226 670 450 0 879 504 572 623 467 381 473 674 851 0 666 97 114 524 378 0 209 386 932 171 372 0 0 836 778 0 107 344 799 269 410 0 924 0 376 340 727 329 92 691 316 897 797 0 770 558 32 893 0 544 405 891 621 0 361 675 641 249 378 413 323 0 376 975 8 192 509 796 7 445 0 751 37 44 180 0 237 0 682 887 232 139 561 0 0 993 531 0 172 5 768 57 31 319 608 573 675 688 0 213 0 702 139 31 632 846 914 525 0 780 768 422 541 987 0 0 900 984 0 611 0 49 455 0 0 720 501 0 742 318 293 0 0 140 0 453 256 204 373 0 0 537 794 140 346 195 560 877 824 32 747 138 0 620 309 859 724 660 616 
140 129 216 500 832 0 0 5 416 0 272 848 0 933 430 0 0 921 0 576 37 0 744 0 0 0 792 757 196 79 256 0 22 290 619 421 0 0 959 0 0 767 736 0 97 214 790 970 611 0 551 0 691 0 0 268 0 931 704 955 348 877 460 671 0 331 611 454 244 410 148 881 0 627 101 367 367 205 751 285 0 910 595 34 447 629 800 485 120 896 296 553 0 0 876 282 54 0 730 566 821 607 775 28 668 0 258 0 872 904 0 664 0 777 742 0 779 868 179 463 742 635 6 324 0 612 428 924 628 82 0 409 709 879 0 936 789 183 55 923 283 316 0 636 181 411 908 0 100 0 655 0 46 26 401 446 34 480 1 55 0 20 0 700 53 388 930 728 220 893 728 211 0 743 0 0 0 394 571 0 700 620 287 269 0 0 818 486 347 0 0 128 739 0 17 373 688 921 465 433 758 309 4 682 0 0 699 668 0 796 519 443 344 14 76 680 692 
580 198 363 0 422 0 681 0 955 272 0 0 218 91 388 0 764 0 320 738 871 722 0 983 732 0 0 952 466 0 242 0 316 160 0 834 836 0 747 228 0 844 607 331 431 0 0 218 862 0 82 381 940 785 0 926 0 161 0 597 0 113 902 395 0 249 218 0 447 539 318 133 690 273 0 0 0 454 0 307 615 917 178 209 602 966 708 0 336 42 623 0 0 0 598 0 723 0 0 922 257 84 846 51 639 391 548 450 244 194 703 499 747 66 0 0 871 0 0 526 430 0 474 0 473 935 832 559 992 390 963 129 0 0 389 190 634 810 944 646 0 812 588 351 954 947 966 0 158 0 78 0 449 389 0 497 147 967 48 924 508 0 207 815 947 731 243 890 666 395 0 445 289 661 213 331 407 278 536 856 0 993 0 0 948 0 493 474 605 536 987 641 294 203 718 812 0 994 340 751 769 0 121 0 981 375 237 966 343 311 0 219 703 148 342 400 894 
517 593 0 420 174 834 876 802 636 848 0 0 765 714 0 588 497 0 857 694 0 910 775 0 0 887 0 516 234 801 370 447 0 0 272 0 574 243 497 12 0 551 123 587 828 48 694 586 0 280 676 743 418 7 140 0 571 179 97 998 459 964 0 688 279 918 895 935 370 732 298 829 381 129 21 904 438 908 127 666 147 117 0 405 0 863 478 0 258 0 865 310 0 776 420 0 681 881 644 683 417 742 350 887 0 0 859 936 0 947 391 561 0 353 0 237 0 765 725 0 0 896 743 883 123 0 449 593 101 87 202 883 0 0 84 570 744 0 829 680 795 56 971 893 449 794 313 906 877 742 256 766 231 0 528 910 0 158 418 0 751 373 696 853 134 0 0 0 0 708 0 656 0 0 562 0 293 788 414 0 490 0 0 869 100 236 444 34 525 202 776 648 886 142 0 673 130 656 722 64 0 0 861 356 0 414 975 0 643 0 378 234 303 592 666 0 145 
0 136 923 20 0 618 141 0 0 0 218 765 0 891 324 772 143 0 256 107 730 0 390 698 0 0 0 0 95 120 757 0 386 25 445 373 969 244 0 124 375 766 163 689 775 0 994 493 189 0 0 65 115 246 76 214 367 291 43 86 397 661 0 802 512 800 908 648 704 49 981 83 699 0 311 800 338 277 881 890 346 129 0 610 827 533 750 941 479 0 0 270 379 791 402 32 967 660 744 401 428 435 495 685 186 824 0 157 881 183 78 736 0 798 704 0 920 0 161 901 801 660 0 27 809 798 0 843 941 685 0 6 185 0 891 791 562 380 246 0 200 46 121 332 0 0 632 767 984 796 236 0 0 0 680 861 11 775 660 917 0 757 689 982 0 131 560 441 0 0 0 447 0 859 0 854 854 449 0 11 23 207 88 448 310 296 0 6 438 70 266 609 55 277 397 43 403 128 0 0 851 14 756 356 771 68 363 0 168 788 289 0 824 0 400 0 0 
496 944 0 55 0 0 613 171 0 933 91 714 891 0 533 0 53 75 219 800 649 677 297 567 709 903 724 597 592 785 0 602 0 523 2 676 918 641 0 10 0 0 159 0 864 52 5 818 0 183 431 647 0 547 42 0 605 687 90 620 787 516 290 0 0 130 969 374 214 0 341 688 0 0 81 0 230 555 792 237 83 295 416 358 565 0 398 875 0 778 597 0 400 494 0 142 416 471 0 253 314 760 195 772 0 0 269 444 0 593 377 479 0 0 11 409 128 0 788 0 0 0 571 0 270 761 0 9 947 598 460 710 672 821 162 0 273 210 96 597 569 0 329 756 35 204 142 58 0 0 22 274 135 817 260 0 95 312 231 0 160 674 0 0 564 252 0 353 322 723 0 763 0 143 755 750 682 0 729 891 0 0 287 0 46 170 686 804 705 542 165 180 109 777 0 418 0 0 0 440 191 243 550 526 556 927 0 653 689 30 767 205 722 232 108 372 500 
90 628 742 0 451 54 262 326 279 430 388 0 324 533 0 0 0 203 543 0 134 912 740 0 217 593 0 312 0 576 111 435 826 0 864 744 0 569 538 131 103 746 0 378 147 854 9 615 0 274 0 123 0 332 0 0 72 357 464 478 2 101 0 859 570 817 446 249 812 845 144 2 132 36 414 0 711 628 314 609 0 123 0 285 381 0 0 0 106 474 0 0 0 32 550 653 0 802 759 0 787 220 955 0 687 788 463 703 275 434 176 498 0 868 0 295 0 308 434 376 0 0 9 449 0 211 0 0 362 625 0 93 803 764 130 97 274 542 747 855 0 163 263 568 989 746 0 40 734 634 794 478 396 856 0 0 845 208 123 549 423 919 804 908 556 29 249 876 134 199 0 681 390 434 188 466 0 830 0 626 618 0 779 0 552 226 0 846 0 87 0 659 886 833 0 240 318 962 891 282 78 23 146 615 0 564 0 644 0 0 611 855 0 733 844 646 0 
855 0 972 442 0 0 893 202 577 0 0 588 772 0 0 0 27 691 0 570 257 437 293 220 0 102 901 201 295 988 174 485 11 151 787 795 671 206 555 820 803 877 0 0 0 850 13 242 465 0 267 794 233 909 0 473 920 298 0 658 0 305 366 110 0 237 0 542 949 83 785 48 400 659 0 833 0 567 316 0 0 160 704 18 716 316 401 0 840 0 0 754 978 93 0 0 0 0 104 96 771 373 819 0 181 843 376 882 0 908 57 606 331 293 634 944 532 731 129 392 256 0 343 560 0 426 148 0 771 359 334 179 681 833 435 898 958 649 503 0 0 745 876 658 708 553 112 0 595 271 837 0 635 0 0 769 167 569 0 0 905 989 217 928 228 0 0 0 460 169 988 612 28 967 832 879 787 857 221 500 247 0 323 0 612 753 138 909 994 282 433 318 389 450 0 0 671 292 0 0 288 851 522 848 914 578 925 0 0 256 0 251 178 316 0 90 425 
0 0 176 0 587 640 299 601 937 0 764 497 143 53 0 27 0 699 0 878 790 342 0 96 938 261 0 980 681 0 832 465 26 785 0 214 703 0 815 111 782 0 296 586 932 793 0 0 946 268 689 391 194 815 0 0 92 316 713 625 539 769 248 430 575 16 0 447 0 858 0 262 116 248 686 0 496 873 628 0 252 566 0 242 61 209 806 219 846 0 0 809 62 56 191 238 373 0 393 245 494 708 477 598 0 0 421 0 92 981 0 0 211 304 0 0 675 188 826 50 590 987 513 201 158 101 638 430 83 753 970 0 897 645 507 523 610 395 324 52 258 18 917 0 0 997 603 416 217 467 769 754 814 406 935 436 436 538 785 1 763 694 268 744 0 998 805 479 376 0 173 0 172 902 0 98 2 0 0 295 0 664 0 446 691 441 834 0 0 865 629 740 169 821 407 91 289 761 252 289 8 343 358 135 0 400 459 360 795 852 937 442 282 925 790 304 656 
812 223 0 0 194 635 0 135 933 921 0 0 0 75 203 691 699 0 128 167 558 602 411 550 463 0 493 365 600 0 195 954 759 44 507 0 413 292 544 0 926 861 667 414 578 0 0 176 235 168 742 112 0 128 0 99 468 30 990 0 942 0 260 0 181 988 737 0 687 344 653 573 944 0 663 730 0 459 552 0 0 945 0 889 858 740 558 917 821 0 335 0 168 615 831 785 514 658 0 34 827 0 0 142 0 635 411 976 533 189 0 704 48 904 0 17 0 686 859 0 461 266 653 123 0 672 526 640 542 741 369 0 576 554 950 0 321 832 0 645 0 899 0 86 981 674 475 241 0 99 856 0 860 0 116 77 39 290 854 142 545 942 0 635 544 0 222 0 708 0 0 0 0 0 0 0 997 439 113 0 126 732 74 148 85 583 54 904 0 500 623 459 956 552 109 499 0 525 0 744 900 98 708 319 369 946 0 773 179 0 496 751 508 281 0 917 334 
0 77 0 0 0 0 897 0 141 0 320 857 256 219 543 0 0 128 0 901 0 649 0 459 208 57 365 752 589 717 892 683 0 358 0 316 342 770 154 797 0 999 602 727 758 334 421 0 174 73 0 703 0 486 0 124 302 502 129 709 663 949 576 637 0 469 0 0 217 26 625 775 3 670 804 665 106 0 532 0 19 0 281 0 854 0 413 528 22 0 0 493 351 237 335 679 977 0 370 888 698 7 196 851 0 0 0 319 486 525 388 12 414 771 432 597 496 859 0 588 0 580 185 807 554 205 0 0 13 927 502 77 0 0 294 686 0 0 821 687 0 564 0 176 850 56 842 493 298 716 0 137 337 809 876 359 936 956 911 360 642 130 291 956 0 164 0 384 126 272 524 0 319 0 0 0 0 0 753 266 0 914 326 0 401 356 0 353 749 0 405 504 331 427 644 356 998 0 963 538 157 950 1 214 311 688 380 689 84 0 243 473 25 676 0 0 699 
201 832 0 640 384 649 975 544 966 576 738 694 107 800 0 570 878 167 901 0 0 0 652 244 499 182 788 649 0 588 776 247 602 0 0 0 247 0 923 0 0 519 140 830 537 627 282 848 0 944 727 109 231 0 967 955 725 773 507 970 836 0 522 676 0 435 276 128 384 49 792 610 0 639 541 650 153 656 516 4 0 72 0 163 437 661 0 0 0 607 0 611 0 0 552 226 934 0 0 0 824 530 0 83 949 272 764 0 0 784 853 0 927 693 412 10 0 961 600 0 0 979 366 275 811 763 932 473 0 0 13 638 413 950 0 0 624 491 0 155 309 389 206 681 0 207 0 320 527 451 442 63 508 738 770 87 658 856 522 274 391 962 281 633 597 458 290 208 0 308 627 98 854 17 867 577 572 255 0 469 565 659 891 459 0 574 951 0 85 413 621 61 149 0 895 165 17 936 0 0 907 554 773 0 446 627 0 657 844 226 756 277 0 836 490 832 5 
123 107 0 917 983 91 395 792 65 37 871 0 730 649 134 257 790 558 0 0 0 57 399 0 973 343 276 844 0 0 142 618 658 261 254 281 759 68 683 876 0 0 560 869 182 286 964 0 0 388 679 528 0 354 10 0 80 255 29 0 566 624 624 352 117 892 68 0 0 150 0 809 0 145 714 723 848 0 0 345 547 383 570 443 0 220 323 847 461 627 0 54 663 0 748 66 699 239 0 0 663 296 467 0 109 2 12 0 738 0 478 295 137 0 221 485 801 349 512 121 760 966 774 72 106 500 173 583 0 11 363 753 846 691 362 993 148 0 0 875 0 0 800 886 411 245 152 231 0 745 129 492 989 926 148 455 507 58 716 921 596 933 13 0 85 944 137 516 866 0 829 0 0 146 0 296 164 0 170 73 301 0 213 472 659 127 460 0 894 63 108 0 866 916 372 56 492 896 694 976 851 719 276 938 297 753 0 534 460 781 919 87 385 238 787 994 775 
38 0 418 626 0 662 750 114 0 0 722 910 0 677 912 437 342 602 649 0 57 0 0 767 782 812 912 559 276 226 964 819 103 723 944 358 349 412 827 359 603 0 856 0 0 96 673 0 0 0 159 610 646 0 0 0 449 0 0 0 138 0 142 0 0 104 343 344 144 881 465 113 411 457 270 0 363 0 251 105 0 389 407 978 957 396 0 295 163 759 617 862 636 764 0 887 975 0 0 584 92 0 963 727 238 287 940 611 0 282 925 221 532 527 0 430 0 526 2 920 834 134 135 414 0 845 336 612 824 536 619 897 32 432 149 673 0 411 569 0 438 0 0 100 387 957 0 709 21 176 485 505 0 904 0 739 158 145 934 0 179 165 0 126 0 266 130 279 90 673 761 521 803 0 184 0 259 463 0 958 0 780 885 497 179 0 0 881 426 788 838 593 767 45 98 769 307 443 656 321 0 995 378 319 0 0 116 18 826 0 148 646 0 178 0 436 0 
0 816 872 353 763 929 601 663 296 744 0 775 390 297 740 293 0 411 0 652 399 0 0 469 318 994 0 945 757 0 173 893 717 582 0 749 415 0 838 351 161 0 0 704 541 235 658 772 0 524 139 829 921 101 245 165 0 621 0 307 243 917 216 915 0 893 344 21 779 906 887 593 857 687 837 771 42 0 0 0 0 0 158 0 469 0 285 338 265 52 0 454 237 326 348 78 0 635 782 757 583 576 745 728 884 375 0 0 0 624 839 0 630 52 75 620 821 8 241 0 601 863 449 129 313 412 419 0 686 354 323 0 0 607 488 0 77 705 0 501 0 590 903 228 382 167 674 57 530 862 0 972 0 0 390 64 559 70 47 699 624 994 352 106 559 630 659 57 752 83 960 829 25 858 33 345 362 702 192 4 635 363 329 62 0 254 363 0 333 91 681 70 275 766 517 686 770 375 376 950 0 813 137 565 504 182 0 528 364 123 397 194 0 0 176 208 864 
382 786 310 0 894 772 679 521 460 0 983 0 698 567 0 220 96 550 459 244 0 767 469 0 542 474 661 819 426 863 845 0 752 1 0 598 185 780 648 0 424 251 245 134 682 0 0 381 379 172 49 990 0 130 0 0 0 773 929 690 37 0 0 0 0 569 597 489 0 527 905 550 149 504 143 0 0 924 536 0 56 0 100 213 461 0 602 0 137 0 0 691 378 0 488 218 426 0 666 833 469 0 0 462 0 303 0 462 554 201 626 458 428 0 0 0 62 0 911 736 0 689 460 900 776 516 553 709 928 186 121 837 0 870 0 912 831 726 0 0 40 75 219 976 0 349 0 244 819 382 28 783 404 0 251 916 321 0 687 112 644 0 0 120 564 149 527 868 824 762 0 73 0 0 0 786 0 441 451 681 0 249 780 752 123 719 269 59 54 716 474 0 0 0 0 650 0 0 925 575 0 892 565 0 769 815 700 716 448 187 0 905 327 801 889 392 835 
949 91 951 586 0 665 920 444 417 0 732 0 0 709 217 0 938 463 208 499 973 782 318 542 0 186 415 435 175 13 215 689 500 699 789 243 689 908 0 0 232 441 407 872 637 906 0 0 598 0 0 283 0 27 236 0 167 0 0 709 351 140 257 394 0 130 350 748 0 0 600 763 651 795 0 0 719 617 714 920 603 710 0 870 56 115 804 112 216 976 686 690 336 529 0 279 476 527 762 820 0 0 613 393 746 129 241 977 294 951 591 587 156 554 553 14 0 146 741 0 197 885 620 0 640 284 203 934 322 0 0 567 387 0 134 802 95 299 448 502 0 629 163 444 174 211 0 324 87 364 931 276 0 224 677 969 0 514 498 0 198 0 0 0 362 0 230 676 191 195 0 1 683 211 0 480 231 80 0 566 695 561 911 418 346 0 253 0 29 839 897 38 0 352 0 431 673 744 478 0 328 299 984 337 110 378 0 95 0 774 219 623 0 171 719 941 0 
278 487 783 494 10 222 693 292 0 0 0 887 0 903 593 102 261 0 57 182 343 812 994 474 186 0 186 432 926 939 90 158 636 627 171 257 37 485 307 0 729 524 569 407 211 1 777 773 948 218 219 687 835 0 994 468 692 218 148 58 993 0 0 990 447 288 468 526 204 770 116 118 457 0 866 798 0 761 0 984 291 9 920 203 0 959 825 240 364 978 695 338 201 0 808 695 0 934 0 967 360 222 0 36 494 0 110 234 367 0 298 0 503 0 0 224 0 874 336 0 28 344 233 0 61 815 891 951 609 0 0 569 137 52 879 571 303 491 0 650 0 163 0 852 133 0 0 115 97 315 536 0 425 719 337 631 703 425 0 0 830 340 929 113 0 915 174 598 302 719 821 0 204 0 0 0 494 969 827 707 995 0 510 0 36 290 0 259 238 603 332 207 0 0 885 0 475 0 534 469 552 415 792 593 758 489 630 364 726 396 370 472 352 0 161 404 120 
94 309 0 473 0 0 665 498 262 792 0 0 0 724 0 901 0 493 365 788 276 912 0 661 415 186 0 354 908 360 61 892 488 557 0 896 49 0 0 204 49 0 962 750 333 689 557 982 12 369 829 647 423 118 95 620 621 974 0 647 155 611 0 721 21 0 130 237 640 755 184 524 447 0 0 369 736 0 0 141 433 229 0 865 781 524 855 225 160 0 275 468 65 0 21 0 887 593 376 500 30 424 175 192 700 0 503 11 0 812 755 154 440 22 605 512 0 0 949 897 883 146 606 546 0 0 713 711 677 698 38 706 277 274 631 0 0 285 465 691 308 719 601 859 8 731 128 263 895 0 0 592 0 0 0 0 50 332 492 953 0 384 0 171 740 244 0 927 941 577 303 883 278 708 990 190 399 644 718 683 512 0 0 366 332 624 768 117 525 287 0 32 134 940 405 0 69 491 0 0 159 0 21 568 627 0 559 0 779 493 0 0 188 0 0 447 688 
276 0 0 66 972 895 472 553 0 757 952 516 0 597 312 201 980 365 752 649 844 559 945 819 435 432 354 0 404 854 463 208 488 0 0 200 69 71 186 406 635 926 341 0 699 401 769 0 924 579 623 0 0 931 0 0 124 37 490 3 711 0 758 314 104 0 824 0 808 48 289 0 98 208 116 54 673 706 219 832 114 354 143 566 879 0 664 888 529 299 0 482 0 857 980 117 0 0 450 175 22 0 0 542 207 355 0 98 554 807 580 692 525 562 748 0 704 5 153 880 961 20 777 294 449 287 0 293 633 735 0 718 975 0 930 189 0 0 0 140 824 582 568 737 499 238 463 0 176 100 0 371 5 0 0 463 716 41 628 44 0 459 900 0 451 858 456 250 167 320 260 443 193 423 64 488 0 0 889 113 0 0 765 674 0 0 195 0 577 818 0 333 158 466 847 0 0 0 0 0 0 0 857 491 191 26 684 516 41 0 0 834 589 729 337 733 24 
0 634 617 341 438 0 535 30 302 196 466 234 95 592 0 295 681 600 589 0 0 276 757 426 175 926 908 404 0 0 671 692 336 994 0 466 454 499 0 751 158 603 0 527 0 0 0 202 100 618 0 881 470 912 859 550 0 298 0 178 551 667 756 562 318 935 656 249 389 846 181 306 170 0 489 376 694 536 823 765 0 385 347 130 0 0 953 14 558 0 195 468 262 305 404 0 128 293 0 1 0 0 596 588 364 490 30 0 533 882 0 253 646 543 793 363 0 339 286 982 150 0 274 379 0 0 248 810 801 129 0 207 51 537 130 0 605 83 0 0 843 531 864 845 800 0 670 0 271 0 901 0 52 582 139 434 220 0 427 0 791 97 87 389 0 979 319 333 63 0 779 618 134 45 0 894 647 0 894 372 842 42 455 561 0 0 91 119 910 873 852 0 0 291 708 379 810 142 0 462 606 0 938 0 52 771 830 550 782 721 517 638 256 122 629 363 0 
519 405 530 565 63 771 0 422 742 79 0 801 120 785 576 988 0 0 717 588 0 226 0 863 13 939 360 854 0 0 0 0 823 0 412 0 887 343 386 0 912 80 0 337 480 0 26 767 231 50 813 1 147 798 851 90 0 164 614 42 674 973 263 216 22 139 0 0 279 414 537 793 502 215 97 0 666 365 248 197 0 635 0 311 0 718 301 67 726 846 546 2 306 603 0 86 150 0 0 714 229 25 0 688 353 484 83 516 343 0 891 29 0 51 0 313 0 163 0 917 792 0 289 548 610 0 227 39 964 279 188 551 291 883 971 336 372 238 0 95 0 562 0 210 0 665 224 687 57 0 517 0 859 933 759 718 534 0 989 158 373 203 525 0 955 741 404 202 0 0 468 347 236 428 756 835 0 582 0 207 311 660 886 318 87 777 184 861 993 450 0 758 364 9 687 310 0 122 84 76 142 111 962 311 616 500 517 34 774 542 0 83 590 599 952 587 0 
514 770 41 865 933 0 616 567 466 256 242 370 757 0 111 174 832 195 892 776 142 964 173 845 215 90 61 463 671 0 0 0 4 705 197 581 0 734 0 985 497 372 941 0 685 496 509 587 975 943 955 347 287 0 0 297 715 348 279 119 9 246 875 648 966 0 813 0 795 706 851 318 937 0 754 506 540 804 588 561 0 707 0 895 44 447 521 616 0 215 957 134 44 331 86 655 996 447 0 884 273 871 397 0 234 532 83 0 0 423 894 625 371 208 289 865 917 77 353 0 0 558 0 600 258 653 0 205 456 0 0 894 964 760 0 441 605 0 156 388 809 915 903 0 896 938 741 0 0 316 908 158 787 304 514 0 856 46 20 997 0 0 596 510 158 930 163 91 999 458 699 0 978 916 169 957 0 0 0 468 66 594 640 76 0 589 810 386 0 913 875 535 0 834 278 497 453 0 961 0 324 0 905 149 0 479 625 0 206 61 330 574 632 0 276 448 542 
101 714 548 561 0 268 972 398 977 0 0 447 0 602 435 485 465 954 683 247 618 819 893 0 689 158 892 208 692 0 0 0 808 612 100 930 0 0 0 0 536 498 261 382 834 647 646 414 28 0 0 446 978 985 843 621 850 682 812 901 215 421 0 49 228 855 262 0 0 373 782 488 955 335 309 384 906 558 0 0 325 140 301 886 478 211 334 0 0 436 265 368 412 342 195 887 0 249 191 0 188 59 516 0 846 892 0 430 635 0 842 0 850 953 0 132 947 293 465 704 723 664 568 785 0 673 224 499 89 0 0 40 205 179 0 740 0 856 212 712 6 0 654 844 0 0 0 752 904 363 911 441 0 169 916 33 322 989 0 965 306 373 533 847 481 232 0 709 124 50 353 961 655 311 396 0 689 981 283 592 32 728 0 506 306 805 0 651 75 38 569 368 950 772 934 865 705 292 0 525 620 0 202 0 0 165 393 231 0 797 408 402 470 0 139 174 977 
669 152 373 593 590 0 848 0 717 22 316 0 386 0 826 11 26 759 0 602 658 103 717 752 500 636 488 488 336 823 4 808 0 343 439 95 614 0 0 179 624 0 113 792 685 211 65 904 0 855 685 839 320 0 126 559 294 0 0 48 801 610 760 685 247 837 994 445 519 572 280 491 880 479 0 0 478 0 176 25 140 0 806 613 421 452 720 0 519 891 0 166 450 776 353 387 843 758 393 0 224 925 513 866 400 199 925 25 0 50 12 979 998 134 151 876 708 0 288 0 0 861 645 652 967 100 0 766 657 0 0 0 0 416 0 0 183 0 592 780 360 31 763 753 0 543 170 622 208 0 657 145 603 150 0 540 0 126 220 788 568 511 0 809 948 0 66 0 450 785 389 64 0 772 0 0 766 805 0 0 797 210 545 121 521 0 0 0 0 895 964 438 954 15 840 0 34 583 518 0 800 503 840 0 194 0 0 0 0 0 819 729 0 0 633 0 0 
325 276 300 693 0 761 0 977 0 290 160 0 25 523 0 151 785 44 358 0 261 723 582 1 699 627 557 0 994 0 705 612 343 0 0 542 323 0 936 189 0 854 0 0 983 0 0 0 438 114 486 0 894 161 0 0 563 963 373 0 0 542 923 0 861 134 958 934 170 223 415 760 436 0 53 174 339 740 958 0 0 248 0 0 625 76 0 479 284 514 0 652 691 20 282 116 830 449 146 457 382 527 423 0 565 0 805 839 0 764 402 121 187 188 694 385 995 966 907 725 0 173 591 0 389 952 779 414 662 653 752 0 0 817 0 301 480 288 0 874 141 902 0 0 103 0 13 0 119 0 630 830 262 195 386 150 235 0 0 395 0 417 0 0 275 747 483 0 0 0 719 353 0 824 169 394 614 445 432 730 289 828 283 483 0 734 617 540 317 357 428 0 794 0 335 231 130 0 70 0 0 265 0 971 0 415 0 119 715 459 0 0 600 606 58 588 0 
762 0 54 0 0 359 785 0 63 619 0 272 445 2 864 787 0 507 0 0 254 944 0 0 789 171 0 0 0 412 197 100 439 0 0 6 443 709 819 836 0 755 0 995 0 438 0 841 245 0 120 0 305 573 446 187 715 171 0 380 279 223 853 974 0 935 0 0 0 206 200 526 35 0 981 0 147 0 37 70 748 84 0 385 714 358 0 918 982 442 251 0 171 0 0 57 0 469 90 761 361 0 0 88 482 297 35 199 178 73 729 388 406 199 85 506 36 256 774 880 704 358 925 0 765 654 857 0 619 27 223 0 671 0 120 881 211 51 272 0 217 127 908 0 969 117 0 91 0 15 535 310 772 677 0 0 543 927 0 445 0 0 128 90 196 847 161 0 879 289 96 0 971 850 0 686 220 822 640 551 266 348 448 87 906 0 967 310 600 0 0 552 0 0 972 7 0 110 0 0 0 886 631 0 712 862 337 636 901 340 0 0 351 962 538 0 564 
879 32 453 283 616 332 70 607 735 421 834 0 373 676 744 795 214 0 316 0 281 358 749 598 243 257 896 200 466 0 581 930 95 542 6 0 249 673 0 895 529 93 37 275 34 937 0 560 102 0 0 700 326 554 0 422 39 162 0 0 4 374 725 699 733 550 861 754 80 0 826 233 898 0 320 736 177 129 586 986 0 898 367 247 78 48 537 871 582 244 0 0 219 253 838 0 111 736 0 824 48 671 873 202 0 761 91 926 892 102 0 496 205 967 703 878 443 0 279 880 173 903 909 813 334 317 0 0 650 289 0 88 810 691 600 942 0 493 299 267 208 169 0 738 979 659 542 258 0 998 0 372 524 271 565 231 0 313 666 896 0 0 436 0 86 655 712 0 0 433 588 0 0 227 713 759 351 174 637 178 549 364 876 231 889 0 146 0 53 926 990 974 800 380 864 239 0 0 0 504 554 320 492 690 228 0 73 385 0 988 278 710 52 136 902 767 983 
0 333 771 0 798 90 433 171 393 0 836 574 969 918 0 671 703 413 342 247 759 349 415 185 689 37 49 69 454 887 0 0 614 323 443 249 0 0 397 882 0 874 443 100 737 0 0 908 317 0 252 83 6 0 614 0 81 461 995 705 379 0 673 151 947 0 466 559 420 0 758 161 935 363 801 943 923 0 700 774 0 301 30 544 732 0 889 523 923 193 914 696 209 0 895 762 40 400 459 46 609 302 0 155 0 0 446 782 792 0 0 38 542 0 307 688 327 0 0 184 316 426 149 626 0 840 75 210 563 712 734 873 0 0 574 280 13 915 918 152 262 100 309 166 605 0 961 62 452 832 0 486 0 903 334 281 998 252 0 528 770 1 314 505 380 0 551 810 697 521 47 678 888 918 0 383 389 0 0 829 641 680 853 406 750 976 0 797 0 0 260 155 0 0 389 90 0 599 791 0 447 30 360 137 0 0 413 0 0 0 45 127 863 915 0 17 812 
161 337 973 924 0 70 88 276 396 0 0 243 244 641 569 206 0 292 770 0 68 412 0 780 908 485 0 71 499 343 734 0 0 0 709 673 0 0 0 776 0 548 632 144 0 124 782 0 540 895 726 0 902 0 895 307 789 219 837 535 24 671 446 0 864 629 958 45 524 0 0 32 0 877 221 689 681 332 733 567 96 364 799 879 0 923 505 597 611 0 534 102 0 580 826 0 7 360 825 749 904 259 729 433 630 816 495 100 0 702 0 846 844 0 200 616 628 52 521 434 916 950 765 625 423 105 31 796 18 350 0 405 858 321 0 719 0 0 416 707 545 812 612 512 0 85 0 487 827 0 227 68 0 496 0 607 897 0 987 937 687 445 207 101 869 401 968 23 0 0 0 463 288 15 799 570 917 70 31 0 306 586 714 0 673 818 39 728 527 792 0 487 739 480 641 577 265 0 31 80 819 991 257 178 605 0 0 836 548 396 835 493 675 558 548 0 795 
759 26 886 960 0 164 520 0 70 959 747 497 0 0 538 555 815 544 154 923 683 827 838 648 0 307 0 186 0 386 0 0 0 936 819 0 397 0 0 172 965 276 716 997 20 218 512 378 0 541 713 723 379 790 69 0 0 73 814 707 0 459 0 533 0 0 0 190 46 0 0 212 0 359 4 612 812 0 117 390 0 18 141 0 830 81 581 636 784 271 571 159 0 120 334 296 261 356 907 0 710 172 627 294 0 518 181 0 0 282 261 0 321 103 90 877 0 106 143 765 404 240 626 834 0 630 0 27 113 116 363 180 976 277 185 415 702 746 754 32 788 0 401 556 912 327 40 0 267 902 0 0 0 857 919 43 833 457 0 561 270 0 459 336 567 336 0 0 766 0 245 518 0 768 0 0 630 190 464 0 138 350 465 18 438 722 187 150 30 0 777 872 0 858 955 873 0 0 163 763 82 0 444 47 413 818 88 671 939 697 0 956 911 523 103 0 0 
0 0 823 308 74 666 184 828 455 0 228 12 124 10 131 820 111 0 797 0 876 359 351 0 0 0 204 406 751 0 985 0 179 189 836 895 882 776 172 0 1 29 0 0 0 0 249 243 95 0 922 85 258 850 386 118 85 207 735 246 425 0 980 982 480 651 919 425 237 614 847 0 422 139 153 0 924 341 31 569 643 55 777 943 902 849 383 0 0 0 873 868 604 28 131 0 797 836 730 0 690 130 876 358 289 0 863 414 863 0 0 669 209 607 0 128 662 839 278 558 151 202 721 747 0 587 167 297 158 804 380 453 178 0 794 505 293 0 402 941 496 683 193 225 0 724 959 0 0 0 0 409 225 0 634 495 465 470 199 858 836 860 542 755 0 961 415 0 981 665 598 217 140 72 879 0 951 967 936 485 278 688 219 292 13 662 749 0 663 735 983 516 765 371 502 0 302 55 606 556 0 242 322 306 535 0 301 0 192 358 0 293 50 943 344 44 0 
0 758 86 866 0 0 357 43 138 0 0 0 375 0 103 803 782 926 0 0 0 603 161 424 232 729 49 635 158 912 497 536 624 0 0 529 0 0 965 1 0 0 234 507 0 47 521 0 428 0 0 450 309 407 0 811 107 268 142 259 110 731 0 308 333 0 0 0 26 726 321 12 731 0 916 910 790 286 933 0 746 0 385 60 983 113 152 355 876 23 326 0 0 409 44 289 0 319 375 437 328 901 277 0 914 835 770 550 393 0 600 440 0 113 2 295 645 355 184 64 535 6 0 0 0 434 0 634 98 488 688 0 0 614 997 646 533 518 0 729 819 645 488 11 927 55 219 0 256 378 601 144 214 451 125 773 0 493 377 813 601 0 182 0 474 573 0 676 353 0 0 543 0 789 0 433 599 800 333 169 817 0 838 143 740 0 0 412 0 790 0 655 876 322 0 0 0 786 814 0 213 618 623 0 0 518 489 698 362 741 863 43 890 638 77 0 0 
341 54 648 701 658 168 562 60 998 767 844 551 766 0 746 877 0 861 999 519 0 0 0 251 441 524 0 926 603 80 372 498 0 854 755 93 874 548 276 29 0 0 196 983 0 0 795 466 382 138 991 464 639 947 695 797 0 0 69 314 902 0 528 552 995 0 447 837 224 735 0 590 224 676 654 428 170 559 967 260 800 106 299 0 167 25 0 373 490 509 492 105 711 0 149 31 906 794 0 0 0 0 166 341 791 495 653 0 364 926 265 916 950 0 176 0 980 152 0 222 747 210 141 0 388 0 0 482 0 480 569 0 0 0 0 64 263 738 331 795 853 0 281 202 0 0 374 351 702 330 152 784 662 527 633 0 0 427 0 514 905 200 449 868 28 296 672 365 778 115 0 916 922 29 44 0 859 151 219 478 654 747 0 56 0 530 0 659 637 656 63 0 715 0 149 802 248 889 287 569 52 0 800 0 644 685 949 365 915 0 704 636 725 0 571 424 0 
681 580 60 781 0 698 554 0 0 736 607 123 163 159 0 0 296 667 602 140 560 856 0 245 407 569 962 341 0 0 941 261 113 0 0 37 443 632 716 0 234 196 0 195 806 106 869 69 0 0 106 383 263 127 698 0 260 0 979 942 496 552 166 509 0 860 810 567 0 0 54 13 261 223 0 0 808 471 569 910 701 64 0 929 612 592 832 494 258 187 0 0 225 0 0 378 325 173 0 829 701 12 0 924 0 225 259 26 441 300 468 374 262 0 596 790 78 156 524 0 0 0 327 941 276 218 0 690 60 952 854 611 426 5 0 700 28 383 540 19 213 757 866 0 655 0 0 775 131 0 985 460 915 356 623 190 0 56 879 265 415 0 940 720 956 198 0 928 267 514 271 163 375 504 0 0 160 643 702 723 0 947 347 567 0 429 760 830 291 740 759 849 0 518 0 0 458 0 928 711 152 0 404 0 750 0 679 673 43 0 940 0 821 781 292 554 0 
873 0 0 271 0 12 0 269 459 0 331 587 689 0 378 0 586 414 727 830 869 0 704 134 872 407 750 0 527 337 0 382 792 0 995 275 100 144 997 0 507 983 195 0 613 700 0 55 0 163 901 116 176 0 0 838 0 60 354 0 833 758 500 0 459 983 664 687 771 338 0 593 0 67 105 477 505 11 429 708 181 264 522 834 629 498 577 0 912 289 329 236 426 185 948 279 517 544 907 0 568 943 852 541 0 874 690 0 210 150 724 450 842 373 167 81 580 753 408 602 594 978 296 0 125 183 0 0 253 165 499 407 489 0 638 655 214 699 75 824 496 352 627 0 0 0 413 627 530 757 487 928 702 0 893 436 0 97 665 177 54 0 0 0 280 195 632 695 0 0 0 651 0 0 482 32 0 0 764 602 0 357 967 158 62 925 121 635 0 972 816 313 153 0 270 897 386 0 7 443 987 670 221 220 0 974 554 0 357 442 0 505 669 858 513 753 977 
94 386 342 581 203 569 252 436 864 97 431 828 775 864 147 0 932 578 758 537 182 0 541 682 637 211 333 699 0 480 685 834 685 983 0 34 737 0 20 0 0 0 806 613 0 209 824 0 285 703 708 856 98 617 333 0 0 14 688 245 951 267 468 0 0 797 937 970 884 631 514 0 0 826 550 110 761 0 861 554 426 203 512 472 0 780 150 579 71 96 70 633 0 547 548 0 0 493 974 592 398 861 193 635 149 655 538 0 499 54 754 693 0 336 422 1 740 714 158 698 801 298 860 164 147 818 512 241 601 496 575 72 203 0 664 233 153 0 678 0 802 718 0 672 81 0 0 492 973 179 816 0 0 190 0 853 969 0 0 154 667 0 618 192 0 0 9 29 0 0 685 54 682 873 0 127 0 779 0 0 169 501 0 223 131 954 0 531 0 0 494 0 661 317 336 813 774 671 937 306 213 548 424 977 0 198 107 383 181 945 365 761 0 0 0 0 0 
623 209 768 341 731 0 321 0 575 214 0 48 0 52 854 850 793 0 334 627 286 96 235 0 906 1 689 401 0 0 496 647 211 0 438 937 0 124 218 0 47 0 106 700 209 0 69 417 136 0 956 213 734 291 0 872 625 372 0 0 0 799 0 0 247 138 976 158 941 301 382 931 0 0 854 987 437 348 0 0 57 480 252 621 736 990 654 649 258 233 539 684 0 0 0 989 0 930 0 0 891 217 155 714 366 778 0 0 303 827 0 597 856 0 848 0 458 668 957 0 226 396 793 179 508 0 602 473 0 41 942 32 114 0 727 812 483 493 608 42 686 0 701 148 133 261 899 117 948 753 0 532 200 212 0 865 0 32 284 0 483 0 592 239 138 172 842 0 591 891 533 120 776 197 133 933 0 174 0 12 0 993 0 658 0 468 201 46 288 0 245 896 0 0 853 0 923 128 0 8 112 0 159 134 52 354 9 0 150 0 974 336 0 0 289 0 0 
26 160 336 496 5 735 0 921 379 790 0 694 994 5 9 13 0 0 421 282 964 673 658 0 0 777 557 769 0 26 509 646 65 0 0 0 0 782 512 249 521 795 869 0 824 69 0 285 417 7 0 953 259 626 881 0 862 400 0 337 631 29 0 87 474 756 344 36 928 0 61 0 226 0 172 745 668 585 0 714 0 0 460 438 668 837 771 803 44 0 875 0 842 968 1 0 0 526 544 589 677 369 976 129 934 0 0 0 122 250 588 739 0 492 468 714 0 0 685 927 489 0 334 0 0 0 517 794 750 268 401 258 0 878 469 0 324 395 172 111 392 0 0 127 0 288 131 939 45 674 711 128 880 0 517 0 0 582 57 0 618 705 0 0 0 0 951 424 0 121 967 685 788 712 802 5 0 615 0 939 0 0 843 154 479 132 0 280 744 791 399 0 540 710 0 929 31 52 555 9 180 153 942 134 393 0 252 679 422 0 252 208 378 0 379 636 528 
431 48 464 367 0 0 0 0 0 970 218 586 493 818 615 242 0 176 0 848 0 0 772 381 0 773 982 0 202 767 587 414 904 0 841 560 908 0 378 243 0 466 69 55 0 417 285 0 0 0 598 546 302 0 551 0 372 431 719 103 645 0 486 771 57 716 139 713 0 984 207 23 950 32 0 0 0 495 349 0 158 274 655 685 561 563 120 486 832 0 66 0 0 121 763 172 750 328 18 258 481 704 325 358 229 749 915 0 0 458 956 910 976 0 51 773 814 560 0 133 0 44 109 344 351 138 0 952 286 115 878 788 0 908 562 0 282 277 688 789 0 0 23 418 187 490 830 205 870 0 357 865 0 9 533 0 301 284 0 758 841 0 6 872 0 749 332 0 537 677 771 168 615 0 472 244 252 33 425 338 173 0 687 513 329 0 242 525 984 0 0 634 512 0 180 0 631 0 597 0 796 150 11 408 0 647 680 384 152 166 822 442 659 0 0 534 608 
0 0 0 486 858 45 0 166 266 611 862 0 189 0 0 465 946 235 174 0 0 0 0 379 598 948 12 924 100 231 975 28 0 438 245 102 317 540 0 95 428 382 0 0 285 136 417 0 0 378 611 836 327 58 842 132 952 122 936 762 0 76 0 464 76 628 489 0 606 316 0 184 0 0 0 385 241 431 929 986 0 0 288 0 365 282 978 338 0 896 369 109 78 701 863 768 101 0 873 0 500 0 0 0 39 804 761 225 86 356 680 828 876 848 0 686 0 0 662 907 750 529 418 0 0 213 478 44 1 199 0 829 362 334 0 0 445 0 779 88 426 439 443 63 487 327 612 0 552 23 606 567 310 105 122 229 0 495 0 245 0 362 725 37 6 623 675 0 799 727 656 140 474 0 0 855 532 643 974 853 0 317 314 114 0 0 261 89 970 61 541 902 471 404 605 0 408 864 955 974 0 715 558 0 732 945 441 0 0 314 0 760 0 785 0 366 687 
0 9 0 930 855 793 754 0 323 0 0 280 0 183 274 0 268 168 73 944 388 0 524 172 0 218 369 579 618 50 943 0 855 114 0 0 0 895 541 0 0 138 0 163 703 0 7 0 378 0 438 228 0 0 36 209 0 28 40 0 875 51 896 0 983 0 76 689 0 0 832 928 364 518 764 915 0 0 0 458 628 594 750 0 0 304 927 434 12 867 0 0 0 108 0 193 216 3 0 461 390 0 310 657 309 105 655 0 766 0 0 507 876 809 316 0 143 0 0 0 0 607 885 908 62 855 578 902 322 206 175 0 999 102 839 765 0 161 0 0 381 552 314 858 0 295 0 368 919 528 231 274 344 745 676 553 924 0 202 369 0 451 855 0 0 253 529 661 0 0 0 823 388 0 184 0 0 384 146 0 414 0 881 0 0 72 16 52 526 925 0 0 0 438 0 877 69 0 577 0 0 903 631 663 800 456 724 652 623 84 0 547 0 418 949 688 0 
0 0 520 511 891 349 312 843 965 551 82 676 0 431 0 267 689 742 0 727 679 159 139 49 0 219 829 623 0 813 955 0 685 486 120 0 252 726 713 922 0 991 106 901 708 956 0 598 611 438 0 235 220 389 945 841 655 741 0 660 215 62 208 0 26 360 397 255 68 85 0 679 688 101 914 0 681 943 367 119 190 261 915 536 0 278 167 582 171 59 0 629 279 0 934 743 41 364 397 988 26 770 0 968 154 0 0 0 607 0 49 689 637 572 10 749 865 791 835 536 181 140 0 861 534 637 244 0 0 680 0 0 94 0 342 555 685 450 301 199 0 0 543 930 867 642 0 226 976 58 0 0 539 633 636 0 0 56 0 799 0 157 762 545 121 137 806 344 468 815 728 506 699 414 395 339 568 0 869 0 763 224 0 0 0 15 772 386 0 744 557 399 0 779 446 408 18 0 619 0 387 0 952 280 797 0 584 739 744 22 105 0 442 105 0 48 0 
397 365 210 684 148 6 394 0 49 0 381 743 65 647 123 794 391 112 703 109 528 610 829 990 283 687 647 0 881 1 347 446 839 0 0 700 83 0 723 85 450 464 383 116 856 213 953 546 836 228 235 0 894 144 0 234 0 422 156 0 294 0 378 995 67 351 0 497 739 830 0 516 197 319 994 452 478 456 0 218 0 850 675 703 963 708 247 721 423 482 720 156 878 748 197 0 0 607 294 0 0 859 425 206 366 0 490 766 704 400 471 287 106 919 857 589 0 688 229 258 0 204 699 369 888 164 547 956 540 11 773 680 675 806 0 807 679 111 0 893 144 62 413 333 731 0 952 77 160 398 169 732 379 310 637 0 112 855 267 224 0 464 0 758 885 304 671 560 971 599 0 492 110 519 728 0 544 0 494 0 829 192 972 0 636 9 346 0 306 177 32 0 81 857 159 452 0 291 928 719 591 161 0 730 601 497 821 569 381 0 284 0 636 0 0 428 359 
475 679 975 456 535 773 871 120 0 691 940 418 115 0 0 233 194 0 0 231 0 646 921 0 0 835 423 0 470 147 287 978 320 894 305 326 6 902 379 258 309 639 263 176 98 734 259 302 327 0 220 894 0 0 898 435 28 166 362 826 0 0 882 0 886 283 222 897 787 749 596 408 82 732 52 0 0 0 119 0 39 257 0 842 530 697 740 130 787 866 843 559 0 0 368 668 837 885 556 138 300 883 0 0 497 695 486 0 0 844 427 315 904 343 80 0 700 0 969 290 0 266 0 0 136 416 251 897 545 169 937 11 715 326 0 451 784 0 0 145 207 460 0 929 0 0 0 26 35 939 431 21 490 0 946 0 243 791 846 566 212 90 94 809 610 63 396 388 428 847 0 452 924 230 0 597 689 837 490 27 0 902 352 703 0 311 463 0 811 156 914 611 609 858 0 497 0 384 659 0 422 192 0 0 0 700 0 203 666 60 433 0 828 757 699 941 532 
782 462 658 453 354 973 404 642 0 0 785 7 246 547 332 909 815 128 486 0 354 0 101 130 27 0 118 931 912 798 0 985 0 161 573 554 0 0 790 850 407 947 127 0 617 291 626 0 58 0 389 144 0 0 349 570 573 0 16 467 295 0 736 528 0 418 910 427 849 88 934 0 53 969 931 200 23 0 0 896 240 10 0 405 781 490 581 368 9 0 0 681 205 931 159 962 597 355 232 901 5 0 690 862 937 0 910 67 45 0 0 360 61 616 0 3 261 280 562 41 626 325 0 0 156 201 0 985 124 548 600 188 671 164 872 314 0 514 536 193 338 178 450 909 376 952 557 112 354 0 211 300 704 465 542 850 426 0 71 941 340 613 0 866 253 194 0 642 530 878 261 0 0 726 222 0 498 0 770 763 958 394 623 771 455 469 556 0 876 622 0 0 0 875 173 813 930 23 0 0 119 596 0 839 0 984 724 708 0 120 863 394 0 656 527 564 139 
