0 0 984 455 651 754 751 92 703 6 0 969 960 204 399 995 0 173 0 434 455 861 0 0 402 916 110 820 335 78 0 0 148 0 376 168 802 841 2 522 614 839 353 242 858 448 559 0 769 47 0 745 227 196 664 142 923 653 985 615 0 173 209 885 806 0 998 317 610 304 437 201 171 764 304 922 0 0 887 476 698 356 0 881 0 506 166 0 126 0 0 81 535 158 0 595 303 383 447 753 312 0 63 0 0 325 268 727 637 468 392 894 840 0 512 48 572 0 979 901 974 0 637 0 0 0 526 641 325 0 891 813 0 433 794 0 505 0 838 989 433 437 183 0 854 636 79 977 0 0 0 580 521 616 0 0 0 486 0 261 998 0 488 658 0 464 0 248 0 0 86 611 155 856 400 473 371 849 0 878 11 0 641 506 245 430 984 533 133 420 357 0 466 309 518 715 0 551 0 9 870 657 0 
0 0 0 0 0 891 0 171 83 435 4 0 0 580 567 0 927 532 0 223 584 0 937 889 520 0 0 249 893 156 54 0 668 467 809 0 372 65 0 726 659 892 727 0 532 490 544 290 209 279 87 188 899 0 167 322 0 0 147 7 940 164 708 0 810 68 621 0 735 0 174 392 0 0 291 640 819 705 276 365 323 1 681 559 245 583 850 782 504 99 51 681 524 711 630 831 828 846 174 288 635 0 0 341 713 998 0 493 38 326 0 0 0 640 569 282 104 123 671 0 598 0 217 666 234 2 721 0 0 651 524 797 80 734 414 265 796 664 150 0 450 922 26 0 170 358 754 0 358 781 475 740 586 341 762 786 469 65 247 0 0 453 389 175 218 0 639 0 141 0 0 106 997 670 268 114 0 928 988 196 881 803 53 0 421 195 0 316 556 568 370 93 860 172 78 884 579 749 856 387 0 102 754 
984 0 0 0 387 164 83 953 0 371 594 411 76 940 105 0 212 0 934 603 80 0 431 910 35 957 0 250 664 0 3 370 49 0 314 768 28 208 501 278 715 739 283 429 192 0 558 0 865 0 968 0 768 82 464 361 857 228 799 0 68 22 718 299 729 0 0 651 824 0 405 562 337 0 0 448 677 829 299 0 251 313 0 860 684 727 363 180 0 401 186 736 685 247 300 0 402 970 290 301 0 317 0 836 0 0 0 925 99 164 259 0 0 928 133 665 542 639 891 798 51 0 0 751 530 578 32 696 0 287 801 0 172 0 647 0 477 393 888 0 42 603 0 685 79 175 779 0 359 851 414 0 170 0 0 240 0 396 275 479 0 494 223 375 612 638 618 136 709 0 721 81 572 0 981 0 211 731 137 127 0 778 673 837 922 0 983 0 0 221 289 99 35 383 50 0 473 454 371 1 978 318 416 
455 0 0 0 408 0 279 748 608 338 178 883 971 0 342 0 752 366 0 956 196 319 248 485 239 997 0 652 41 465 0 909 0 877 390 0 283 0 0 0 0 229 0 941 0 977 433 606 944 362 892 0 229 609 746 166 301 675 807 0 367 738 98 278 412 729 453 173 930 690 931 983 286 716 512 245 388 953 570 490 0 343 485 921 345 0 839 0 890 994 693 0 127 879 948 180 278 384 881 845 709 842 0 0 125 61 138 313 889 63 585 542 0 0 0 354 687 628 810 0 0 541 0 723 25 490 726 362 375 0 0 387 0 91 0 853 468 493 167 0 83 620 552 621 0 308 109 614 905 0 811 651 538 0 0 949 744 716 405 426 0 451 271 540 424 0 143 0 0 465 0 0 692 641 386 900 216 586 860 689 742 0 963 164 757 495 882 995 581 940 586 443 53 0 0 106 740 343 139 522 0 370 621 
651 0 387 408 0 523 0 21 474 370 321 0 822 913 581 667 0 141 102 387 989 0 521 0 0 216 44 106 0 666 413 692 797 0 59 866 271 330 847 225 56 0 846 851 734 197 688 886 0 260 985 707 284 507 32 191 622 0 0 635 364 831 120 459 710 0 0 255 123 642 0 165 321 285 362 369 132 650 215 466 920 0 200 179 0 787 0 0 0 386 0 0 978 631 0 0 524 795 0 881 22 597 0 310 331 537 415 336 822 208 977 405 0 824 217 0 150 84 907 35 890 64 629 591 857 509 715 153 0 926 717 158 212 851 788 222 548 0 388 876 322 4 744 797 644 0 331 309 0 0 510 139 0 421 470 73 560 653 506 456 883 0 613 139 69 0 0 0 801 808 48 780 524 0 145 732 961 0 185 62 539 0 614 0 0 329 0 130 219 398 0 447 417 0 622 103 282 975 533 674 862 0 478 
754 891 164 0 523 0 0 867 988 858 426 0 48 90 518 114 859 237 0 268 0 669 478 307 155 39 314 366 605 0 925 388 397 307 0 274 789 180 518 353 375 116 401 841 0 166 929 162 704 0 817 664 657 0 841 0 676 178 938 227 57 0 106 980 0 790 67 684 895 352 0 822 563 0 772 90 861 0 564 548 372 62 926 134 676 0 821 945 437 923 550 886 535 687 0 803 623 307 0 897 27 872 537 73 854 0 0 0 0 0 95 0 0 0 48 50 0 0 215 729 793 486 934 739 408 184 640 631 589 0 487 95 0 734 889 97 0 0 0 361 558 924 40 0 948 153 619 465 3 648 0 348 896 987 701 144 639 0 0 487 157 309 865 100 712 995 517 0 146 0 498 246 0 975 780 399 689 947 0 762 560 567 110 86 962 96 0 430 897 0 472 540 439 0 0 957 914 340 992 122 635 143 0 
751 0 83 279 0 0 0 260 795 786 489 210 0 270 529 31 0 97 282 315 886 735 722 426 663 700 512 448 500 104 181 556 419 739 77 356 397 0 282 97 276 892 0 0 0 800 0 577 0 141 0 958 324 675 0 408 0 657 0 927 850 274 212 0 212 551 99 0 440 930 205 0 777 0 671 820 283 0 442 610 654 604 696 428 0 403 383 162 105 44 883 104 0 313 935 818 978 987 0 492 181 727 269 0 368 829 0 0 0 296 920 0 0 561 816 0 490 153 901 0 419 717 107 0 203 654 276 857 0 31 675 108 543 526 921 0 836 671 258 225 510 30 329 685 0 172 0 0 840 663 881 137 595 0 225 778 737 659 425 0 167 481 452 984 271 549 454 239 591 493 304 93 973 658 153 270 954 986 706 558 403 0 312 0 0 717 425 0 518 432 104 709 883 672 187 0 162 797 490 251 659 120 265 
92 171 953 748 21 867 260 0 0 0 989 0 0 0 2 0 231 490 468 0 426 379 740 35 773 0 174 179 253 762 729 0 992 432 304 68 414 379 0 870 11 692 349 298 722 219 0 355 640 243 0 23 628 196 225 382 866 0 397 369 0 619 0 284 266 339 378 654 415 450 350 649 624 0 0 861 70 566 0 810 0 935 887 0 402 101 156 0 785 0 616 727 0 0 622 0 0 94 0 506 352 16 300 104 960 0 453 0 0 0 974 744 262 777 755 0 392 956 970 993 62 219 501 0 197 511 3 709 0 903 590 825 0 8 57 685 73 0 213 969 977 352 397 0 0 413 595 977 62 0 0 25 0 911 718 169 692 0 140 921 960 636 363 326 457 176 397 799 0 537 0 505 270 0 56 390 500 490 140 405 214 501 248 0 0 774 953 0 0 0 554 0 612 681 217 270 139 0 245 686 87 891 387 
703 83 0 608 474 988 795 0 0 560 35 810 352 0 398 39 786 0 36 456 0 0 619 868 632 0 219 817 0 838 0 742 70 824 222 737 490 96 0 839 554 0 314 297 561 242 499 161 118 266 0 129 0 503 0 681 469 639 0 14 0 874 361 657 246 816 517 319 876 320 591 0 263 0 710 0 0 0 34 0 256 579 492 462 862 594 0 543 345 421 0 311 0 248 0 569 0 0 313 592 876 0 725 0 0 890 974 848 286 501 542 0 815 605 797 967 636 15 293 623 761 0 0 437 891 906 498 627 0 742 66 938 975 854 0 981 454 0 454 407 722 415 106 74 465 522 28 0 719 282 0 751 760 0 751 510 796 273 0 280 14 588 868 417 0 456 837 529 481 326 895 423 0 316 134 359 673 198 434 256 977 30 0 489 0 0 588 438 897 535 181 941 0 493 541 615 414 999 884 379 341 123 0 
6 435 371 338 370 858 786 0 560 0 701 389 533 768 671 829 960 0 602 367 679 361 251 860 837 0 906 570 2 909 283 37 0 0 900 548 465 284 241 0 612 0 0 96 187 251 0 747 0 948 344 411 805 882 322 473 238 514 0 306 146 834 693 0 666 128 0 435 825 425 0 0 223 0 267 718 618 0 550 951 433 13 946 0 72 685 0 216 226 313 52 560 648 0 237 362 777 667 596 297 0 198 372 993 664 0 180 687 748 0 0 729 634 0 0 10 837 454 166 0 930 540 472 319 469 63 612 289 148 317 0 694 108 398 928 39 0 0 671 142 364 0 0 909 206 0 0 277 374 0 846 180 616 431 165 473 992 536 247 890 191 121 0 741 900 598 675 859 369 95 733 440 658 0 564 0 91 295 340 941 324 32 0 902 0 535 665 804 0 262 368 499 844 871 481 654 128 589 870 924 90 0 884 
0 4 594 178 321 426 489 989 35 701 0 366 0 594 881 403 288 94 614 875 932 218 849 503 93 519 0 0 0 855 895 871 671 966 0 269 525 416 661 764 276 453 857 806 539 298 0 450 204 115 427 29 547 390 957 623 0 862 128 605 0 0 0 668 636 505 812 0 689 845 86 115 0 362 977 798 815 0 118 684 341 0 998 222 459 660 0 0 0 455 569 944 123 311 0 753 21 460 239 737 0 433 791 566 0 773 0 0 0 0 356 84 225 0 562 128 264 960 657 814 762 105 621 0 703 204 239 927 140 171 0 694 331 115 331 244 62 0 468 867 0 660 54 423 721 323 480 124 256 334 54 546 25 492 968 463 74 0 0 386 249 0 0 673 282 544 961 49 332 519 368 0 0 323 123 883 654 298 717 305 60 286 514 654 669 719 0 501 0 705 295 762 51 46 737 503 402 184 0 0 0 664 718 
969 0 411 883 0 0 210 0 810 389 366 0 592 94 243 814 536 560 323 829 95 509 0 240 981 0 192 183 0 0 109 0 523 964 518 412 613 435 550 765 517 219 797 148 743 0 0 802 0 481 207 781 630 561 632 0 853 508 740 0 983 0 676 0 727 693 32 0 0 769 918 0 568 0 986 314 362 73 186 418 356 0 496 956 975 0 151 257 583 397 0 0 903 0 912 812 484 176 0 0 837 0 0 0 620 0 661 453 396 0 262 138 0 140 415 729 932 0 727 830 789 530 0 997 884 13 924 342 486 324 889 0 0 805 0 265 0 560 0 75 733 0 810 0 42 0 0 126 672 0 873 907 937 555 624 822 411 0 0 641 931 207 496 13 236 314 0 0 611 173 309 0 0 253 677 285 0 368 530 431 0 0 690 921 661 181 168 7 0 0 160 332 684 713 442 156 16 0 81 193 803 627 0 
960 0 76 971 822 48 0 0 352 533 0 592 0 499 78 965 846 0 0 207 0 0 273 0 808 0 0 0 750 0 851 229 0 448 22 884 374 559 150 395 537 785 849 976 430 790 949 774 990 817 0 438 303 101 0 120 408 600 170 374 0 0 163 73 0 256 937 238 0 0 802 0 281 905 93 568 39 752 0 619 75 981 575 776 623 0 512 0 702 0 630 435 986 244 130 0 0 217 118 989 167 993 0 663 809 876 0 908 519 55 0 146 993 382 760 0 367 876 650 36 3 667 0 611 699 666 0 0 132 245 509 118 521 529 998 320 951 44 851 670 479 799 0 858 0 521 613 137 611 554 0 578 83 474 328 281 451 0 464 33 538 345 0 216 749 0 632 594 189 294 66 334 215 0 62 322 250 472 581 0 306 0 0 0 543 54 0 23 764 0 0 261 859 639 608 940 19 661 360 220 951 620 809 
204 580 940 0 913 90 270 0 0 768 594 94 499 0 630 0 648 0 613 242 0 876 800 536 0 0 55 959 391 467 563 747 839 0 726 450 436 0 0 548 981 0 0 7 803 884 266 718 146 556 343 0 566 985 198 384 83 618 916 255 683 189 575 275 867 278 422 173 198 0 257 524 146 272 357 0 0 0 594 0 147 0 0 616 0 625 723 21 0 413 913 0 0 785 236 346 894 793 0 628 0 50 0 0 439 637 824 64 279 935 557 383 0 0 909 965 0 0 352 214 939 783 0 0 797 0 952 0 635 178 694 0 685 774 610 305 162 984 0 246 187 530 577 178 0 0 208 85 608 966 692 445 563 496 0 605 533 553 289 947 0 614 820 287 240 770 796 380 0 0 388 787 0 843 0 868 454 570 0 821 0 457 792 399 33 88 0 965 0 130 79 636 348 0 961 152 810 0 295 363 987 940 707 
399 567 105 342 581 518 529 2 398 671 881 243 78 630 0 316 885 744 676 140 0 0 342 0 267 126 66 236 278 0 660 172 0 588 0 0 939 618 454 581 437 0 342 0 683 248 432 294 934 893 445 956 776 0 0 553 0 800 355 479 419 480 886 10 130 0 454 543 0 401 0 0 17 488 672 724 944 703 43 289 369 305 92 0 318 942 673 963 243 329 543 611 0 0 0 0 29 221 724 0 976 316 0 649 376 334 0 0 0 280 870 875 355 0 0 47 470 507 0 989 968 6 921 564 0 888 0 997 0 658 143 635 104 0 232 0 175 423 386 580 902 294 900 86 755 217 0 0 0 238 0 0 491 0 576 476 907 935 471 779 147 709 792 0 195 185 518 708 293 71 661 76 457 806 528 0 335 535 55 52 668 31 0 506 223 0 43 254 997 764 457 799 314 179 659 0 787 0 794 423 765 0 351 
995 0 0 0 667 114 31 0 39 829 403 814 965 0 316 0 600 947 704 589 350 297 676 216 0 748 116 292 0 0 0 736 0 988 534 470 119 931 626 324 0 979 236 0 715 775 42 451 654 639 990 288 0 275 471 0 528 906 0 537 895 939 789 869 81 177 0 920 482 765 331 203 915 514 926 0 911 701 37 994 0 844 0 565 633 300 810 852 183 672 166 577 55 961 288 541 0 0 744 0 97 0 0 501 310 926 0 608 582 0 0 0 0 0 616 954 0 603 0 470 0 290 190 481 0 317 555 260 319 316 744 831 377 782 829 871 968 0 812 625 821 416 216 169 449 763 0 240 278 170 688 386 4 0 0 314 0 290 749 794 122 0 0 413 115 644 435 568 828 530 697 252 594 566 871 164 98 556 469 284 620 0 367 531 441 0 913 558 137 0 920 0 0 720 928 644 671 0 350 856 929 370 991 
0 927 212 752 0 859 0 231 786 960 288 536 846 648 885 600 0 0 981 0 758 333 987 163 242 0 737 852 398 37 153 0 516 744 748 47 0 183 861 261 511 751 237 0 0 741 229 93 150 0 85 911 0 13 326 41 227 50 198 367 943 327 0 324 674 887 659 751 0 50 644 825 465 396 0 55 141 810 352 47 0 0 386 881 548 88 0 634 0 470 0 0 375 352 800 551 357 718 325 829 799 204 805 243 465 310 672 897 0 121 0 779 0 165 195 0 379 429 193 277 926 0 0 26 0 769 131 753 0 978 604 907 85 791 546 876 810 515 0 994 872 0 0 506 360 0 0 339 516 0 131 633 0 223 361 788 0 646 0 22 433 638 0 518 359 386 0 953 418 560 0 43 612 529 829 910 0 192 837 0 693 694 0 385 0 631 856 167 75 108 617 154 359 454 838 508 0 10 760 68 76 997 361 
173 532 0 366 141 237 97 490 0 0 94 560 0 0 744 947 0 0 360 0 89 0 0 71 0 0 105 470 550 399 333 739 0 226 872 367 563 560 33 534 504 0 0 0 454 0 812 0 696 0 766 0 804 912 0 483 58 332 986 56 0 334 0 951 289 300 0 887 618 608 764 0 972 951 866 741 0 732 73 30 92 40 250 0 0 0 542 272 435 18 552 532 0 358 696 596 0 642 599 493 120 0 97 971 0 523 866 922 748 362 0 18 443 936 342 809 671 294 25 617 0 117 783 51 300 648 644 792 693 391 498 277 473 0 790 120 862 346 814 472 0 925 58 900 563 192 760 0 0 0 801 0 179 94 252 863 175 0 191 56 437 301 541 203 537 0 265 679 694 347 420 792 0 191 268 459 695 0 633 874 215 273 125 469 693 314 311 259 432 298 310 175 586 4 0 703 427 357 790 785 492 514 0 
0 0 934 0 102 0 282 468 36 602 614 323 0 613 676 704 981 360 0 407 0 37 338 371 236 0 909 0 61 0 786 621 0 650 80 0 416 635 566 232 480 216 626 431 0 647 0 552 969 669 0 666 922 742 0 566 0 5 319 0 837 0 336 14 766 0 0 333 195 0 382 0 0 0 625 0 0 270 871 0 158 200 0 0 741 63 700 0 511 700 974 774 929 808 514 403 448 396 24 936 0 499 0 406 945 656 374 970 14 385 0 979 0 117 695 0 13 842 520 320 242 93 460 767 305 0 367 0 842 14 117 609 620 958 275 629 858 544 528 0 671 258 495 351 298 961 0 0 87 930 301 868 0 0 130 944 630 0 268 291 693 0 0 189 426 565 0 0 554 0 772 752 844 448 509 856 859 365 154 317 0 211 159 580 0 671 590 990 0 942 0 0 0 986 946 0 15 0 111 0 462 0 406 
434 223 603 956 387 268 315 0 456 367 875 829 207 242 140 589 0 0 407 0 0 896 0 0 87 647 0 457 751 279 0 698 370 463 55 727 344 635 0 0 956 994 360 498 548 346 602 207 980 95 769 624 49 161 662 539 438 658 293 0 416 0 683 0 282 454 627 163 918 186 570 0 332 0 880 291 0 823 854 0 668 383 721 675 319 0 834 676 474 432 928 303 606 0 644 858 0 565 0 826 541 0 973 0 485 889 0 593 301 133 0 886 954 223 946 935 996 238 289 167 820 66 852 0 260 199 234 106 277 0 998 0 0 491 202 875 799 0 250 919 0 21 683 835 0 208 0 406 877 248 436 0 311 836 338 793 761 770 0 123 518 233 722 190 136 272 723 0 0 263 0 117 328 854 295 877 71 831 710 0 882 0 673 107 192 323 906 286 0 82 435 339 291 910 812 659 183 0 22 796 623 258 225 
455 584 80 196 989 0 886 426 0 679 932 95 0 0 0 350 758 89 0 0 0 750 0 0 638 0 703 194 0 298 826 0 847 411 796 5 574 143 922 563 0 355 969 375 785 0 0 808 767 0 0 186 114 171 0 27 655 721 121 313 252 511 0 0 171 0 71 607 0 476 599 383 384 607 556 0 314 509 0 160 763 258 203 604 136 0 0 671 624 67 615 0 0 893 361 753 527 77 0 301 344 482 0 0 0 237 0 565 815 648 0 278 667 452 763 711 447 471 82 238 796 699 578 377 0 438 144 0 0 0 111 539 0 201 0 599 148 836 335 799 0 488 487 0 944 155 681 477 892 148 689 739 309 410 0 714 0 880 603 430 896 0 424 416 817 0 266 0 299 600 0 987 202 565 943 481 420 421 161 906 491 847 79 55 762 868 992 811 160 0 219 305 147 103 971 610 340 458 584 550 571 0 0 
861 0 0 319 0 669 735 379 0 361 218 509 0 876 0 297 333 0 37 896 750 0 729 26 0 431 191 218 351 175 902 0 739 679 117 801 680 411 0 878 422 822 236 137 892 636 707 534 986 831 0 646 495 452 863 746 502 371 611 253 0 152 32 607 0 577 0 469 423 174 514 594 0 419 0 194 286 452 0 709 0 547 86 470 749 0 544 175 666 18 690 690 403 0 0 33 495 28 494 955 588 462 248 240 743 329 295 0 845 221 392 0 672 483 989 119 0 486 462 21 167 163 0 933 408 0 244 0 0 0 574 0 259 755 907 787 639 247 0 976 132 44 456 230 288 0 772 210 0 515 808 457 898 0 791 247 0 917 158 569 0 229 758 373 356 644 224 660 864 0 433 398 489 649 763 715 0 0 956 567 0 954 543 0 0 897 152 270 919 335 976 765 721 65 523 0 952 913 882 0 90 318 444 
0 937 431 248 521 478 722 740 619 251 849 0 273 800 342 676 987 0 338 0 0 729 0 987 0 733 82 891 300 783 232 122 884 0 610 470 799 84 758 199 186 875 629 506 354 0 470 357 251 88 317 241 892 528 459 231 294 797 0 0 731 684 884 77 937 872 927 0 423 794 832 425 199 0 0 971 472 0 0 228 445 844 0 386 585 807 0 0 824 51 791 0 371 964 0 241 186 673 405 565 0 632 955 697 31 281 345 820 0 979 524 0 0 0 0 55 0 313 740 0 121 488 895 546 519 120 0 893 902 605 0 403 74 496 107 544 74 971 0 287 458 0 347 707 0 191 502 197 436 535 0 322 0 0 934 0 318 586 883 552 0 0 56 0 981 974 873 142 0 785 649 0 0 331 702 527 153 0 111 278 980 28 818 605 0 722 153 0 930 902 690 0 58 78 778 0 982 47 815 824 603 489 818 
0 889 910 485 0 307 426 35 868 860 503 240 0 536 0 216 163 71 371 0 0 26 987 0 913 894 184 721 0 783 221 0 605 0 0 0 288 0 762 387 604 527 0 192 351 523 200 462 508 0 0 0 859 0 997 305 0 789 328 128 0 0 515 0 0 212 437 33 605 0 0 260 337 0 405 337 468 38 336 0 234 0 965 107 916 875 496 0 172 344 55 466 957 0 0 531 332 315 739 88 852 937 0 730 401 118 872 0 992 869 769 0 500 159 12 165 804 0 31 689 851 483 0 0 754 399 0 0 816 610 0 964 0 94 441 391 0 0 0 886 219 945 587 890 185 2 39 39 869 1 504 357 556 0 0 0 453 219 160 290 0 907 0 362 0 910 159 0 465 161 398 345 528 103 725 654 0 952 0 38 47 955 811 879 124 424 6 45 526 269 424 96 0 384 327 0 0 673 0 31 299 48 0 
402 520 35 239 0 155 663 773 632 837 93 981 808 0 267 0 242 0 236 87 638 0 0 913 0 430 26 656 617 954 282 99 575 0 734 934 847 776 801 475 0 834 713 735 768 445 0 26 203 116 15 0 616 941 907 0 48 275 852 875 178 0 547 65 33 0 0 0 0 0 743 0 905 513 547 784 510 571 872 357 967 756 898 558 399 635 437 289 253 151 294 752 309 0 956 0 0 591 457 0 430 859 0 549 452 0 502 637 465 0 290 64 125 0 528 760 0 0 811 798 968 242 0 910 689 279 280 985 341 903 489 133 0 584 932 743 0 164 892 196 940 797 876 110 0 0 791 742 0 197 137 648 883 0 891 798 571 959 588 814 851 0 724 788 421 459 847 252 72 0 0 766 812 0 600 798 0 0 0 528 57 797 996 493 0 15 0 0 901 131 240 731 696 840 814 902 232 736 122 0 2 0 0 
916 0 957 997 216 39 700 0 0 0 519 0 0 0 126 748 0 0 0 647 0 431 733 894 430 0 243 0 0 186 174 709 935 688 0 84 313 0 720 882 0 289 0 274 53 0 0 300 0 0 16 787 400 0 604 0 0 0 36 744 829 223 0 849 718 20 0 0 0 63 129 299 590 0 104 924 515 0 661 58 0 22 174 701 795 724 838 735 745 125 154 949 200 314 471 478 79 630 198 95 951 654 0 509 115 0 462 144 787 979 505 351 11 733 0 782 0 755 325 494 502 183 0 994 0 0 974 388 776 0 987 328 929 575 617 653 0 562 624 237 0 50 692 425 703 0 94 411 0 888 945 184 0 907 0 0 0 0 16 952 904 0 782 617 688 595 317 669 0 852 957 499 590 182 0 31 89 0 503 238 518 0 119 525 39 466 91 177 479 166 40 19 135 201 134 0 111 986 113 970 64 0 343 
110 0 0 0 44 314 512 174 219 906 0 192 0 55 66 116 737 105 909 0 703 191 82 184 26 243 0 455 208 254 377 68 0 883 0 0 0 341 95 62 211 0 327 368 937 565 687 0 935 920 767 290 104 665 0 735 0 55 470 408 618 608 751 725 430 0 401 875 728 602 551 384 345 0 0 0 169 456 0 0 426 280 381 69 7 901 564 20 663 0 875 92 753 847 0 132 698 489 0 577 548 947 32 0 137 460 45 0 39 0 883 688 671 637 0 191 467 324 0 766 0 0 448 0 151 287 507 0 0 90 143 81 987 0 15 0 630 783 0 746 706 224 0 432 537 0 111 928 0 352 472 953 886 967 656 0 56 265 810 499 0 531 619 686 601 346 540 0 716 0 0 681 130 758 904 722 49 0 588 92 0 0 155 144 266 643 688 0 445 0 0 0 788 40 811 812 194 0 741 410 0 866 0 
820 249 250 652 106 366 448 179 817 570 0 183 0 959 236 292 852 470 0 457 194 218 891 721 656 0 455 0 0 555 218 285 268 0 949 381 0 920 0 738 791 876 420 741 42 664 42 150 993 370 644 63 0 736 1 687 137 67 938 987 833 340 475 900 125 50 784 306 228 447 318 739 0 609 0 0 168 815 379 544 154 0 0 531 254 179 496 540 605 667 150 0 0 0 115 903 625 90 228 910 0 496 962 517 0 214 997 931 651 603 130 804 521 832 870 226 804 982 969 0 926 587 901 631 897 0 893 672 947 495 0 550 0 736 502 898 39 956 0 621 151 494 988 724 0 18 236 723 577 116 0 0 365 348 527 9 564 358 43 980 0 0 976 34 610 936 0 535 619 224 786 133 894 0 253 307 69 786 469 389 771 0 0 619 197 879 987 281 0 577 618 574 0 841 0 322 0 580 758 348 904 0 690 
335 893 664 41 0 605 500 253 0 2 0 0 750 391 278 0 398 550 61 751 0 351 300 0 617 0 208 0 0 0 0 856 909 52 0 0 0 524 0 270 779 749 0 0 0 0 610 210 845 254 734 558 659 0 945 0 0 779 329 84 970 0 457 0 522 796 0 0 295 992 0 747 835 97 803 0 554 0 457 488 253 0 590 38 475 968 192 500 814 9 964 678 122 374 0 371 126 0 0 680 0 750 755 0 516 0 984 283 895 0 385 0 0 0 0 124 761 787 0 647 622 997 182 333 419 696 111 161 570 574 487 912 534 258 182 0 318 517 56 0 980 979 770 279 0 0 0 0 455 0 174 0 928 132 941 0 95 73 557 0 801 866 518 0 0 58 338 976 0 0 0 885 0 683 156 818 0 0 0 765 495 961 0 961 0 0 512 211 794 575 229 176 907 317 875 934 995 17 0 0 0 156 745 
78 156 0 465 666 0 104 762 838 909 855 0 0 467 0 0 37 399 0 279 298 175 783 783 954 186 254 555 0 0 506 0 682 0 0 584 925 150 98 412 126 0 0 83 664 0 25 548 465 508 233 791 373 0 55 0 935 760 109 701 572 479 815 479 0 779 345 678 928 120 440 0 751 625 236 64 0 784 574 542 410 889 952 113 202 147 0 118 167 896 367 0 404 245 297 0 874 252 0 185 0 399 829 0 240 480 952 765 16 148 0 301 0 484 0 132 198 324 461 0 364 469 138 454 797 0 746 0 512 80 496 0 0 0 976 0 0 554 0 316 70 511 28 0 324 872 199 692 203 410 526 135 403 181 918 462 712 0 557 611 217 0 558 0 983 0 793 327 390 928 893 491 725 177 234 325 616 505 26 0 286 521 229 745 0 748 36 646 767 910 77 0 464 79 728 943 810 452 352 172 630 0 80 
0 54 3 0 413 925 181 729 0 283 895 109 851 563 660 0 153 333 786 0 826 902 232 221 282 174 377 218 0 506 0 892 232 971 0 491 542 134 0 783 215 436 949 873 720 0 994 948 582 856 0 295 744 950 717 0 794 786 0 581 495 755 330 949 325 0 58 235 175 85 812 726 520 545 0 316 0 738 246 0 0 0 104 34 506 521 407 0 89 535 979 918 0 410 183 89 0 859 981 437 958 0 507 722 0 49 228 494 288 0 93 833 923 933 0 220 494 612 308 0 457 784 0 440 237 579 0 883 724 819 396 0 549 212 530 0 203 0 692 695 750 0 178 705 504 146 75 683 270 92 38 304 303 269 966 240 800 956 0 612 635 140 492 0 749 0 561 35 0 150 271 21 885 0 956 498 853 245 0 643 236 963 303 0 658 263 0 0 849 281 717 0 412 593 257 0 877 149 452 0 541 701 616 
0 0 370 909 692 388 556 0 742 37 871 0 229 747 172 736 0 739 621 698 0 0 122 0 99 709 68 285 856 0 892 0 903 110 629 792 496 609 178 0 0 714 0 0 315 613 556 366 580 541 238 215 488 970 87 618 492 0 0 97 319 0 343 0 0 671 307 792 864 0 279 638 649 247 102 752 266 19 26 551 891 423 931 0 774 0 0 0 0 341 819 775 82 0 0 0 251 0 600 0 313 832 311 0 0 0 598 0 448 369 683 262 0 466 605 0 0 0 0 852 0 0 0 464 209 834 379 309 300 496 309 892 0 707 772 32 799 928 836 100 981 790 927 24 646 0 0 0 53 962 640 75 0 811 0 318 323 626 885 7 0 581 942 512 378 624 457 812 810 904 498 833 726 77 790 0 738 87 0 93 0 244 514 514 262 876 661 0 607 0 735 0 24 0 40 28 218 818 0 42 56 0 763 
148 668 49 0 797 397 419 992 70 0 671 523 0 839 0 0 516 0 0 370 847 739 884 605 575 935 0 268 909 682 232 903 0 893 692 0 0 0 281 218 667 0 269 649 479 318 436 843 372 874 841 506 85 0 12 252 702 0 629 94 0 127 245 739 725 183 769 280 545 219 474 937 0 14 352 114 493 449 997 583 0 275 884 727 18 914 557 226 999 321 119 99 203 298 869 591 512 8 772 0 403 414 427 763 436 0 891 946 354 0 791 774 530 0 229 0 632 0 585 430 657 0 190 215 0 205 795 407 670 73 716 923 830 15 145 674 0 564 804 730 0 751 620 542 812 881 816 263 616 0 236 0 388 0 562 598 65 0 517 294 92 0 859 686 395 479 866 397 973 637 0 0 0 471 315 945 0 674 141 776 867 344 230 0 564 0 658 555 720 0 731 0 990 637 908 777 832 761 159 0 240 643 0 
0 467 0 877 0 307 739 432 824 0 966 964 448 0 588 988 744 226 650 463 411 679 0 0 0 688 883 0 52 0 971 110 893 0 142 716 0 0 127 569 0 983 33 0 350 846 177 493 257 377 0 76 883 478 0 0 301 0 117 0 524 801 0 371 364 457 173 0 827 458 0 265 669 199 352 0 724 333 106 0 886 81 317 876 52 0 867 362 0 0 632 990 784 827 54 766 601 85 977 47 434 31 0 0 614 354 697 710 190 708 749 0 863 690 500 0 948 186 762 628 107 7 0 834 0 164 485 582 38 767 0 603 603 116 34 537 66 0 0 779 0 527 0 43 101 0 166 77 130 149 513 380 991 753 463 884 842 0 0 861 611 945 468 0 728 604 0 492 0 0 0 582 513 120 7 777 0 547 0 0 375 534 357 66 0 57 491 579 0 450 329 696 670 0 0 376 0 302 96 516 0 197 0 
376 809 314 390 59 0 77 304 222 900 0 518 22 726 0 534 748 872 80 55 796 117 610 0 734 0 0 949 0 0 0 629 692 142 0 180 201 0 881 422 761 727 639 643 749 33 193 356 745 773 223 105 419 0 188 349 483 0 844 207 404 0 837 697 813 530 910 428 156 162 408 0 880 201 833 0 545 0 0 811 217 0 346 308 0 794 376 395 0 940 471 0 885 786 193 703 534 376 917 826 617 0 876 388 469 353 288 630 0 0 697 188 404 125 342 106 18 582 835 820 708 297 985 599 753 130 851 734 702 767 601 262 952 0 88 812 0 12 422 848 421 237 343 726 0 322 897 522 354 293 373 739 625 0 863 582 611 363 476 618 959 979 782 253 0 0 592 207 0 137 698 0 858 942 190 952 883 772 637 915 0 503 26 107 160 0 147 0 0 0 17 310 334 0 410 605 107 973 369 81 652 799 381 
168 0 768 0 866 274 356 68 737 548 269 412 884 450 0 470 47 367 0 727 5 801 470 0 934 84 0 381 0 584 491 792 0 716 180 0 732 434 879 140 93 0 458 871 652 511 819 197 560 275 844 384 0 0 80 429 296 965 845 0 0 224 16 727 0 0 0 505 247 0 0 0 0 642 841 0 245 353 634 215 613 220 208 891 188 189 793 0 0 959 272 0 253 839 604 422 964 871 900 0 530 979 669 968 863 174 509 452 0 423 480 840 618 363 130 795 58 319 976 317 0 0 669 856 60 543 637 593 441 325 452 581 0 0 0 58 64 618 926 827 39 100 481 58 802 185 619 329 526 53 979 0 0 954 818 402 607 940 864 419 918 790 889 257 953 286 324 487 0 0 587 677 309 424 713 303 44 714 0 377 278 136 685 16 972 0 0 166 435 886 184 3 968 524 472 0 844 688 911 323 379 900 0 
802 372 28 283 271 789 397 414 490 465 525 613 374 436 939 119 0 563 416 344 574 680 799 288 847 313 0 0 0 925 542 496 0 0 201 732 0 705 158 824 154 0 587 0 574 165 0 352 714 0 978 742 775 519 703 149 388 258 0 0 0 657 0 942 387 0 880 620 0 730 716 619 892 0 774 0 571 510 890 59 785 0 595 144 992 922 600 0 0 325 836 0 0 0 81 0 367 657 335 598 290 836 685 445 197 0 204 866 0 827 684 346 175 153 0 963 792 0 636 0 83 0 698 610 277 66 0 882 0 0 114 613 200 57 591 717 0 0 270 0 124 22 0 488 0 565 179 0 497 141 548 297 725 825 924 0 0 616 459 0 425 931 166 0 697 600 114 235 444 278 0 210 0 621 0 0 0 270 0 954 470 649 586 772 656 833 731 0 501 0 771 589 726 626 767 0 683 0 33 0 47 736 0 
841 65 208 0 330 180 0 379 96 284 416 435 559 0 618 931 183 560 635 635 143 411 84 0 776 0 341 920 524 150 134 609 0 0 0 434 705 0 623 0 0 420 563 0 365 0 437 36 435 0 174 482 231 0 64 0 882 347 0 898 0 865 371 259 258 917 607 0 0 15 505 677 124 183 650 0 889 0 214 302 518 929 896 831 913 52 322 0 0 874 34 798 93 264 0 880 55 157 649 734 360 256 0 621 311 868 507 403 280 699 390 0 0 0 688 513 345 195 0 349 833 297 0 494 326 129 274 186 2 771 402 703 0 905 0 858 897 974 980 246 691 0 233 670 430 920 510 154 92 430 5 60 0 0 804 0 0 0 0 552 605 0 660 250 0 412 247 0 967 877 386 0 99 0 0 261 307 733 27 0 420 750 476 77 854 578 0 0 182 50 177 0 0 764 587 761 354 175 404 0 19 190 0 
2 0 501 0 847 518 282 0 0 241 661 550 150 0 454 626 861 33 566 0 922 0 758 762 801 720 95 0 0 98 0 178 281 127 881 879 158 623 0 314 437 0 342 266 111 507 845 0 0 499 12 601 625 0 142 0 542 283 845 244 456 695 0 289 771 299 756 244 0 977 658 0 0 890 698 972 916 286 673 346 556 0 490 0 115 0 584 805 502 0 919 0 400 30 87 75 375 0 674 0 683 136 364 752 535 26 307 867 501 583 351 0 349 729 510 964 401 263 540 195 897 0 46 523 866 248 994 510 0 725 866 598 419 996 0 862 0 0 888 362 0 0 816 843 0 0 114 501 746 738 553 125 735 168 611 0 996 483 0 950 655 619 708 0 0 745 314 562 707 28 0 0 56 14 129 899 692 271 280 0 0 0 3 377 921 0 255 0 341 470 0 405 436 314 0 364 867 813 567 786 931 449 957 
522 726 278 0 225 353 97 870 839 0 764 765 395 548 581 324 261 534 232 0 563 878 199 387 475 882 62 738 270 412 783 0 218 569 422 140 824 0 314 0 231 266 904 685 383 666 113 135 0 752 298 677 0 599 0 627 823 0 584 66 47 576 189 728 0 182 214 895 45 42 534 0 741 104 637 153 311 0 579 951 172 0 964 519 0 629 324 0 976 656 842 459 509 455 487 698 271 649 730 246 412 0 730 270 100 900 0 465 581 947 592 110 635 89 84 397 392 154 515 200 0 0 387 452 0 937 932 883 766 792 320 565 873 0 787 0 563 698 0 293 427 0 491 0 0 250 529 850 404 417 0 228 0 203 0 820 693 0 0 463 662 277 244 204 360 0 0 0 866 651 0 842 160 730 0 166 360 319 0 713 0 781 142 594 350 458 953 645 458 747 278 885 520 852 0 551 0 284 561 679 258 577 438 
614 659 715 0 56 375 276 11 554 612 276 517 537 981 437 0 511 504 480 956 0 422 186 604 0 0 211 791 779 126 215 0 667 0 761 93 154 0 437 231 0 860 376 0 66 0 271 989 504 861 806 9 333 0 410 0 616 239 0 833 698 75 697 511 0 0 340 223 33 0 598 16 62 865 375 397 364 736 624 593 197 899 0 561 861 35 0 0 609 486 973 413 433 0 311 0 458 878 106 466 671 449 153 344 0 269 938 0 466 924 484 890 148 922 0 272 44 0 957 839 614 0 353 0 0 0 0 956 50 242 846 888 384 673 891 635 640 621 670 273 631 327 0 890 240 275 862 350 0 449 879 583 0 748 513 0 8 900 720 0 835 844 717 785 409 0 596 0 0 0 604 805 0 622 72 416 0 419 0 0 132 686 656 0 568 355 406 211 452 918 0 723 0 520 751 491 0 626 401 900 943 522 707 
839 892 739 229 0 116 892 692 0 0 453 219 785 0 0 979 751 0 216 994 355 822 875 527 834 289 0 876 749 0 436 714 0 983 727 0 0 420 0 266 860 0 835 279 108 518 416 790 0 852 0 0 0 0 711 477 236 11 53 533 0 326 831 813 306 112 0 571 837 642 603 695 863 0 97 153 888 618 657 408 468 0 0 8 815 581 891 223 0 890 652 514 184 802 0 291 0 152 387 997 873 0 0 246 509 841 321 451 799 0 270 572 190 497 237 279 0 928 731 267 0 644 370 427 423 384 0 0 961 742 925 627 752 0 913 724 140 508 745 275 465 0 0 0 0 492 697 596 770 0 570 303 0 0 578 0 262 0 150 69 654 0 674 18 841 764 0 695 726 532 0 310 179 0 188 354 698 412 0 273 922 894 636 0 0 912 0 995 977 819 783 48 815 98 0 141 122 0 178 910 924 0 170 
353 727 283 0 846 401 0 349 314 0 857 797 849 0 342 236 237 0 626 360 969 236 629 0 713 0 327 420 0 0 949 0 269 33 639 458 587 563 342 904 376 835 0 0 274 857 550 718 0 935 707 145 39 775 770 793 852 120 550 453 927 0 0 423 812 17 238 725 168 0 503 433 878 686 0 79 341 784 420 285 0 538 957 739 25 198 930 425 882 51 882 686 833 840 0 116 645 566 0 469 976 0 151 649 317 0 992 338 965 19 0 989 0 0 903 137 384 0 0 381 158 681 155 286 260 103 209 187 121 972 466 383 119 897 365 703 0 0 807 0 593 838 101 0 0 0 875 0 0 0 713 748 800 0 834 0 0 0 740 396 974 0 0 29 0 114 379 452 470 0 5 0 30 510 776 0 424 548 88 719 558 612 0 689 0 501 0 901 948 0 283 486 936 552 432 199 0 0 147 0 522 536 165 
242 0 429 941 851 841 0 298 297 96 806 148 976 7 0 0 0 0 431 498 375 137 506 192 735 274 368 741 0 83 873 0 649 0 643 871 0 0 266 685 0 279 0 0 0 0 109 0 642 271 988 488 86 0 74 0 0 708 0 83 507 423 658 196 0 121 295 0 367 517 0 53 0 184 80 660 354 997 360 536 0 80 60 766 897 864 0 932 927 530 58 0 286 0 0 371 0 0 841 0 0 763 498 521 850 456 114 433 972 886 0 670 469 836 671 517 937 0 538 859 0 0 919 0 546 596 831 516 0 50 0 227 233 256 0 875 218 478 337 778 771 0 172 0 64 504 0 533 0 761 119 295 0 239 901 828 0 678 492 797 889 0 675 701 0 767 0 726 0 0 307 662 645 650 558 0 9 921 617 516 455 595 857 0 126 211 180 367 192 469 627 345 506 0 0 550 0 0 153 670 432 469 588 
858 532 192 0 734 0 0 722 561 187 539 743 430 803 683 715 0 454 0 548 785 892 354 351 768 53 937 42 0 664 720 315 479 350 749 652 574 365 111 383 66 108 274 0 0 136 573 211 874 470 785 431 404 417 119 418 490 580 929 918 816 0 201 859 341 491 127 0 194 0 708 619 725 610 372 714 0 255 770 547 842 750 886 0 907 483 0 922 237 925 0 0 948 0 162 0 749 0 515 357 675 589 358 417 993 849 282 0 959 661 421 959 373 0 820 991 420 291 0 0 0 0 139 293 430 516 493 0 0 429 180 856 596 259 530 408 540 64 0 969 0 969 280 932 602 752 828 391 0 191 281 0 427 0 472 916 734 0 531 558 936 927 0 0 0 484 0 0 0 765 0 0 811 570 0 892 961 893 128 0 512 709 0 552 539 915 469 0 847 835 214 656 498 275 723 453 644 0 0 32 154 145 0 
448 490 0 977 197 166 800 219 242 251 298 0 790 884 248 775 741 0 647 346 0 636 0 523 445 0 565 664 0 0 0 613 318 846 33 511 165 0 507 666 0 518 857 0 136 0 119 846 366 0 356 440 516 0 72 692 0 0 0 0 0 446 178 524 28 222 110 665 0 50 983 719 34 821 597 378 398 588 535 718 186 58 186 0 0 851 218 991 0 138 810 0 601 641 384 927 0 0 558 466 0 846 787 0 469 0 320 916 0 247 690 29 830 51 0 96 426 426 739 307 287 737 32 0 0 203 422 389 168 0 296 523 853 0 330 6 833 486 0 371 645 0 136 807 0 966 945 0 85 954 712 926 550 573 115 908 662 263 540 132 0 364 555 557 155 160 956 0 560 0 0 167 332 818 0 541 0 565 943 481 48 65 0 416 789 0 0 982 0 970 957 197 697 307 505 390 44 130 906 503 257 0 112 
559 544 558 433 688 929 0 0 499 0 0 0 949 266 432 42 229 812 0 602 0 707 470 200 0 0 687 42 610 25 994 556 436 177 193 819 0 437 845 113 271 416 550 109 573 119 0 183 840 0 0 772 0 0 130 450 672 245 219 955 430 0 18 0 374 227 974 560 300 190 780 993 0 966 668 483 0 0 204 315 265 87 0 317 347 478 0 52 531 523 0 578 263 616 21 928 0 0 330 933 483 222 615 0 0 304 817 0 526 488 5 473 702 627 671 135 793 0 448 104 700 0 0 971 604 0 776 0 993 405 0 0 313 718 214 103 824 82 0 13 163 525 0 0 803 0 103 538 0 0 0 0 0 494 0 0 0 42 626 767 359 251 64 0 511 511 61 0 0 932 60 0 345 907 85 0 0 337 327 0 484 521 0 31 382 632 389 212 0 922 0 570 0 281 205 0 0 360 0 0 590 505 0 
0 290 0 606 886 162 577 355 161 747 450 802 774 718 294 451 93 0 552 207 808 534 357 462 26 300 0 150 210 548 948 366 843 493 356 197 352 36 0 135 989 790 718 0 211 846 183 0 573 0 0 0 740 826 933 284 0 250 0 314 491 779 559 392 923 0 41 918 45 884 0 724 0 956 25 14 6 0 0 230 335 672 649 42 0 0 602 0 570 489 162 529 223 0 0 46 788 263 617 663 425 0 251 807 381 404 11 340 175 892 494 0 579 0 0 728 775 866 34 915 721 323 950 607 477 937 87 0 0 458 213 0 38 835 135 762 538 0 521 0 0 576 176 0 629 926 140 0 898 946 435 148 117 0 700 382 691 695 0 574 670 737 747 0 495 785 0 0 433 0 0 0 118 0 0 857 799 573 516 320 74 925 327 503 182 760 158 0 111 0 0 121 145 756 0 753 388 463 0 813 72 295 942 
769 209 865 944 0 704 0 640 118 0 204 0 990 146 934 654 150 696 969 980 767 986 251 508 203 0 935 993 845 465 582 580 372 257 745 560 714 435 0 0 504 0 0 642 874 366 840 573 0 673 863 0 796 620 536 0 295 811 0 350 267 656 485 0 664 0 750 253 61 911 0 672 0 759 664 621 313 0 233 19 832 0 653 887 584 587 440 301 9 838 0 289 998 325 118 348 756 862 468 138 928 156 312 873 930 0 891 943 461 413 302 0 95 698 407 0 602 990 344 0 140 769 720 844 0 718 380 0 226 790 640 653 107 227 824 814 0 0 876 499 776 527 0 242 208 727 559 0 750 895 829 52 713 156 624 0 941 381 667 42 414 129 0 333 0 492 204 158 794 588 953 210 661 352 0 860 661 0 0 913 123 0 399 561 175 558 293 770 22 539 259 95 203 0 298 531 326 936 229 242 820 596 891 
47 279 0 362 260 0 141 243 266 948 115 481 817 556 893 639 0 0 669 95 0 831 88 0 116 0 920 370 254 508 856 541 874 377 773 275 0 0 499 752 861 852 935 271 470 0 0 0 673 0 0 380 485 928 736 13 0 772 187 0 414 906 410 355 585 673 0 326 514 0 0 874 153 666 0 618 845 686 708 490 341 478 649 68 635 311 330 938 212 0 0 0 900 0 0 69 847 78 716 0 558 934 343 581 0 216 61 411 938 488 396 6 632 137 892 0 658 46 0 0 483 0 929 318 869 651 555 795 407 987 498 0 0 335 0 909 440 592 928 922 0 0 419 631 990 973 2 381 0 939 77 388 683 859 577 472 74 0 607 187 874 19 0 472 82 773 696 849 374 0 0 337 59 412 333 0 228 319 667 803 381 0 0 314 59 264 246 902 344 711 322 0 280 729 0 344 65 129 679 328 745 0 234 
0 87 968 892 985 817 0 0 0 344 427 207 0 343 445 990 85 766 0 769 0 0 317 0 15 16 767 644 734 233 0 238 841 0 223 844 978 174 12 298 806 0 707 988 785 356 0 0 863 0 0 960 10 356 0 153 990 107 0 676 902 707 932 528 0 572 10 289 248 817 0 0 820 239 475 905 150 2 995 604 98 433 478 25 60 533 975 0 791 385 151 58 0 934 142 898 362 0 599 598 0 282 941 71 864 360 456 504 496 863 0 203 280 0 193 80 581 600 952 0 287 940 0 619 324 350 514 187 476 0 627 344 0 258 45 0 30 953 789 0 893 108 860 57 741 978 0 987 95 0 61 903 0 922 866 295 905 110 640 979 0 459 269 885 620 980 0 0 770 856 266 660 908 3 0 0 0 188 642 0 292 861 824 0 322 81 56 168 938 690 159 699 69 362 645 310 0 0 0 0 782 59 329 
745 188 0 0 707 664 958 23 129 411 29 781 438 0 956 288 911 0 666 624 186 646 241 0 0 787 290 63 558 791 295 215 506 76 105 384 742 482 601 677 9 0 145 488 431 440 772 0 0 380 960 0 634 267 895 0 24 693 0 0 127 40 0 0 0 276 0 473 0 0 662 882 0 363 247 568 400 566 756 848 152 43 566 946 705 804 67 997 453 375 382 804 473 0 0 756 870 0 503 448 29 0 60 965 231 4 723 360 0 446 0 37 424 19 0 576 706 294 0 99 0 861 0 377 311 26 0 577 470 544 238 376 238 565 90 241 0 0 645 67 0 42 555 735 39 606 0 537 842 0 443 273 242 204 644 871 0 316 459 248 814 669 286 0 549 793 973 721 426 0 162 216 599 583 878 925 0 0 667 249 786 0 117 891 806 286 551 642 101 82 0 581 121 707 564 0 0 98 801 801 267 0 984 
227 899 768 229 284 657 324 628 0 805 547 630 303 566 776 0 0 804 922 49 114 495 892 859 616 400 104 0 659 373 744 488 85 883 419 0 775 231 625 0 333 0 39 86 404 516 0 740 796 485 10 634 0 703 537 968 679 491 57 0 307 960 820 170 296 788 0 131 0 836 758 351 544 175 0 0 536 673 791 615 516 0 93 0 653 989 756 738 0 323 0 351 981 881 801 939 0 273 116 0 847 766 0 740 0 448 727 587 79 937 372 462 691 809 0 394 243 914 152 42 294 0 211 785 812 0 936 181 235 772 802 61 702 0 866 0 733 0 77 114 726 625 218 850 0 0 0 162 495 62 811 0 744 0 0 0 591 104 0 398 113 9 0 656 555 243 689 0 0 204 0 443 467 287 578 480 0 830 646 106 962 0 746 439 721 315 880 39 740 172 855 983 0 0 0 0 577 0 0 853 790 66 745 
196 0 82 609 507 0 675 196 503 882 390 561 101 985 0 275 13 912 742 161 171 452 528 0 941 0 665 736 0 0 950 970 0 478 0 0 519 0 0 599 0 0 775 0 417 0 0 826 620 928 356 267 703 0 41 664 0 437 444 54 437 0 0 338 119 698 611 456 0 535 0 136 765 64 0 0 514 549 377 579 0 0 324 898 0 339 645 665 831 887 486 595 593 404 284 690 474 0 0 438 247 0 584 0 867 82 315 820 62 492 104 865 0 414 21 167 625 793 256 417 243 0 66 0 494 0 929 186 148 25 291 353 170 806 34 0 670 780 356 0 615 884 0 329 555 587 0 0 0 222 508 246 564 625 582 475 367 799 0 384 381 0 999 0 364 0 296 197 407 848 0 249 817 0 0 69 421 894 517 431 522 878 86 0 431 872 756 60 448 214 708 325 476 559 38 189 804 568 363 0 136 914 263 
664 167 464 746 32 841 0 225 0 322 957 632 0 198 0 471 326 0 0 662 0 863 459 997 907 604 0 1 945 55 717 87 12 0 188 80 703 64 142 0 410 711 770 74 119 72 130 933 536 736 0 895 537 41 0 864 0 196 87 927 57 156 284 956 857 161 77 265 670 442 598 76 257 0 602 315 821 687 455 0 180 164 476 847 600 869 922 55 669 0 652 112 584 153 834 538 413 679 0 0 985 679 0 0 818 54 360 268 0 0 305 647 106 979 169 804 0 935 205 492 554 0 522 800 82 489 441 734 632 576 0 194 376 112 0 728 987 473 0 0 0 0 917 883 174 579 873 489 206 376 32 0 730 709 0 934 424 0 559 0 572 0 790 138 608 302 431 0 0 259 0 170 485 552 132 0 274 329 243 283 125 922 670 413 389 33 607 988 0 358 0 484 980 191 94 905 924 944 0 0 450 467 183 
142 322 361 166 191 0 408 382 681 473 623 0 120 384 553 0 41 483 566 539 27 746 231 305 0 0 735 687 0 0 0 618 252 0 349 429 149 0 0 627 0 477 793 0 418 692 450 284 0 13 153 0 968 664 864 0 597 0 0 353 48 0 316 741 282 0 481 672 497 764 919 261 0 968 0 444 459 353 812 559 0 391 427 423 622 0 0 383 564 0 497 0 105 670 830 64 0 243 961 596 10 0 443 711 816 933 783 0 863 0 793 607 875 364 625 843 235 17 359 673 829 418 0 396 852 370 287 0 0 204 558 0 679 502 681 213 857 967 452 0 530 275 725 798 871 0 819 0 187 0 409 398 797 936 117 111 615 41 854 693 0 0 746 991 515 644 148 197 125 463 929 0 442 97 85 135 0 336 670 501 199 989 970 625 0 0 393 932 527 557 283 324 687 0 67 964 479 302 981 906 0 0 300 
923 0 857 301 622 676 0 866 469 238 0 853 408 83 0 528 227 58 0 438 655 502 294 0 48 0 0 137 0 935 794 492 702 301 483 296 388 882 542 823 616 236 852 0 490 0 672 0 295 0 990 24 679 0 0 597 0 0 472 123 10 0 0 430 124 789 97 405 600 517 192 539 0 0 544 731 808 0 657 216 0 265 248 678 911 733 0 505 895 152 0 0 26 923 641 541 849 803 600 867 0 853 541 0 885 736 0 0 929 0 944 197 306 611 818 0 0 0 968 935 134 130 325 0 814 0 503 161 285 115 233 0 770 624 466 163 0 0 747 640 0 0 68 790 442 468 0 0 184 779 50 0 716 0 89 827 0 0 167 0 838 213 0 63 673 742 33 539 376 967 472 0 994 660 539 464 0 934 873 792 0 72 486 0 212 584 847 4 549 913 0 962 319 0 0 753 624 461 300 0 0 0 0 
