0 685 474 0 523 503 0 671 166 0 0 262 0 887 102 509 240 431 195 0 617 706 459 180 35 57 458 528 993 47 972 778 910 0 911 313 774 201 956 271 843 133 911 883 390 17 486 825 573 742 798 241 0 552 634 676 669 178 285 273 823 364 676 610 0 503 0 45 322 0 255 0 846 0 994 448 558 0 0 358 691 248 471 228 598 720 335 129 344 701 71 0 890 0 0 443 777 0 773 708 0 448 694 324 425 0 377 21 216 427 35 477 488 813 0 55 600 0 610 548 987 380 602 577 820 0 614 0 871 930 364 682 0 953 84 56 703 796 0 0 0 0 382 0 521 538 775 0 700 0 0 209 967 557 81 815 981 0 817 875 0 48 0 867 0 926 263 932 978 404 324 0 138 979 0 10 0 571 444 737 216 0 694 858 0 606 672 575 0 816 618 120 455 0 0 338 812 389 0 455 417 901 0 555 782 623 0 361 0 864 
685 0 320 208 0 0 890 34 0 603 0 0 0 38 0 0 324 0 0 3 769 497 113 280 458 447 0 668 952 0 994 70 452 0 438 276 0 725 0 0 479 554 720 362 966 0 746 894 734 489 231 412 892 683 762 434 655 23 76 0 572 149 646 947 233 0 772 710 375 691 820 0 0 840 153 399 0 0 176 0 601 968 43 0 0 918 275 391 898 89 341 0 0 937 96 71 600 413 340 331 0 250 600 755 512 408 255 0 717 0 376 973 34 404 878 430 920 44 445 188 158 515 469 159 271 430 533 110 61 182 0 459 441 373 592 288 983 0 145 370 961 0 666 922 474 785 0 816 359 779 737 0 804 369 0 217 245 464 0 642 521 0 298 368 652 704 725 409 959 377 751 130 361 322 210 103 0 133 429 25 0 638 91 0 388 474 0 310 128 103 468 314 0 456 733 451 0 273 0 552 564 978 943 111 763 690 0 259 0 901 
474 320 0 570 842 786 955 358 410 455 228 85 392 243 0 0 0 990 419 374 0 330 363 943 155 270 595 515 391 0 0 0 254 809 930 722 400 16 0 0 615 984 77 555 0 943 259 160 572 676 0 0 882 0 275 45 978 480 553 354 929 0 232 528 0 0 304 853 0 0 981 0 22 0 726 0 387 0 620 0 848 36 350 541 789 297 491 713 381 0 0 350 972 0 160 539 274 505 178 905 0 0 346 0 623 634 228 888 6 0 0 0 924 0 351 532 0 73 0 143 730 767 566 0 523 0 914 427 0 909 491 403 759 820 0 42 929 800 970 688 973 0 409 199 152 178 357 0 591 0 895 951 744 935 0 279 88 803 41 293 570 728 821 0 0 0 0 474 575 113 788 619 704 197 0 801 332 133 623 204 17 845 529 622 686 982 0 319 718 164 238 141 415 0 0 31 954 444 864 198 772 289 423 0 3 351 341 750 504 0 
0 208 570 0 88 673 442 2 247 0 0 24 180 120 833 334 751 140 882 320 341 813 117 847 956 969 519 884 522 795 551 200 831 102 748 157 131 0 0 588 745 606 824 846 0 0 55 0 102 50 0 392 197 657 0 0 148 794 475 422 120 0 829 0 560 924 965 742 266 657 218 0 781 902 327 0 129 438 509 0 646 211 490 720 433 0 939 386 876 749 0 129 623 353 277 0 40 711 253 820 178 2 374 169 463 0 680 0 379 470 732 0 314 410 632 162 0 315 846 92 864 0 476 553 862 921 271 106 506 502 0 0 0 326 41 951 0 0 0 0 0 682 404 784 389 590 521 721 774 0 408 0 709 0 0 882 0 999 0 600 138 691 972 600 848 45 0 937 812 820 376 0 812 11 539 804 411 215 280 0 0 0 0 489 657 557 806 0 585 951 161 0 0 214 559 128 242 49 0 0 39 454 0 40 297 0 0 0 906 902 
523 0 842 88 0 129 39 860 957 907 878 0 938 0 579 0 173 463 0 533 0 0 0 0 867 548 0 454 564 775 0 749 429 0 517 0 828 825 460 973 47 0 513 573 579 913 0 0 538 0 826 0 461 0 613 0 405 892 403 0 254 480 286 0 550 0 111 145 0 0 533 549 4 0 919 131 0 543 966 968 813 12 356 790 367 117 0 943 687 813 427 0 476 929 564 0 0 648 159 104 0 0 855 0 536 416 794 790 0 0 227 826 0 761 708 438 228 810 21 0 0 327 298 0 44 0 745 0 696 0 0 475 21 723 31 525 0 567 662 513 0 0 0 188 732 414 928 350 0 628 0 30 0 354 77 235 47 0 687 286 227 506 228 804 92 790 701 0 148 208 163 385 403 68 551 980 899 0 783 438 930 288 51 870 616 128 26 664 347 453 288 395 716 0 80 990 732 519 0 0 224 833 286 0 338 371 142 0 768 0 
503 0 786 673 129 0 107 752 0 331 0 224 571 408 904 110 998 88 577 691 338 719 889 0 0 476 840 140 602 0 0 632 39 0 134 0 0 303 286 383 477 0 940 631 281 277 513 125 217 230 519 15 0 337 0 519 684 0 981 541 0 0 270 0 590 494 73 62 852 265 597 0 0 306 937 384 371 965 358 452 849 856 67 273 975 0 659 371 276 159 1 0 311 0 300 280 20 508 817 957 0 164 830 912 0 432 357 337 290 929 0 999 804 233 0 328 862 689 931 488 368 715 201 109 0 120 0 68 153 23 866 120 203 35 27 447 916 0 0 149 823 67 631 634 850 859 594 835 264 465 213 433 0 0 0 371 559 0 131 264 711 0 931 391 163 45 381 141 388 946 800 0 531 916 0 0 944 731 86 822 128 607 26 863 515 908 617 83 355 44 127 511 992 0 504 711 567 73 0 0 0 879 374 334 32 580 0 0 649 269 
0 890 955 442 39 107 0 420 284 0 442 0 0 0 216 820 161 837 515 0 427 179 0 873 0 569 80 0 46 111 546 0 487 227 425 600 722 538 70 473 0 572 707 919 62 640 407 0 195 173 954 217 166 589 0 0 398 0 266 29 0 934 153 771 865 715 0 255 845 0 468 411 0 571 0 581 729 334 724 159 0 674 689 288 165 298 936 0 992 0 0 174 0 768 0 0 0 436 780 145 0 757 934 831 676 619 0 171 531 0 38 0 773 81 400 826 553 0 0 0 809 192 630 318 733 518 171 858 0 835 19 715 701 391 0 885 736 51 0 329 238 349 561 2 27 0 198 0 755 0 0 630 882 0 0 0 0 833 561 545 417 270 417 0 250 683 827 408 0 566 0 102 142 439 250 382 720 641 578 208 578 448 411 0 708 932 0 866 154 64 300 198 422 65 587 39 228 22 409 156 70 583 195 468 452 741 0 678 954 389 
671 34 358 2 860 752 420 0 0 0 0 0 0 0 0 0 881 231 618 261 0 640 822 715 0 0 289 0 969 694 0 0 0 0 649 861 0 0 0 865 823 818 929 846 659 0 571 0 337 0 481 90 348 903 703 692 0 420 540 408 76 0 958 0 679 471 0 593 775 0 824 699 881 0 170 912 0 397 666 472 0 7 0 0 992 0 0 117 845 0 0 2 0 828 151 348 732 0 0 823 0 703 88 0 963 821 515 909 0 0 753 85 578 993 245 735 679 64 41 122 673 109 441 0 0 414 91 153 120 660 637 422 513 615 286 802 680 949 0 550 352 521 462 992 383 465 0 0 0 0 894 988 448 0 17 0 441 0 52 0 578 0 857 0 729 535 0 846 0 588 0 179 49 111 846 0 726 0 5 58 771 437 874 105 204 932 532 691 866 82 817 487 0 0 360 0 0 764 914 0 928 845 192 0 0 0 258 0 76 424 
166 0 410 247 957 0 284 0 0 764 907 132 638 736 769 894 753 49 6 0 592 195 882 761 667 729 341 678 565 654 0 517 106 249 320 728 0 0 0 0 839 649 0 0 799 0 297 91 402 0 276 523 21 100 161 478 191 26 0 425 610 775 665 936 0 586 0 0 0 394 514 52 720 0 122 832 0 679 836 0 981 336 310 0 0 521 223 0 98 0 151 895 491 483 0 865 588 145 321 0 780 0 134 0 54 5 453 553 0 664 58 832 0 551 644 255 670 70 583 0 352 0 124 622 692 696 0 87 755 0 220 280 372 658 202 828 327 0 425 299 185 483 100 334 321 652 0 0 940 37 227 238 0 772 240 79 638 0 616 798 0 663 360 781 170 0 107 794 349 0 14 0 205 694 0 326 972 661 840 384 501 0 388 0 435 109 157 496 667 476 205 256 607 0 0 606 733 254 761 818 160 211 0 935 676 57 934 0 299 693 
0 603 455 0 907 331 0 0 764 0 0 412 808 570 584 875 713 884 596 963 112 0 913 0 844 168 0 941 965 299 0 176 152 890 710 375 769 913 582 135 185 0 320 542 129 696 26 0 942 0 315 0 895 319 0 0 998 361 0 299 459 0 658 0 0 0 0 784 190 568 0 0 986 298 125 738 0 626 863 186 421 536 0 0 27 464 288 15 717 213 236 540 287 393 652 883 0 0 693 570 0 901 875 0 781 876 707 904 0 233 331 316 0 0 244 365 460 908 0 0 183 763 15 66 233 785 679 316 379 0 77 595 104 641 333 406 534 668 857 0 107 951 794 69 669 583 961 346 235 0 493 24 0 732 0 0 633 475 522 0 183 391 217 553 943 455 262 218 57 183 0 388 975 159 770 945 568 908 0 0 0 315 0 322 134 0 933 333 435 587 0 100 894 957 875 309 0 343 487 321 353 429 406 766 336 625 92 60 843 181 
0 0 228 0 878 0 442 0 907 0 0 52 611 731 351 0 325 0 451 0 0 427 559 0 437 0 0 780 107 0 622 264 982 817 563 794 449 464 111 676 0 496 544 944 182 401 140 0 538 626 142 976 350 278 824 89 720 158 443 505 165 217 0 544 691 664 78 48 0 0 117 0 0 427 117 0 172 985 202 283 854 247 680 391 320 39 735 574 685 0 0 781 506 0 48 0 523 443 197 0 0 0 0 697 616 0 596 804 383 226 0 864 0 0 492 549 0 888 327 0 107 311 495 398 356 437 525 561 748 0 0 689 0 842 689 712 144 0 0 679 564 281 0 841 886 401 0 429 502 368 521 566 932 242 854 969 0 0 198 390 330 0 0 641 0 0 515 296 0 90 616 427 742 755 40 281 438 910 948 0 577 257 883 52 198 0 0 640 447 508 122 735 432 0 907 780 897 0 130 401 104 61 451 49 916 0 0 671 227 0 
262 0 85 24 0 224 0 0 132 412 52 0 225 73 846 163 784 682 283 903 0 953 98 846 0 375 195 0 229 0 276 0 25 182 0 0 671 183 57 947 577 694 571 699 0 51 101 454 253 0 0 31 0 424 257 792 804 0 0 994 886 445 0 596 392 369 565 397 301 100 0 0 665 769 0 97 411 784 255 541 0 884 373 607 115 614 380 0 156 0 0 555 891 882 0 100 109 326 840 518 843 0 25 329 0 431 720 790 824 504 270 554 839 184 492 694 373 923 824 923 0 895 335 901 188 307 609 925 660 699 0 0 276 453 814 0 351 783 250 75 825 0 302 0 791 0 932 0 476 0 305 0 0 0 274 125 585 364 236 898 0 0 0 0 708 0 387 163 0 0 0 626 788 189 156 254 845 898 840 0 841 0 0 382 700 31 937 851 192 633 501 384 0 0 0 853 69 611 0 935 632 833 655 424 0 19 0 279 0 874 
0 0 392 180 938 571 0 0 638 808 611 225 0 0 268 0 589 454 675 384 593 0 875 0 541 448 0 896 428 0 190 955 707 157 238 0 616 0 665 954 885 216 733 699 0 854 0 0 557 74 0 0 181 0 709 0 190 871 258 469 780 954 88 977 232 93 266 639 418 0 0 973 65 742 147 640 846 0 414 923 536 40 769 756 244 755 865 788 195 223 532 458 0 279 105 564 0 135 999 0 838 514 0 965 0 194 0 0 912 525 629 131 27 86 0 775 825 0 0 0 530 482 778 813 855 833 0 242 132 373 453 928 0 761 47 423 902 104 478 828 0 79 0 0 706 0 0 967 0 473 0 212 723 511 344 599 548 0 440 572 217 0 564 208 603 0 0 0 0 212 0 0 0 185 0 812 396 0 594 273 204 449 570 515 879 0 0 0 883 788 0 973 187 175 64 616 637 50 175 556 978 198 555 0 0 469 832 346 155 106 
887 38 243 120 0 408 0 0 736 570 731 73 0 0 0 944 0 713 0 797 227 0 630 53 0 516 129 16 0 192 0 267 146 881 781 483 0 176 659 783 288 360 927 690 0 570 565 356 524 605 309 589 0 843 351 0 0 895 945 0 929 379 105 968 431 180 633 629 352 0 48 577 504 134 504 67 0 0 0 0 936 34 0 791 0 513 256 869 2 966 0 817 690 0 543 829 0 898 718 41 236 66 0 0 862 480 720 0 437 0 306 491 0 0 97 704 205 596 79 289 649 173 945 865 678 23 508 228 527 0 163 0 775 575 561 603 743 29 389 610 0 600 187 77 112 904 0 964 0 125 816 5 5 314 0 435 116 438 0 310 437 0 238 795 0 0 637 0 690 0 515 716 282 879 532 932 705 687 0 236 876 960 616 0 0 860 585 926 191 618 0 941 835 420 688 581 0 467 0 967 334 154 0 756 355 455 540 253 0 0 
102 0 0 833 579 904 216 0 769 584 351 846 268 0 0 0 0 880 295 847 396 38 0 710 253 594 672 435 0 565 171 393 903 0 376 0 790 0 308 0 0 26 222 897 472 7 727 66 118 0 896 820 599 876 912 359 288 332 573 0 0 466 703 0 859 380 0 473 47 363 0 0 219 563 0 645 266 0 668 308 681 210 635 0 307 0 697 0 521 133 401 674 85 581 799 474 532 0 523 972 0 331 105 0 0 617 0 0 390 668 442 915 321 622 947 479 673 977 159 903 375 834 475 995 0 289 415 246 880 0 361 140 0 937 571 0 0 144 860 0 0 716 0 0 653 714 9 0 0 307 940 0 419 0 0 966 556 0 254 355 0 264 0 0 0 756 184 644 218 857 557 635 628 929 124 132 382 219 225 764 249 412 416 0 553 0 502 105 714 0 259 400 0 0 0 0 563 106 17 0 0 0 271 71 0 60 957 153 849 0 
509 0 0 334 0 110 820 0 894 875 0 163 0 944 0 0 0 0 0 0 798 851 0 0 312 918 0 802 940 0 0 0 865 632 0 442 655 344 476 0 682 959 153 670 543 130 73 458 738 149 358 0 50 377 734 0 0 413 200 940 85 0 13 271 0 339 910 906 678 179 548 453 887 795 0 0 76 953 771 986 460 0 795 864 67 0 694 633 984 342 787 509 943 366 752 0 370 126 106 877 682 883 0 457 428 723 0 337 64 36 427 14 0 0 689 156 963 220 0 921 812 697 0 495 0 0 201 0 266 0 946 145 427 580 0 0 977 389 549 184 820 0 107 982 786 799 0 481 931 339 207 264 0 206 0 855 6 982 314 0 480 861 0 574 540 280 0 0 126 981 553 459 965 977 0 281 913 478 891 0 97 0 0 134 902 77 955 419 217 157 445 0 739 871 374 675 223 0 0 675 96 922 707 0 507 0 445 268 0 955 
240 324 0 751 173 998 161 881 753 713 325 784 589 0 0 0 0 483 479 435 633 946 598 128 211 0 33 763 571 244 265 45 892 743 743 88 400 513 738 993 772 582 155 0 799 0 0 178 562 897 884 844 0 429 0 922 236 572 0 757 489 523 0 0 286 0 887 498 654 950 915 0 224 0 589 722 987 0 312 798 0 251 720 738 565 172 727 539 0 497 799 877 923 871 160 936 314 990 4 242 172 558 844 639 713 565 924 277 0 0 248 0 25 339 336 593 0 0 0 953 547 0 0 145 974 882 359 0 312 278 0 0 254 0 0 131 62 0 0 236 0 56 543 117 257 223 640 578 781 0 809 680 910 864 43 211 775 167 745 38 362 900 0 760 0 749 736 428 249 108 482 0 21 0 322 960 986 818 940 345 173 404 652 807 998 902 73 229 811 361 0 147 958 489 0 151 391 161 0 985 931 938 644 499 834 910 908 344 29 122 
431 0 990 140 463 88 837 231 49 884 0 682 454 713 880 0 483 0 959 0 2 830 31 119 788 39 153 514 310 0 0 845 332 967 540 0 0 199 0 584 948 0 453 259 0 79 210 506 136 0 774 261 558 0 497 769 447 476 863 174 241 314 893 916 951 0 0 283 453 965 658 0 842 965 576 5 689 0 0 928 0 172 645 256 0 455 0 197 410 451 792 719 0 0 277 435 0 0 0 867 602 374 0 793 56 402 0 835 176 0 86 593 0 249 81 356 571 98 0 34 8 432 212 0 0 73 630 97 964 508 124 865 327 344 385 952 0 204 293 592 379 277 819 362 106 281 619 537 0 115 10 721 556 0 820 218 220 145 40 523 0 672 679 963 825 44 87 978 0 14 937 936 0 293 952 0 271 557 852 731 576 0 543 501 377 356 243 94 0 950 535 605 859 92 0 182 39 592 403 561 204 183 163 208 0 511 292 942 754 51 
195 0 419 882 0 577 515 618 6 596 451 283 675 0 295 0 479 959 0 309 301 929 549 279 315 118 815 1 0 0 0 293 0 559 824 521 872 630 747 301 452 489 550 334 172 0 260 0 660 715 492 367 0 88 953 79 0 0 510 0 503 0 0 566 0 0 0 862 458 330 0 0 526 426 0 489 583 808 0 283 0 48 888 431 0 0 0 910 400 489 231 507 632 0 0 138 615 324 0 120 0 50 0 574 427 902 340 220 0 323 153 0 0 298 545 421 0 129 25 229 842 849 557 0 917 588 0 747 762 592 850 69 285 678 0 0 40 72 233 0 711 234 225 240 643 156 851 316 455 805 0 0 900 130 796 671 169 104 462 0 46 896 646 595 310 179 891 266 0 361 532 772 966 999 719 53 0 0 967 144 602 891 0 0 499 696 408 0 542 206 852 0 0 826 0 534 54 0 626 59 0 326 219 52 338 0 0 292 345 252 
0 3 374 320 533 691 0 261 0 963 0 903 384 797 847 0 435 0 309 0 42 0 920 0 415 345 85 117 0 590 367 0 190 644 274 542 575 173 536 463 0 748 178 0 668 974 225 826 884 0 871 720 671 941 0 897 765 535 0 0 471 550 75 239 0 148 435 117 185 769 616 773 867 383 847 980 0 159 290 407 97 178 798 478 0 595 293 166 0 238 316 560 40 342 620 805 0 706 476 97 822 669 221 874 380 750 916 204 910 0 94 528 436 293 955 303 892 0 731 728 399 434 339 323 930 522 842 0 0 825 653 660 301 950 0 0 686 557 24 717 134 645 901 302 562 321 499 0 976 756 433 542 170 0 0 26 0 886 435 233 257 460 342 487 0 0 276 813 598 247 419 293 0 651 0 0 14 0 306 754 0 945 164 835 465 959 0 639 72 425 490 469 543 161 903 84 457 998 0 697 760 101 156 460 885 733 0 267 0 308 
617 769 0 341 0 338 427 0 592 112 0 0 593 227 396 798 633 2 301 42 0 0 356 646 0 757 295 82 0 332 593 152 70 549 209 647 82 377 87 347 0 407 771 52 723 0 0 0 0 911 573 216 162 613 980 407 820 851 198 430 831 193 677 474 206 678 0 765 815 0 163 245 420 971 907 0 725 368 0 887 169 499 0 404 61 711 923 377 1 810 0 813 156 190 540 919 0 565 0 0 366 326 410 72 960 983 162 915 349 762 0 856 607 0 927 78 182 604 656 879 575 607 246 0 0 204 374 255 823 691 726 0 0 0 798 545 902 848 0 0 0 989 0 245 127 849 789 955 953 980 0 210 8 0 763 913 0 625 291 0 568 773 14 575 127 787 616 198 881 371 412 134 582 65 335 429 668 783 698 839 316 954 337 359 410 258 0 520 496 440 0 0 226 688 0 448 55 0 966 914 0 686 570 801 0 0 578 381 666 211 
706 497 330 813 0 719 179 640 195 0 427 953 0 0 38 851 946 830 929 0 0 0 0 651 60 218 538 488 577 20 200 121 54 0 15 0 0 0 885 3 589 333 757 0 185 0 0 380 654 639 669 830 0 0 972 943 930 0 211 83 0 603 798 582 0 0 694 227 0 686 433 44 946 0 0 948 889 86 116 0 446 295 798 914 31 0 843 0 831 263 0 0 0 410 430 0 763 350 0 211 904 124 750 75 293 493 854 89 746 818 0 0 60 0 54 384 883 0 176 589 57 84 870 566 936 401 36 774 732 633 715 0 615 49 0 589 0 861 895 173 292 443 0 680 969 372 538 0 791 0 389 334 493 0 0 561 129 86 123 0 314 519 768 96 0 794 690 300 433 0 0 0 415 678 75 966 715 0 712 616 747 164 998 561 617 572 418 768 746 817 0 36 817 388 0 0 595 869 524 575 52 958 0 206 419 915 366 216 493 0 
459 113 363 117 0 889 0 822 882 913 559 98 875 630 0 0 598 31 549 920 356 0 0 564 591 105 0 359 897 894 860 0 150 629 246 0 617 753 9 270 460 94 935 144 220 517 655 348 840 564 973 0 399 166 0 455 904 364 0 848 191 776 166 364 785 67 535 982 117 296 0 0 0 890 890 585 194 876 176 459 464 0 0 865 171 282 554 108 162 509 901 406 105 932 124 31 130 697 228 150 911 0 684 0 593 446 169 979 807 797 861 553 19 654 815 0 697 0 175 344 78 143 974 952 653 461 161 0 0 0 290 494 0 0 364 897 457 0 236 0 469 0 374 0 695 974 0 323 385 0 110 0 0 0 872 126 79 395 0 342 50 0 511 356 750 0 748 402 0 0 918 111 997 0 565 0 618 139 417 243 0 245 30 836 17 68 377 41 274 0 575 0 307 0 983 836 0 528 0 964 503 917 0 866 156 0 0 932 381 505 
180 280 943 847 0 0 873 715 761 0 0 846 0 53 710 0 128 119 279 0 646 651 564 0 102 0 501 488 419 826 851 843 698 0 439 218 619 0 707 0 818 703 794 435 667 585 817 759 0 870 836 244 0 0 636 0 92 183 468 0 0 881 536 216 841 986 0 952 332 650 648 829 0 613 759 342 684 0 726 674 950 453 30 751 135 581 303 166 970 903 0 420 0 730 0 395 704 0 736 870 576 0 0 411 402 152 35 624 33 838 24 701 0 810 140 36 0 723 957 0 478 658 885 391 540 343 427 0 198 686 238 22 0 0 64 786 0 267 556 574 901 353 336 0 562 0 0 511 0 678 348 26 954 177 424 347 363 855 0 0 0 245 0 994 0 960 664 459 0 34 88 280 848 632 0 523 140 891 0 0 257 0 872 28 0 569 411 671 495 907 965 0 216 849 0 0 422 170 0 704 438 102 0 865 236 488 0 0 0 780 
35 458 155 956 867 0 0 0 667 844 437 0 541 0 253 312 211 788 315 415 0 60 591 102 0 0 457 586 769 88 749 0 0 550 172 152 110 0 32 470 995 0 0 472 112 937 733 813 565 759 235 712 0 689 562 600 0 250 633 51 610 272 0 951 61 393 0 445 250 576 110 215 0 952 589 0 0 17 886 0 871 744 613 0 208 960 855 834 628 0 596 402 672 437 661 111 845 653 319 0 49 95 995 658 767 746 306 102 297 760 234 959 331 942 871 995 0 661 571 0 0 876 692 805 327 971 321 203 488 989 58 115 0 712 453 989 755 346 0 261 0 861 0 78 0 955 889 889 265 0 298 525 0 424 103 79 0 521 629 645 0 0 18 591 436 53 0 0 0 0 0 57 785 436 473 343 205 182 261 276 202 993 420 633 0 633 543 363 374 349 589 107 239 0 167 557 0 369 0 198 883 377 651 569 825 898 526 958 17 428 
57 447 270 969 548 476 569 0 729 168 0 375 448 516 594 918 0 39 118 345 757 218 105 0 0 0 0 975 837 0 637 0 750 0 395 544 0 847 203 0 579 0 0 356 927 0 631 312 102 206 0 566 868 0 0 24 697 414 296 802 985 849 0 360 551 586 0 524 931 0 414 167 186 0 556 0 0 0 0 375 858 290 0 282 0 0 122 833 0 0 947 651 153 254 60 394 81 0 814 489 395 605 491 458 350 0 0 137 634 0 8 558 770 0 0 879 745 891 594 859 785 626 385 677 419 704 0 5 121 306 670 672 456 0 124 826 425 25 18 507 319 323 50 0 41 901 0 0 656 2 839 625 168 308 0 673 948 433 559 181 818 313 541 929 448 88 675 340 208 95 180 632 849 0 987 396 606 583 539 647 498 0 587 365 221 627 832 640 298 0 845 0 0 129 558 368 0 492 269 907 920 618 57 0 85 89 590 665 0 907 
458 0 595 519 0 840 80 289 341 0 0 195 0 129 672 0 33 153 815 85 295 538 0 501 457 0 0 0 494 317 446 656 800 0 101 419 685 72 181 567 419 345 700 0 777 919 455 911 509 448 434 849 479 0 0 0 491 0 930 186 0 0 0 396 36 938 448 941 895 928 635 0 501 0 194 600 799 0 0 428 259 368 975 206 466 463 382 204 892 0 849 482 880 0 398 0 474 0 127 45 73 466 352 0 213 959 70 33 958 367 452 523 557 0 750 221 229 970 954 232 357 874 511 271 0 566 171 930 135 166 0 932 143 854 887 0 0 234 220 108 0 372 0 84 217 511 546 0 789 0 186 418 396 148 0 935 844 0 0 4 816 324 947 782 74 0 0 63 595 0 42 25 394 139 647 291 106 791 0 94 0 938 0 633 0 0 0 53 0 720 829 538 0 0 647 0 0 0 817 0 0 0 0 553 564 590 898 704 166 2 
528 668 515 884 454 140 0 0 678 941 780 0 896 16 435 802 763 514 1 117 82 488 359 488 586 975 0 0 117 824 627 646 0 205 125 0 749 486 32 146 879 412 0 735 426 591 173 0 77 435 243 470 618 30 728 350 0 0 713 890 0 399 529 757 588 650 0 471 0 16 953 931 960 0 0 0 538 958 653 331 592 9 351 0 560 395 221 773 0 0 743 0 743 390 755 741 0 683 971 494 0 184 767 0 230 620 168 729 546 442 494 0 181 176 851 0 0 92 983 611 599 107 628 818 0 856 462 0 629 459 0 186 820 9 674 258 682 274 0 479 280 182 449 619 0 670 0 147 956 228 200 159 917 0 0 0 199 716 634 488 462 448 208 346 356 159 749 481 0 846 804 203 347 721 721 888 0 170 247 445 403 569 907 289 238 0 944 0 431 691 398 336 393 781 634 205 704 862 0 321 0 609 891 0 671 0 547 266 53 286 
993 952 391 522 564 602 46 969 565 965 107 229 428 0 0 940 571 310 0 0 0 577 897 419 769 837 494 117 0 298 0 269 200 0 127 165 678 871 161 246 97 64 397 934 583 547 0 0 176 423 847 595 0 0 0 476 536 693 0 852 0 521 0 828 0 760 519 717 0 355 852 457 961 0 0 104 445 864 919 753 802 932 821 474 77 904 853 52 307 832 553 101 697 47 0 0 619 732 324 0 0 0 836 0 78 0 251 549 443 870 0 274 0 207 350 15 823 787 770 273 0 0 637 714 222 829 121 911 0 230 91 479 116 342 577 133 0 0 28 397 741 508 403 919 527 0 867 0 0 0 0 375 465 602 247 680 406 403 83 47 364 693 466 424 493 0 108 697 365 978 0 836 0 566 483 880 848 0 608 321 0 268 0 646 0 0 301 488 240 144 267 0 60 0 400 0 701 834 675 684 0 0 885 316 0 150 0 239 0 131 
47 0 0 795 775 0 111 694 654 299 0 0 0 192 565 0 244 0 0 590 332 20 894 826 88 0 317 824 298 0 780 0 0 160 860 147 0 943 828 939 431 0 326 370 691 243 674 66 0 333 185 0 472 72 979 599 862 317 0 418 380 262 0 0 341 0 0 0 837 0 0 160 0 137 197 503 205 391 946 643 396 281 33 787 677 721 645 13 568 22 68 124 551 774 0 824 907 415 430 78 0 0 0 517 41 865 318 0 69 701 409 440 0 322 0 678 0 508 0 351 491 263 317 853 229 0 502 0 0 514 0 0 0 0 0 925 466 330 0 0 312 944 854 176 232 232 209 0 0 0 672 400 70 430 222 919 416 333 0 511 951 142 376 415 0 0 582 901 532 171 0 399 15 217 228 131 297 854 0 0 0 483 337 0 126 0 845 208 0 483 864 75 180 0 180 421 0 210 0 0 466 814 399 794 0 500 121 404 166 37 
972 994 0 551 0 0 546 0 0 0 622 276 190 0 171 0 265 0 0 367 593 200 860 851 749 637 446 627 0 780 0 552 779 190 793 892 532 622 0 0 627 544 0 338 0 0 152 183 0 773 888 247 0 314 698 987 0 110 0 0 1 906 804 0 725 663 796 612 631 804 98 74 33 471 621 103 965 39 0 130 0 725 538 759 438 523 750 320 17 584 196 0 0 600 0 0 940 488 0 647 395 0 952 0 407 421 35 0 862 0 441 536 68 259 836 667 762 474 600 819 258 540 803 0 301 0 730 968 438 0 0 138 879 99 691 290 0 0 0 821 918 838 0 462 728 0 670 405 802 968 811 260 0 737 752 0 114 0 0 0 462 110 394 345 177 770 91 104 0 46 199 340 604 901 153 0 520 0 303 975 0 207 573 905 934 828 0 270 719 696 68 730 503 0 0 860 0 533 504 524 659 593 109 321 308 666 339 494 447 0 
778 70 0 200 749 632 0 0 517 176 264 0 955 267 393 0 45 845 293 0 152 121 0 843 0 0 656 646 269 0 552 0 734 614 0 0 0 324 0 467 0 832 0 0 101 341 0 763 472 149 0 460 383 549 755 82 340 83 795 265 127 996 0 340 209 514 12 931 706 0 839 829 457 918 9 450 0 798 292 971 255 0 0 667 414 915 906 425 968 0 0 628 804 0 377 0 896 162 0 529 545 237 689 0 0 324 269 41 0 749 323 468 468 291 247 0 0 822 869 293 0 0 657 7 0 0 849 0 0 48 0 696 591 308 574 215 978 749 853 467 37 279 850 409 752 906 585 95 175 0 227 299 187 371 598 637 944 0 404 672 0 177 321 135 814 0 157 518 138 856 460 395 0 945 107 0 0 0 0 897 189 320 294 0 906 619 0 188 576 0 772 766 0 158 0 129 608 133 892 52 802 599 992 392 0 447 836 341 453 604 
910 452 254 831 429 39 487 0 106 152 982 25 707 146 903 865 892 332 0 190 70 54 150 698 0 750 800 0 200 0 779 734 0 0 456 0 330 0 968 541 687 0 74 29 533 696 824 721 0 339 744 778 569 72 0 418 616 0 182 0 265 192 884 913 658 0 622 895 30 302 791 224 496 590 0 0 896 968 520 0 587 540 416 0 0 0 240 278 0 0 587 796 946 985 0 232 642 991 0 928 0 558 970 202 872 0 403 0 0 692 197 443 852 376 0 481 180 759 941 906 0 637 802 774 469 626 0 838 753 0 282 338 491 894 0 895 339 51 799 256 733 608 0 263 227 711 808 798 322 0 380 773 987 171 361 192 812 106 0 971 658 86 0 722 808 0 718 906 0 0 937 786 926 0 557 837 120 779 590 0 546 686 499 158 0 746 965 723 114 845 673 478 88 448 64 459 91 460 0 504 213 274 599 559 615 201 628 439 904 72 
0 0 809 102 0 0 227 0 249 890 817 182 157 881 0 632 743 967 559 644 549 0 629 0 550 0 0 205 0 160 190 614 0 0 0 929 605 174 857 609 575 0 624 126 8 934 325 0 0 0 378 89 394 0 23 332 642 87 0 0 726 151 0 357 0 598 0 0 0 442 0 439 264 0 712 594 0 288 0 0 842 542 722 440 975 381 913 0 752 269 360 539 976 626 279 0 860 0 143 793 974 0 513 0 824 222 625 0 0 158 936 0 0 406 250 55 465 533 0 134 942 832 466 174 501 0 202 114 539 618 510 0 727 151 30 375 0 272 0 598 771 441 891 371 0 0 43 339 121 0 215 111 421 0 409 71 684 204 968 0 719 553 645 0 855 469 239 0 730 0 69 963 327 82 881 176 942 0 452 0 0 0 746 0 835 0 865 801 765 0 852 0 752 0 952 73 739 614 808 946 0 127 0 43 824 812 152 781 0 922 
911 438 930 748 517 134 425 649 320 710 563 0 238 781 376 0 743 540 824 274 209 15 246 439 172 395 101 125 127 860 793 0 456 0 0 0 850 0 480 0 229 189 152 530 0 127 539 868 319 459 990 329 468 606 248 0 747 0 525 953 461 242 861 627 361 0 874 292 749 0 966 821 848 0 0 0 0 452 715 823 175 0 124 743 198 617 0 365 0 264 485 921 956 838 0 376 563 862 0 287 913 185 402 787 54 0 241 542 1 0 500 252 0 533 0 964 396 35 775 807 0 866 567 35 935 0 673 429 0 370 0 0 373 603 699 0 660 589 0 0 272 448 744 0 103 0 150 300 0 0 0 960 93 406 159 603 41 0 0 330 0 674 0 0 996 143 596 0 865 837 0 890 0 49 0 0 0 754 0 31 696 36 0 792 469 162 0 61 0 254 794 192 10 0 855 0 947 0 42 677 0 522 707 675 154 570 0 785 0 219 
313 276 722 157 0 0 600 861 728 375 794 0 0 483 0 442 88 0 521 542 647 0 0 218 152 544 419 0 165 147 892 0 0 929 0 0 205 466 108 550 822 0 209 583 305 986 339 498 619 643 849 0 0 600 0 820 258 800 10 958 0 238 0 65 849 197 0 0 0 351 618 897 816 701 846 999 632 250 0 327 0 0 384 0 0 0 922 886 306 720 604 727 130 196 819 301 0 0 878 128 811 0 378 613 122 0 0 549 897 0 246 513 649 422 335 0 539 0 769 135 343 150 520 80 381 0 479 322 0 537 448 185 974 557 0 0 801 0 301 766 264 693 173 260 816 666 900 950 629 21 863 850 485 511 344 366 15 225 752 0 0 971 202 229 291 0 773 152 164 586 84 652 0 969 0 679 475 897 341 624 429 806 238 344 0 380 22 960 692 0 774 0 0 621 319 999 123 983 794 0 766 501 630 0 365 0 0 582 0 0 
774 0 400 131 828 0 722 0 0 769 449 671 616 0 790 655 400 0 872 575 82 0 617 619 110 0 685 749 678 0 532 0 330 605 850 205 0 496 472 841 450 703 437 182 0 333 460 667 963 0 876 896 0 0 286 526 725 0 920 963 815 303 649 325 465 447 796 522 219 517 0 405 0 997 585 0 241 981 0 294 659 0 871 843 0 610 286 577 0 381 52 0 877 415 469 987 677 582 229 358 0 0 657 422 0 547 0 183 111 820 0 0 24 39 964 863 555 0 319 641 790 447 324 717 437 861 737 701 324 0 766 822 265 503 240 444 0 467 0 301 864 171 546 584 450 200 0 0 231 0 475 493 786 0 978 580 242 0 0 282 0 430 640 661 163 0 401 35 830 0 477 552 802 763 716 183 248 327 120 760 1 0 310 952 139 792 0 265 398 621 890 462 0 909 0 513 0 562 530 0 0 68 783 134 0 944 0 364 726 0 
201 725 16 0 825 303 538 0 0 913 464 183 0 176 0 344 513 199 630 173 377 0 753 0 0 847 72 486 871 943 622 324 0 174 0 466 496 0 831 508 219 0 0 691 118 527 100 761 0 706 0 0 619 583 827 94 916 209 0 886 894 0 0 0 139 0 922 429 188 625 277 769 42 138 172 64 0 0 831 0 653 208 0 0 26 962 124 207 557 459 435 615 910 0 8 83 156 823 438 549 749 291 0 145 987 416 718 0 0 477 0 994 502 244 195 845 0 0 136 0 319 545 859 0 605 0 700 146 632 221 493 198 0 761 564 609 751 511 0 683 912 92 0 0 952 0 0 0 387 593 637 325 387 0 663 102 31 466 175 270 949 339 0 397 81 0 587 0 247 0 811 475 697 0 708 0 929 321 0 625 0 503 558 70 0 0 37 775 848 758 0 870 902 516 215 197 465 856 925 383 0 21 217 33 0 40 214 880 125 464 
956 0 0 0 460 286 70 0 0 582 111 57 665 659 308 476 738 0 747 536 87 885 9 707 32 203 181 32 161 828 0 0 968 857 480 108 472 831 0 914 43 335 0 0 747 561 0 0 889 629 812 366 654 0 15 928 372 0 557 350 0 239 298 913 0 831 774 263 524 0 880 725 130 583 109 696 0 68 0 662 494 505 0 519 0 612 0 202 98 0 906 978 0 0 0 592 250 210 986 758 232 0 301 836 397 743 0 475 473 855 0 206 404 0 975 468 0 780 0 0 467 412 0 0 318 0 0 524 0 313 40 933 410 270 0 0 546 730 868 864 235 0 428 594 90 0 36 0 29 509 0 811 274 0 0 745 764 577 493 118 589 145 66 0 555 488 233 0 647 948 728 0 787 297 400 577 406 0 468 846 0 412 390 0 115 502 687 328 199 0 0 746 735 299 177 895 53 63 340 0 170 407 810 888 686 896 244 0 765 707 
271 0 0 588 973 383 473 865 0 135 676 947 954 783 0 0 993 584 301 463 347 3 270 0 470 0 567 146 246 939 0 467 541 609 0 550 841 508 914 0 45 288 212 425 667 69 989 725 0 7 585 73 146 903 962 571 87 184 25 208 150 831 381 239 0 487 841 403 164 80 11 947 733 62 380 0 89 377 634 975 686 404 0 653 316 0 745 586 211 960 894 0 237 505 166 423 190 133 54 0 0 60 662 0 202 386 0 899 677 923 591 0 207 227 346 458 324 48 999 529 0 508 885 383 902 745 393 329 124 0 0 568 517 510 945 0 910 0 475 0 323 0 27 0 861 773 713 551 539 0 806 346 414 459 185 0 392 0 734 463 388 0 479 822 638 0 0 547 0 0 808 164 27 254 566 396 0 247 456 638 505 0 286 75 546 132 0 34 0 491 0 0 805 0 817 0 867 563 298 415 0 742 40 0 0 0 670 0 454 890 
843 479 615 745 47 477 0 823 839 185 0 577 885 288 0 682 772 948 452 0 0 589 460 818 995 579 419 879 97 431 627 0 687 575 229 822 450 219 43 45 0 0 568 974 637 0 564 0 68 0 44 59 447 893 153 507 0 342 975 796 566 71 0 381 135 162 576 0 499 583 0 847 210 262 242 0 0 895 326 596 0 339 0 916 345 52 328 225 237 82 0 415 955 980 778 0 688 0 626 0 0 121 664 448 712 0 0 765 0 885 537 156 0 315 0 0 594 0 344 0 733 692 499 280 0 0 0 91 876 0 27 418 0 29 769 409 0 452 744 0 83 729 570 0 123 829 0 0 787 144 202 0 895 269 830 485 86 0 0 0 502 938 0 906 543 277 794 0 591 0 460 0 764 0 695 97 10 230 117 436 694 871 7 1 399 585 631 343 0 539 0 451 0 61 551 960 528 890 0 648 338 0 347 388 405 0 243 0 835 370 
133 554 984 606 0 0 572 818 649 0 496 694 216 360 26 959 582 0 489 748 407 333 94 703 0 0 345 412 64 0 544 832 0 0 189 0 703 0 335 288 0 0 957 238 763 329 97 98 0 227 503 724 0 30 92 0 30 292 0 928 958 93 0 662 745 398 258 687 856 226 784 617 0 964 0 0 597 192 387 332 0 0 603 747 796 408 827 0 556 322 0 243 165 954 0 924 113 400 674 0 854 0 662 912 950 50 581 964 301 388 603 387 0 909 43 795 923 0 864 652 0 0 809 0 810 441 0 0 509 0 49 621 0 221 38 909 821 339 888 174 0 468 571 844 531 501 0 902 254 778 964 0 276 272 679 898 995 581 0 417 7 404 222 429 0 437 226 253 331 923 519 301 554 0 991 378 429 918 853 543 712 361 205 991 934 786 0 0 862 962 126 434 0 323 510 100 284 857 0 850 0 177 0 705 666 508 0 698 107 0 
911 720 77 824 513 940 707 929 0 320 544 571 733 927 222 153 155 453 550 178 771 757 935 794 0 0 700 0 397 326 0 0 74 624 152 209 437 0 0 212 568 957 0 448 568 0 0 640 0 673 946 682 584 0 0 0 904 738 76 970 668 375 848 0 794 747 984 634 315 128 612 869 209 0 0 707 185 0 922 195 458 825 265 104 466 185 382 0 692 373 186 382 585 589 0 0 564 0 532 508 362 0 389 0 0 334 186 873 802 0 181 639 0 497 897 766 633 905 173 109 0 0 675 984 213 711 900 454 323 258 174 989 26 21 940 85 775 829 277 0 499 959 110 825 358 948 115 82 0 235 676 9 0 0 132 0 946 565 44 0 821 512 614 645 579 711 588 701 0 194 627 799 614 767 566 935 224 206 293 487 821 931 0 240 312 838 934 918 793 309 686 492 82 123 656 496 0 140 0 632 6 498 0 0 823 804 37 0 49 0 
883 362 555 846 573 631 919 846 0 542 944 699 699 690 897 670 0 259 334 0 52 0 144 435 472 356 0 735 934 370 338 0 29 126 530 583 182 691 0 425 974 238 448 0 783 380 724 603 934 705 40 492 116 106 496 928 0 549 991 84 365 655 713 113 0 430 467 0 736 0 128 744 477 295 0 132 0 628 136 107 566 914 0 169 807 196 905 10 63 397 146 973 0 0 885 162 426 37 0 475 36 24 0 740 0 209 830 824 143 748 213 752 0 0 611 166 792 205 13 152 835 0 704 0 423 0 576 554 255 729 0 45 883 229 110 0 497 0 0 116 758 525 937 351 0 602 344 140 277 163 354 0 0 0 283 0 834 0 915 795 452 278 992 304 0 785 595 0 368 64 615 0 0 0 848 463 650 0 564 560 141 196 533 0 518 0 0 796 207 876 782 0 116 0 0 444 236 0 358 32 716 0 94 0 194 0 29 0 456 0 
390 966 0 0 579 281 62 659 799 129 182 0 0 0 472 543 799 0 172 668 723 185 220 667 112 927 777 426 583 691 0 101 533 8 0 305 0 118 747 667 637 763 568 783 0 498 438 718 0 890 809 554 0 289 131 978 491 0 528 801 0 147 706 0 0 0 0 445 0 0 0 134 0 344 152 234 0 166 266 0 668 278 151 738 983 0 286 0 0 70 578 381 263 0 625 541 538 968 992 0 220 0 97 608 560 374 362 0 0 502 0 343 387 561 606 568 591 676 205 0 619 809 0 199 0 83 257 0 230 501 322 989 200 945 212 179 0 0 358 0 0 173 828 856 0 95 355 444 364 0 240 101 131 311 149 710 0 250 231 0 18 952 182 113 0 60 947 0 0 276 823 442 718 633 103 169 0 0 811 729 237 387 379 0 0 0 808 962 0 363 340 99 38 567 376 606 931 655 839 987 846 0 580 755 435 33 229 945 668 871 
17 0 943 0 913 277 640 0 0 696 401 51 854 570 7 130 0 79 0 974 0 0 517 585 937 0 919 591 547 243 0 341 696 934 127 986 333 527 561 69 0 329 0 380 498 0 571 676 468 538 211 827 252 62 814 87 0 836 15 616 149 15 758 510 260 0 0 0 83 902 585 514 915 0 61 836 993 259 383 632 85 635 0 0 0 921 842 393 0 980 222 438 772 925 934 18 736 0 0 513 803 106 0 412 650 117 582 0 28 913 914 665 941 0 519 0 154 0 316 738 0 444 509 0 0 802 751 372 918 160 0 486 0 297 52 790 2 0 607 953 0 0 190 0 721 384 343 681 0 0 115 190 804 339 0 477 307 0 301 706 0 231 0 619 628 891 137 686 312 789 819 113 178 270 527 0 253 634 777 380 452 69 0 516 0 0 895 0 0 686 575 641 79 0 0 459 542 0 510 361 0 213 474 120 360 400 782 515 93 0 
486 746 259 55 0 513 407 571 297 26 140 101 0 565 727 73 0 210 260 225 0 0 655 817 733 631 455 173 0 674 152 0 824 325 539 339 460 100 0 989 564 97 0 724 438 571 0 0 796 0 0 745 779 0 946 0 802 0 934 144 459 62 350 0 110 0 493 80 521 0 825 96 0 949 0 481 0 0 0 961 400 344 541 374 0 822 659 365 453 0 558 110 500 0 166 0 0 327 472 202 385 197 955 82 213 534 0 0 0 0 680 403 917 435 463 634 401 603 591 613 784 0 0 0 0 794 0 312 504 369 0 117 234 733 0 602 744 107 282 52 0 277 267 929 980 696 237 979 884 0 458 883 212 840 0 0 998 0 0 0 705 615 418 741 0 0 359 998 772 420 921 536 0 402 581 368 0 897 802 211 915 0 409 996 0 729 0 922 491 963 0 491 817 405 0 815 0 562 0 0 811 385 474 470 725 159 829 769 0 624 
825 894 160 0 0 125 0 0 91 0 0 454 0 356 66 458 178 506 0 826 0 380 348 759 813 312 911 0 0 66 183 763 721 0 868 498 667 761 0 725 0 98 640 603 718 676 0 0 0 925 370 171 351 51 907 951 395 718 0 0 717 772 540 0 852 406 307 976 52 424 178 603 0 0 588 102 0 0 208 860 0 941 357 31 869 110 812 0 926 665 457 702 401 376 423 795 12 571 581 0 142 317 0 914 626 930 255 0 762 482 0 547 448 0 97 574 449 235 510 878 0 0 791 749 59 686 446 0 900 813 868 873 302 0 801 813 997 844 0 522 746 241 664 151 982 315 331 128 932 665 0 848 259 682 669 0 282 342 0 724 548 228 871 590 193 514 676 0 512 300 560 410 753 552 980 623 147 270 101 816 300 436 486 991 678 808 0 50 733 708 219 0 200 0 267 766 414 199 813 0 289 0 715 283 724 620 177 0 0 244 
573 734 572 102 538 217 195 337 402 942 538 253 557 524 118 738 562 136 660 884 0 654 840 0 565 102 509 77 176 0 0 472 0 0 319 619 963 0 889 0 68 0 0 934 0 468 796 0 0 0 130 376 238 355 9 133 0 0 0 131 56 727 638 0 995 256 506 566 0 496 0 972 877 699 668 654 675 0 398 54 129 950 290 0 525 774 650 245 609 0 680 87 5 783 381 353 644 967 196 0 425 506 408 56 867 508 0 193 0 0 511 0 0 0 772 0 0 488 395 942 0 825 0 272 281 232 912 758 486 1 876 206 408 337 0 570 672 203 0 78 0 889 170 752 522 390 702 214 0 350 678 0 163 683 12 589 634 736 478 938 362 623 0 880 12 462 66 393 227 431 484 0 348 175 775 0 0 0 435 460 534 0 644 821 597 776 312 0 0 0 462 945 922 833 0 141 0 668 804 387 280 700 577 852 238 889 0 206 623 901 
742 489 676 50 0 230 173 0 0 0 626 0 74 605 0 149 897 0 715 0 911 639 564 870 759 206 448 435 423 333 773 149 339 0 459 643 0 706 629 7 0 227 673 705 890 538 0 925 0 0 86 647 465 166 718 157 231 6 541 0 0 788 299 546 735 779 126 361 456 328 0 339 0 43 407 625 788 501 106 773 584 0 228 288 675 0 542 0 0 35 125 252 0 20 596 219 0 103 140 125 607 0 0 642 638 955 962 0 829 458 158 526 299 0 0 122 0 0 307 584 132 323 158 243 181 487 548 0 0 0 355 262 470 623 445 720 846 0 428 156 402 558 562 390 317 732 0 0 197 681 10 140 186 0 212 0 275 541 0 0 872 0 50 302 468 0 911 0 274 382 718 0 0 740 0 885 298 0 0 950 0 0 901 755 695 661 461 595 0 530 227 111 0 785 621 0 668 0 0 0 983 0 0 108 186 52 0 0 620 884 
798 231 0 0 826 519 954 481 276 315 142 0 0 309 896 358 884 774 492 871 573 669 973 836 235 0 434 243 847 185 888 0 744 378 990 849 876 0 812 585 44 503 946 40 809 211 0 370 130 86 0 815 577 0 322 0 412 0 600 307 326 932 0 111 150 97 860 846 572 719 73 529 0 0 0 0 175 158 987 989 207 0 833 912 179 0 0 0 435 648 666 444 690 0 430 688 248 216 576 705 657 0 200 0 866 0 583 690 0 67 150 413 0 128 0 754 987 809 664 0 71 125 944 941 208 648 447 122 0 85 0 961 0 595 0 530 565 677 639 0 429 635 715 14 910 0 0 749 395 294 547 334 998 530 0 228 522 120 0 880 879 0 0 619 923 0 279 156 104 15 994 257 184 418 538 769 744 915 886 326 677 0 0 910 0 115 85 0 763 207 190 400 823 878 0 0 0 10 587 39 87 184 0 223 89 410 605 152 0 271 
241 412 0 392 0 15 217 90 523 0 976 31 0 589 820 0 844 261 367 720 216 830 0 244 712 566 849 470 595 0 247 460 778 89 329 0 896 0 366 73 59 724 682 492 554 827 745 171 376 647 815 0 229 428 471 0 46 281 617 426 276 590 597 472 497 827 742 538 328 336 0 0 236 492 989 393 566 0 0 572 304 680 576 968 355 126 797 171 0 499 986 195 0 6 458 430 0 65 312 80 363 31 131 913 88 0 811 286 354 600 0 421 0 92 268 227 395 0 745 432 719 612 288 128 792 956 933 913 223 948 599 358 736 844 372 0 400 710 587 0 420 523 739 589 691 274 161 709 0 21 798 224 380 560 625 233 651 923 832 74 367 660 603 480 0 347 250 56 746 333 0 622 943 0 0 744 713 0 0 744 881 0 434 453 734 0 0 742 383 299 123 93 212 0 0 738 0 99 503 469 956 525 0 932 0 0 144 517 83 290 
0 892 882 197 461 0 166 348 21 895 350 0 181 0 599 50 0 558 0 671 162 0 399 0 0 868 479 618 0 472 0 383 569 394 468 0 0 619 654 146 447 0 584 116 0 252 779 351 238 465 577 229 0 970 631 57 51 388 773 399 280 191 0 0 543 0 140 0 0 408 475 564 398 328 513 0 0 403 18 944 619 298 976 415 511 626 0 516 888 948 0 0 613 878 438 0 340 577 690 278 53 639 0 0 98 917 452 0 705 0 516 0 419 607 0 872 583 192 132 745 878 0 911 621 490 362 864 377 471 626 0 490 528 0 0 915 861 664 520 0 0 0 0 842 742 853 777 634 304 0 562 28 0 0 0 802 785 988 709 406 312 0 609 541 412 217 580 0 693 877 804 835 0 129 616 954 0 325 516 690 876 0 0 461 249 239 71 60 53 773 770 761 651 481 0 3 962 826 767 204 450 767 666 0 181 297 916 392 0 151 
552 683 0 657 0 337 589 903 100 319 278 424 0 843 876 377 429 0 88 941 613 0 166 0 689 0 0 30 0 72 314 549 72 0 606 600 0 583 0 903 893 30 0 106 289 62 0 51 355 166 0 428 970 0 0 483 78 90 786 620 413 431 0 620 0 11 0 491 0 159 0 0 963 937 571 432 419 69 719 0 615 0 0 919 671 985 948 0 263 0 128 0 0 255 357 0 752 67 219 579 0 690 159 0 164 323 0 0 0 0 88 0 420 186 509 0 949 0 239 332 551 286 818 749 0 0 918 46 0 764 0 0 510 0 0 909 862 850 0 0 381 925 0 198 382 305 483 576 849 506 0 768 0 873 744 44 889 334 616 0 327 0 612 304 873 950 0 82 391 904 0 0 0 434 776 470 641 871 750 177 785 641 392 736 504 0 762 0 500 866 275 601 244 448 800 114 0 552 541 264 927 0 858 791 415 936 0 217 489 0 
634 762 275 0 613 0 0 703 161 0 824 257 709 351 912 734 0 497 953 0 980 972 0 636 562 0 0 728 0 979 698 755 0 23 248 0 286 827 15 962 153 92 0 496 131 814 946 907 9 718 322 471 631 0 0 848 547 35 656 0 655 0 377 252 893 534 0 317 784 70 144 39 416 188 0 537 182 43 0 742 886 235 266 0 0 0 0 0 0 0 0 93 867 0 398 0 625 885 6 138 630 39 389 0 855 369 0 0 925 783 0 187 199 953 522 306 263 650 269 967 0 919 0 291 171 330 0 0 982 0 0 0 888 641 0 502 0 206 0 1 949 468 286 963 749 0 0 241 108 908 313 633 144 989 0 39 336 889 999 736 0 498 176 0 965 298 0 0 0 542 111 63 343 715 894 20 326 0 726 317 329 86 168 265 884 500 795 298 929 37 185 440 0 980 0 142 528 431 0 0 165 978 341 851 308 0 0 173 0 462 
