0 798 0 0 0 182 550 781 0 818 487 0 28 927 0 0 41 70 203 985 0 628 443 0 531 0 990 774 35 0 995 126 0 507 0 0 311 436 17 571 0 831 702 306 0 365 91 797 0 738 0 115 179 766 189 0 805 0 395 283 0 991 876 527 856 264 470 721 44 468 41 350 263 780 941 0 803 0 204 861 324 415 531 0 678 500 0 85 162 367 449 597 0 946 248 0 6 199 0 137 340 884 111 591 139 225 0 47 541 0 0 0 0 741 0 427 833 0 7 7 0 641 0 791 912 17 981 169 0 706 375 324 0 49 0 299 403 0 0 970 0 209 124 38 542 52 951 0 781 645 0 0 75 125 622 0 737 510 169 990 592 367 0 0 82 714 352 0 974 157 72 0 0 563 249 0 0 85 272 885 690 709 0 386 0 0 0 957 0 623 378 836 718 874 570 33 141 475 838 864 717 0 631 0 63 0 0 843 196 359 0 113 0 487 262 877 0 712 517 0 462 0 669 0 940 0 350 830 517 0 917 354 681 0 639 896 357 71 815 807 813 0 697 450 723 533 31 779 706 310 0 164 0 617 491 266 899 184 419 639 323 894 968 355 997 134 60 993 419 96 141 221 0 495 420 955 854 621 357 185 0 924 688 0 41 858 106 25 719 231 0 794 278 506 62 260 771 921 873 0 665 43 851 0 741 349 906 949 570 193 385 294 976 590 503 415 114 887 94 526 0 144 0 398 817 909 60 583 0 374 989 0 0 0 767 94 0 399 0 0 0 505 670 
798 0 957 181 896 686 582 798 0 666 350 0 0 656 764 69 381 138 0 43 707 0 731 127 0 0 966 424 29 680 926 0 381 148 56 0 513 642 0 0 0 79 0 226 61 978 835 213 0 0 770 272 245 215 487 866 738 2 851 0 676 0 187 247 0 195 0 851 757 742 604 818 917 889 725 108 472 0 812 283 6 480 192 134 328 72 0 716 35 6 965 867 99 923 783 476 804 0 405 0 184 281 682 56 920 369 749 0 0 314 801 872 218 707 0 185 287 652 0 886 46 857 946 615 376 0 107 0 946 916 225 0 0 615 0 359 849 348 417 289 0 115 0 0 0 676 131 0 353 887 308 0 297 979 381 944 0 836 0 67 469 0 0 0 712 859 551 519 353 427 424 862 271 385 979 226 235 638 492 0 866 0 140 75 69 83 573 36 322 48 0 515 678 57 781 941 711 75 438 0 750 234 0 0 880 484 0 659 880 0 464 0 957 461 0 695 661 630 490 710 182 0 895 0 345 684 57 489 307 850 0 485 232 322 879 457 870 468 97 0 522 988 822 998 299 919 103 834 873 538 882 817 373 0 996 153 423 225 884 585 0 136 500 750 332 183 253 491 733 229 689 288 63 0 0 0 0 0 960 623 662 397 0 7 489 516 0 541 0 464 254 0 874 849 386 219 774 553 468 857 0 787 0 0 932 0 326 396 810 453 0 310 557 685 908 0 842 994 612 0 97 0 0 549 970 393 8 0 3 652 765 796 732 574 0 4 202 812 770 270 0 0 0 
0 957 0 172 229 983 650 69 0 604 0 0 640 995 0 845 0 235 610 98 802 661 990 0 874 86 0 854 358 568 0 223 258 757 261 282 0 0 0 0 910 727 984 0 967 471 867 0 42 534 0 182 461 656 686 0 496 607 0 389 597 31 0 511 159 0 486 461 495 0 0 848 264 20 851 625 862 584 220 720 771 670 133 0 579 859 637 0 532 14 34 0 627 0 0 0 272 0 0 0 452 0 0 888 960 199 886 576 126 228 770 91 525 827 337 809 911 604 193 476 736 0 0 0 0 0 625 742 0 658 0 576 192 0 137 652 535 101 419 61 812 503 0 524 69 948 521 230 0 277 0 219 377 926 478 356 800 147 0 0 0 0 370 954 30 505 523 0 209 521 269 581 287 233 0 977 713 845 0 0 792 818 0 0 637 42 710 950 415 582 660 264 0 0 937 518 0 586 793 96 758 529 734 554 903 571 835 370 0 307 598 449 295 521 0 334 919 782 408 0 772 406 0 746 422 688 832 0 157 971 0 468 577 0 915 0 897 463 410 0 0 373 505 909 481 547 966 183 672 416 867 958 0 308 103 310 331 720 0 0 240 384 35 0 0 0 922 321 0 0 943 8 230 0 342 448 0 252 0 0 776 898 41 0 875 286 613 44 233 0 60 750 5 0 268 0 810 0 0 0 0 0 0 848 395 279 13 461 0 977 787 814 650 738 864 0 595 234 779 20 0 771 0 254 0 775 327 93 44 478 799 0 0 0 0 0 617 656 0 0 42 504 616 
0 181 172 0 559 952 344 0 0 901 115 845 270 0 343 0 0 316 334 0 910 127 954 496 679 0 430 0 418 791 418 0 797 856 303 230 507 0 834 937 0 0 832 846 214 177 609 605 880 362 676 846 501 594 623 232 0 703 418 919 0 469 765 921 640 623 83 822 811 288 716 0 0 79 0 128 492 387 918 569 0 677 0 387 235 110 0 61 682 0 308 682 739 735 0 550 773 508 0 343 193 609 150 256 530 645 924 311 0 480 0 249 0 188 936 888 0 39 865 513 961 0 842 57 769 502 142 79 709 749 852 0 0 693 949 0 0 0 590 0 691 214 0 0 528 538 0 11 52 0 0 360 0 0 620 542 693 560 604 0 360 898 792 0 10 608 874 369 227 682 931 593 593 198 0 360 963 665 172 0 693 265 624 600 104 0 772 361 999 259 0 317 960 425 43 0 0 0 342 406 710 5 474 230 614 147 0 715 882 289 0 0 504 520 0 831 192 450 395 0 244 842 228 867 511 932 0 819 0 460 700 980 156 107 786 827 698 658 0 51 479 484 0 795 0 0 0 392 0 372 793 581 665 525 13 858 101 656 0 0 202 234 0 112 0 262 46 450 962 580 522 0 0 604 91 0 781 25 0 0 159 0 515 590 0 0 0 0 0 47 403 986 879 0 218 0 271 440 46 0 0 18 703 709 765 108 744 742 724 450 0 0 0 0 732 95 0 520 912 207 282 0 930 625 386 23 652 0 0 0 705 0 468 988 418 498 283 898 606 0 776 0 0 
0 896 229 559 0 407 724 765 0 0 0 982 0 623 683 131 761 996 390 531 529 689 0 243 603 845 578 619 615 0 0 100 111 769 243 0 0 0 818 0 992 945 176 33 823 509 570 0 427 0 589 629 62 767 641 0 728 497 449 0 160 0 0 0 173 821 0 0 275 361 68 226 790 886 155 0 967 94 851 840 0 656 569 969 0 309 0 185 875 736 952 494 988 525 0 665 194 719 557 42 76 755 352 0 0 485 949 371 11 951 0 912 570 241 199 730 94 950 270 976 569 983 990 915 568 156 168 728 0 114 664 278 900 867 571 397 260 0 849 84 827 0 402 315 296 346 360 574 266 339 488 702 0 783 404 793 0 0 0 116 370 141 873 380 540 22 193 794 441 110 975 125 446 0 880 166 702 637 912 358 747 785 858 299 794 0 655 0 371 112 926 760 476 377 0 455 462 17 0 656 285 48 781 454 0 0 421 835 0 0 862 726 445 186 0 575 892 521 0 799 0 0 119 0 348 229 585 594 637 0 589 698 0 595 4 0 945 519 182 775 0 0 786 530 211 997 507 433 507 817 10 222 172 0 824 863 520 289 305 349 0 726 0 651 918 517 422 37 759 0 0 0 281 713 0 971 545 635 467 366 595 462 594 360 577 457 540 299 730 288 753 0 405 211 251 0 0 750 212 827 0 472 292 0 0 769 200 273 104 0 479 897 530 2 349 221 761 947 0 903 206 706 10 615 0 672 813 937 0 16 908 103 300 2 673 19 0 0 0 142 942 321 974 
182 686 983 952 407 0 0 693 0 0 913 691 443 56 0 0 794 0 926 0 77 145 717 30 0 950 898 18 398 630 0 756 0 311 0 0 859 623 124 47 0 157 0 736 328 875 0 86 561 450 317 60 155 389 459 864 846 0 725 73 155 372 0 407 707 407 656 0 407 662 158 307 0 619 0 560 0 333 774 525 285 51 251 852 706 896 579 387 0 0 961 0 336 0 315 104 0 5 485 0 779 668 998 481 0 0 0 296 458 625 186 0 292 485 615 726 377 219 384 465 341 724 828 0 157 225 237 0 165 3 629 656 0 0 0 284 509 977 973 478 949 0 0 867 0 0 179 0 796 582 961 997 0 318 304 0 564 14 348 552 726 729 439 405 0 0 0 427 0 325 0 376 57 730 754 586 622 424 0 916 943 177 734 0 57 217 230 911 630 632 857 430 459 143 0 531 796 332 277 603 594 0 0 620 917 336 0 860 666 340 243 0 0 0 84 333 0 657 349 0 598 0 161 631 0 617 0 560 0 0 390 0 688 259 838 418 0 957 0 347 701 437 0 0 3 786 168 0 0 316 230 809 0 185 755 285 249 0 0 2 431 755 0 578 819 42 946 0 12 684 729 0 208 878 323 248 0 584 280 754 468 147 150 407 194 0 603 598 0 109 776 0 672 418 997 0 877 383 45 0 396 870 835 989 230 181 716 164 516 160 0 176 637 172 926 306 23 917 960 0 221 0 698 0 278 0 0 0 878 709 313 271 932 928 782 0 0 670 366 0 0 443 628 
550 582 650 344 724 0 0 388 321 770 296 583 964 447 769 78 968 0 415 0 443 0 968 760 0 231 0 954 598 300 0 0 810 0 657 256 896 0 697 362 28 13 0 701 0 180 516 888 916 0 721 39 865 0 255 12 718 644 0 677 0 710 0 84 195 282 133 542 582 0 276 670 598 0 196 961 820 900 0 223 396 418 997 14 254 0 0 0 575 391 780 0 656 0 703 942 0 0 244 376 235 0 143 971 224 509 862 568 907 893 985 855 905 747 564 0 341 131 20 626 813 0 0 180 815 66 840 0 75 0 0 500 669 570 705 877 207 941 568 109 471 0 911 0 870 131 789 838 0 0 961 747 414 525 177 437 979 101 984 995 146 0 906 0 0 0 0 928 661 318 744 799 813 665 922 0 804 569 64 423 689 390 819 232 656 598 389 59 0 715 461 0 717 0 0 354 0 852 0 198 142 629 898 0 335 69 112 390 106 918 0 343 57 15 34 543 512 447 964 78 0 0 378 24 831 593 830 582 51 0 895 385 827 0 729 0 709 517 381 0 0 0 695 899 8 394 258 477 974 510 586 253 269 275 538 0 971 912 197 483 942 0 136 0 153 854 4 18 0 933 0 762 69 0 563 828 331 492 0 454 0 25 0 267 0 553 0 703 0 641 881 105 0 172 454 0 931 0 725 981 329 0 832 405 0 0 165 677 0 810 514 875 397 646 371 550 341 42 0 307 516 0 730 71 232 680 71 649 696 0 0 500 911 773 802 0 320 0 268 0 916 281 407 
781 798 69 0 765 693 388 0 253 0 0 867 0 0 975 0 0 348 489 19 268 120 932 0 473 623 312 395 0 700 73 0 379 0 903 0 225 286 0 626 989 95 829 90 0 323 305 541 0 898 734 998 652 724 837 769 545 539 957 97 13 181 860 0 990 409 458 494 285 0 325 0 652 369 0 924 319 297 0 252 406 133 641 0 0 0 193 66 971 942 335 0 158 411 287 493 436 902 0 839 0 0 908 386 426 0 835 743 0 0 0 0 835 0 351 576 775 0 600 68 0 523 544 558 916 643 784 690 579 37 875 0 445 617 0 0 151 0 178 997 382 212 408 559 688 0 461 0 347 243 15 0 976 600 219 861 497 0 226 553 645 991 803 883 898 261 162 437 0 0 575 0 0 0 546 114 612 22 303 0 560 350 219 553 322 251 0 925 774 999 427 275 351 890 983 437 102 266 217 714 274 0 653 0 992 400 490 439 241 608 966 750 0 511 0 13 307 0 685 267 483 861 211 0 199 57 603 954 22 246 588 0 693 473 648 320 679 277 373 0 27 0 339 191 0 215 675 0 0 921 622 784 357 0 0 90 115 899 629 246 0 173 814 0 568 0 380 341 669 835 707 636 611 108 962 840 860 699 0 0 75 0 0 518 180 51 577 990 0 0 440 924 966 728 0 909 886 379 0 25 0 0 319 412 212 0 809 602 811 32 815 113 880 0 642 0 994 297 511 425 310 0 144 228 0 0 0 274 477 0 0 0 0 779 540 0 658 415 442 753 0 905 361 
0 0 0 0 0 0 321 253 0 244 0 175 468 694 363 21 297 820 363 787 0 0 0 63 715 0 63 349 762 327 28 899 83 30 0 0 0 204 301 285 0 850 144 89 964 832 790 44 834 471 929 0 382 722 325 813 295 52 597 162 0 0 839 250 713 372 0 724 236 494 524 925 441 354 640 0 612 5 74 661 554 942 765 0 143 0 0 279 817 501 361 578 734 539 936 567 0 589 738 989 0 48 0 568 0 0 0 0 282 0 596 775 943 1 34 534 473 583 21 209 0 0 0 845 0 20 917 0 99 214 90 11 745 994 755 28 103 439 0 0 779 829 263 0 561 210 0 0 0 924 0 205 0 0 0 554 499 807 0 876 250 695 678 27 299 0 741 577 0 413 164 7 292 61 908 0 438 236 198 401 867 353 0 0 63 293 0 0 715 386 489 0 817 936 265 792 112 0 0 0 991 933 367 127 516 746 351 0 537 721 419 0 633 0 682 751 0 0 0 777 789 0 39 0 577 771 520 0 703 0 0 377 980 403 372 68 579 625 709 0 0 487 623 433 714 560 0 0 941 831 198 43 568 442 579 818 487 517 65 485 443 948 447 796 391 0 594 0 0 449 495 703 0 484 748 808 570 0 373 216 341 833 0 190 435 448 543 839 939 0 538 253 565 486 0 664 256 799 636 960 9 367 423 697 481 125 383 884 195 890 0 0 981 550 50 973 0 794 0 220 23 0 418 636 482 841 545 895 409 0 0 557 292 0 0 0 138 520 0 0 777 312 540 
818 666 604 901 0 0 770 0 244 0 972 822 386 0 804 878 0 577 489 965 259 80 193 154 95 0 549 748 793 0 890 0 408 0 366 716 0 179 0 998 0 431 434 570 0 404 625 676 0 231 0 919 391 684 0 808 0 14 0 0 647 777 270 0 160 0 397 189 834 7 0 0 858 0 825 0 17 0 488 876 712 0 281 751 753 924 950 664 0 78 131 0 684 299 164 801 0 641 598 227 813 434 300 22 58 703 468 0 74 494 0 680 350 42 0 107 422 998 693 0 566 760 687 0 103 929 514 0 64 0 21 399 615 533 766 870 395 510 132 0 496 125 538 930 574 0 375 849 791 431 850 340 0 653 101 89 0 854 0 416 932 134 988 453 832 0 427 714 0 418 88 565 227 987 0 478 268 841 0 0 184 580 280 839 573 108 454 573 415 374 616 931 91 0 0 0 0 0 70 852 365 64 0 100 0 0 54 856 0 152 370 358 531 0 0 522 0 29 17 594 784 0 499 173 0 473 976 896 681 0 303 632 694 653 664 0 42 135 749 796 56 0 739 939 0 0 892 426 324 0 0 886 125 794 0 172 689 839 887 552 0 267 297 841 0 341 773 812 137 0 496 680 135 85 794 26 632 187 0 0 207 0 570 474 141 429 432 121 148 299 997 0 779 454 487 0 0 754 711 581 0 749 0 466 658 0 278 0 469 31 804 0 0 416 56 906 0 436 982 496 0 147 540 351 493 952 603 560 366 0 99 389 456 75 224 0 111 0 462 883 704 409 988 
487 350 0 115 0 913 296 0 0 972 0 426 118 49 372 430 628 731 578 601 8 0 214 147 155 0 493 0 0 466 339 10 367 160 2 0 14 0 0 121 289 500 605 0 714 568 0 570 184 312 0 850 697 970 921 0 776 0 0 659 0 493 528 667 711 699 267 0 535 382 381 510 307 430 346 735 0 83 0 285 471 0 0 0 240 0 407 511 577 632 5 0 0 919 891 102 567 265 878 0 0 923 638 546 851 498 974 865 27 293 0 339 900 321 0 646 852 669 229 557 197 0 0 21 0 0 208 555 354 0 0 0 311 924 976 145 677 0 558 670 207 23 654 754 0 0 687 651 169 0 839 0 625 446 304 318 745 602 903 644 908 0 636 0 0 784 793 619 549 317 0 855 791 419 0 0 630 296 613 252 960 0 414 776 0 0 313 125 659 867 897 739 646 0 771 579 500 659 788 831 5 916 664 410 391 0 218 0 0 473 542 579 574 795 122 875 47 643 904 0 215 690 360 322 0 592 735 796 748 128 97 341 0 536 16 48 31 0 349 16 0 894 74 0 270 602 0 987 331 739 932 8 631 684 945 19 941 788 0 839 356 0 594 0 84 884 474 0 955 0 290 638 0 203 529 0 686 325 936 209 849 391 908 0 516 30 0 585 674 0 0 387 606 51 310 781 314 0 813 124 0 912 860 473 254 298 0 0 4 804 516 675 891 0 0 318 0 0 273 0 36 699 828 203 342 439 976 749 582 0 0 987 590 246 244 476 136 841 0 132 0 0 0 
0 0 0 845 982 691 583 867 175 822 426 0 0 186 517 993 751 368 732 572 0 866 247 206 0 0 0 784 214 290 63 510 651 801 94 12 750 782 366 224 389 563 250 888 337 947 611 998 272 0 661 695 0 760 18 300 603 266 309 947 211 513 356 14 913 918 65 0 0 797 658 821 49 0 888 334 0 763 189 252 0 230 288 454 0 227 608 452 634 207 0 0 144 0 459 108 61 948 0 620 566 671 0 64 596 119 860 43 473 890 0 927 663 721 336 0 0 0 92 236 953 201 0 0 0 448 75 242 0 890 379 460 0 971 976 401 747 0 221 613 471 522 969 832 0 698 0 0 0 212 78 0 805 563 0 216 110 444 0 918 0 0 886 0 635 643 805 0 0 0 835 310 80 182 0 0 0 0 775 630 295 29 785 689 848 794 28 903 0 622 0 93 988 0 816 0 0 641 0 0 595 462 204 0 227 467 176 162 0 0 488 910 0 0 68 206 0 549 308 232 0 766 620 551 644 209 0 954 731 511 266 884 0 255 635 409 0 452 0 120 270 802 801 0 259 273 750 808 669 958 419 891 897 0 867 847 955 702 992 577 182 475 634 605 809 504 45 151 993 398 940 866 54 0 0 144 574 0 504 613 468 632 124 110 0 0 64 747 820 0 911 491 941 812 0 382 562 690 744 584 40 704 474 598 673 782 376 951 275 522 0 269 722 531 786 553 0 134 0 881 244 0 860 2 0 455 0 0 0 810 0 635 446 0 0 677 190 0 59 29 545 2 501 
28 0 640 270 0 443 964 0 468 386 118 0 0 159 19 114 639 0 574 0 116 506 212 608 143 877 497 292 405 509 852 0 0 496 276 0 519 983 0 98 503 736 977 812 369 879 551 926 0 719 0 588 0 0 525 839 325 0 573 0 740 650 498 0 291 145 396 564 714 656 153 119 360 0 930 267 526 285 402 0 478 157 967 742 808 889 100 0 0 963 673 687 0 776 368 386 676 171 0 358 322 690 0 132 0 809 0 907 0 0 509 410 993 165 0 0 358 543 487 813 533 131 6 0 864 83 92 522 786 180 358 463 0 273 589 0 630 810 678 919 344 105 0 933 517 402 932 96 926 292 852 213 783 223 89 0 0 0 0 232 501 0 821 0 304 935 0 232 247 748 760 595 903 277 169 2 548 0 0 191 495 837 706 969 394 999 298 714 0 0 250 0 0 0 643 335 0 172 190 373 201 423 421 452 141 701 76 44 571 817 729 576 251 84 537 0 489 983 671 854 303 815 146 583 551 0 859 878 706 976 528 874 562 474 391 325 13 648 985 0 229 640 172 634 432 794 0 781 990 539 7 728 602 734 172 552 0 840 36 0 0 595 966 83 644 593 658 559 0 634 801 0 607 733 379 375 0 0 571 694 96 804 986 778 358 0 85 705 762 0 0 0 988 876 0 208 5 0 92 446 145 781 670 375 237 493 0 0 698 905 104 0 514 451 43 404 649 653 0 274 566 797 703 801 55 352 449 11 421 0 920 126 201 266 819 0 0 887 0 632 825 543 182 
927 656 995 0 623 56 447 0 694 0 49 186 159 0 0 525 874 196 348 846 0 198 794 502 0 213 255 946 0 533 831 41 226 384 100 603 0 793 290 0 402 0 152 979 222 744 745 518 26 0 752 682 908 596 894 14 919 656 0 551 0 951 0 942 687 391 0 0 896 0 914 623 340 967 160 673 424 586 431 0 152 0 768 341 683 211 0 575 0 0 691 355 235 282 378 413 42 891 995 638 44 509 792 172 883 665 232 793 240 523 950 767 366 100 928 951 796 0 396 925 321 0 446 0 0 0 968 0 998 0 389 841 629 0 732 432 806 799 0 245 183 0 957 153 0 325 534 818 0 319 714 968 0 740 762 314 471 555 0 0 293 257 704 0 59 283 0 0 984 62 312 741 960 441 396 387 729 0 0 123 0 0 207 100 0 816 529 0 0 0 0 702 0 87 160 0 285 225 667 334 58 524 618 116 317 0 294 741 382 223 261 377 443 407 318 614 293 42 236 0 0 738 920 899 0 413 917 53 78 152 504 215 189 0 962 765 29 0 747 132 816 0 492 798 529 300 0 931 299 346 999 511 0 507 629 0 815 516 596 0 225 37 633 428 0 562 0 0 263 937 633 252 0 0 790 191 154 655 763 857 0 312 0 178 420 641 455 106 704 401 197 786 465 72 0 953 276 814 0 876 783 549 681 0 759 887 149 290 0 0 831 441 308 379 918 0 616 424 872 184 0 517 622 677 604 302 0 798 172 298 675 727 0 0 0 287 846 118 135 0 136 0 501 
0 764 0 343 683 0 769 975 363 804 372 517 19 0 0 130 0 42 317 760 872 974 395 0 0 533 81 0 951 926 196 117 0 0 327 199 792 774 247 641 922 43 50 0 989 87 323 857 264 598 845 186 866 696 223 218 575 699 356 656 856 50 254 187 22 536 0 843 0 225 0 500 473 521 0 568 447 74 0 271 0 490 958 200 89 827 0 252 931 0 482 136 910 0 0 0 575 975 926 389 0 100 0 713 914 171 445 313 982 0 0 0 755 0 15 342 555 563 607 791 348 380 0 222 121 546 0 0 0 694 118 0 431 772 61 665 389 0 0 0 148 337 204 0 150 1 482 326 191 229 645 730 758 383 0 668 859 618 308 0 347 367 0 513 0 939 208 714 59 825 892 0 121 736 960 0 404 458 258 641 0 733 168 785 257 562 0 0 0 0 0 739 160 768 932 302 305 244 87 468 0 164 0 680 990 343 160 772 0 870 49 441 410 0 709 947 174 0 703 0 116 0 241 740 120 26 887 774 586 0 412 641 0 705 700 784 929 0 170 219 0 639 545 730 685 930 537 256 315 545 209 938 877 896 44 522 603 0 642 959 648 0 981 0 0 394 0 0 0 83 0 91 738 420 24 0 275 39 837 0 0 911 525 0 0 921 590 0 383 359 962 701 626 816 0 0 0 996 967 889 273 746 31 0 720 218 0 497 251 0 0 117 0 362 0 0 431 771 880 0 0 883 444 730 203 329 842 0 191 288 0 0 345 190 341 700 0 36 0 583 0 902 714 
0 69 845 0 131 0 78 0 21 878 430 993 114 525 130 0 834 376 718 257 198 102 261 367 96 0 536 408 104 146 203 150 812 918 361 556 978 535 904 688 628 34 0 928 9 472 739 563 0 0 543 482 180 0 0 896 388 567 0 0 188 138 320 0 211 0 309 369 304 0 216 0 630 25 986 0 892 0 0 945 0 326 285 0 0 0 413 34 469 855 419 97 595 573 205 74 50 0 0 976 23 0 774 576 103 146 587 0 880 759 484 812 0 201 925 635 0 214 917 353 56 758 774 961 11 0 295 597 117 0 561 968 927 475 687 0 435 539 957 761 0 326 286 854 0 837 0 710 198 0 274 128 376 114 199 351 492 860 720 257 288 235 0 688 0 760 0 270 813 605 822 574 97 47 470 673 831 755 0 597 301 114 416 524 991 361 0 42 711 889 988 190 409 0 370 0 437 608 0 412 0 593 104 0 796 269 641 167 0 239 895 48 806 0 0 291 416 0 939 587 602 42 787 103 798 194 546 0 23 94 871 162 261 30 0 311 0 100 0 179 800 0 3 880 157 642 483 0 340 409 487 893 270 501 597 552 0 391 651 650 0 617 972 212 582 278 70 0 239 915 425 570 992 24 397 865 175 567 52 563 843 0 0 487 0 0 609 0 0 188 757 300 622 223 343 58 0 997 0 932 86 228 562 0 701 649 0 176 739 454 728 219 379 206 597 563 850 0 338 752 693 0 0 910 832 704 819 983 624 541 0 571 625 201 0 146 721 0 0 0 31 0 912 
41 381 0 0 761 794 968 0 297 0 628 751 639 874 0 834 0 637 205 33 661 526 829 302 845 341 0 147 934 0 826 568 721 364 941 86 766 28 267 578 944 159 136 390 0 173 56 949 274 123 14 462 862 0 0 0 483 0 0 0 790 48 853 741 947 248 354 0 975 0 517 789 996 738 594 136 108 0 279 79 336 0 532 403 369 0 0 0 0 0 0 327 200 487 56 819 0 575 0 0 317 993 0 0 0 745 257 271 285 0 318 751 16 94 413 0 467 154 0 299 209 0 863 564 179 980 0 268 171 963 433 135 0 0 249 0 358 0 0 704 0 0 0 443 835 0 51 0 690 799 0 0 958 0 899 351 357 506 946 0 0 252 600 219 0 622 410 0 0 324 774 0 808 0 387 0 148 758 358 256 650 0 204 0 582 791 521 982 268 314 510 0 0 283 3 0 683 0 867 856 0 923 915 0 0 355 566 289 940 595 353 480 466 75 60 822 309 0 0 260 473 375 153 0 0 170 923 426 40 442 0 0 667 0 12 924 309 445 0 0 0 288 604 639 262 0 0 558 933 0 136 237 0 673 0 904 0 0 320 0 358 0 479 0 934 0 27 0 353 168 579 0 847 223 845 164 618 300 880 758 0 520 393 776 269 104 0 338 0 888 248 0 696 941 0 388 0 0 0 22 92 0 0 278 993 0 439 647 882 852 235 681 0 771 0 224 0 38 868 634 322 316 267 877 0 121 0 0 412 151 543 0 777 0 351 809 925 154 311 113 0 639 37 
70 138 235 316 996 0 0 348 820 577 731 368 0 196 42 376 637 0 613 436 0 359 97 843 0 913 865 670 426 526 989 0 906 891 709 366 267 0 390 717 0 0 0 136 233 0 0 886 495 476 226 220 414 0 510 0 466 364 795 15 0 329 592 0 778 132 924 9 94 27 775 451 0 527 147 0 198 0 24 737 957 209 695 450 0 202 920 260 945 752 671 630 404 0 291 693 0 898 631 959 0 90 216 437 912 0 908 0 83 578 891 88 0 912 502 0 399 427 35 389 554 399 0 0 608 521 55 187 812 272 997 762 91 317 0 0 0 947 996 624 0 862 214 0 405 258 0 687 0 853 524 0 844 874 992 447 0 63 150 0 619 0 106 241 0 367 0 611 0 166 684 66 930 0 211 281 76 0 650 0 606 154 385 731 233 777 455 7 870 789 769 651 0 0 628 573 0 0 127 986 715 650 899 882 228 72 248 462 0 803 103 314 864 911 0 287 0 0 856 521 44 0 303 0 819 13 524 0 0 364 0 0 669 645 273 321 217 449 429 290 0 608 166 942 76 0 479 360 553 0 555 276 0 954 0 309 234 0 345 816 0 319 388 0 0 0 37 917 52 35 20 0 0 689 374 950 959 952 711 479 153 654 929 669 704 562 0 136 636 758 0 585 508 0 195 0 35 141 68 904 0 450 390 24 658 0 309 368 652 0 557 90 877 60 848 0 0 984 262 971 272 667 450 738 325 335 384 0 280 605 65 276 572 860 751 27 793 544 829 262 839 565 0 
203 0 610 334 390 926 415 489 363 489 578 732 574 348 317 718 205 613 0 0 537 468 56 869 894 310 795 857 665 301 682 0 850 53 248 0 496 776 0 91 0 656 74 381 556 274 710 780 555 804 901 0 271 0 583 0 464 503 842 0 0 717 906 628 762 0 318 796 99 521 360 300 0 299 107 811 0 0 217 173 950 0 0 89 150 0 110 627 0 0 38 0 361 0 361 83 728 805 59 0 0 974 963 637 0 0 0 0 818 170 0 449 704 746 131 892 983 991 790 816 298 614 210 126 111 169 481 640 0 465 184 789 0 0 0 224 876 144 970 191 752 604 37 307 824 0 828 409 0 133 874 634 685 0 1 532 18 633 380 0 0 0 977 112 152 882 480 590 815 924 746 0 173 19 867 125 819 833 473 0 953 33 121 141 195 453 788 936 87 0 927 184 218 627 443 982 68 825 304 0 326 372 223 674 570 106 382 804 692 510 985 423 213 598 23 0 0 12 623 243 909 218 0 424 526 0 0 111 768 0 0 0 661 0 136 0 177 154 448 472 405 91 376 551 730 408 807 809 502 89 643 118 992 0 254 211 33 3 124 402 542 324 164 443 78 188 209 0 548 865 705 451 167 0 873 0 0 618 847 185 0 0 114 801 139 0 734 0 581 957 0 735 404 263 515 847 0 127 140 123 772 0 154 32 0 441 536 0 471 0 633 19 401 24 93 584 371 303 864 231 635 278 121 956 247 521 0 0 154 418 290 106 0 0 670 976 181 920 134 587 882 663 0 
985 43 98 0 531 0 0 19 787 965 601 572 0 846 760 257 33 436 0 0 521 921 88 833 0 500 588 535 396 98 654 0 0 496 550 272 0 384 243 0 29 0 0 251 639 641 463 309 198 0 0 587 897 176 131 752 534 223 441 0 519 733 867 112 31 48 968 991 0 0 582 267 0 540 249 0 285 966 388 677 259 487 0 968 797 0 612 374 0 0 513 658 0 907 0 0 754 477 43 988 0 0 5 0 523 944 381 696 77 0 652 989 179 0 387 101 778 426 680 9 0 832 354 504 0 558 849 830 594 394 293 0 444 0 976 202 576 314 0 237 186 542 797 0 742 715 753 631 0 0 0 264 149 104 842 730 17 771 836 918 263 612 0 0 100 130 0 625 0 495 0 0 355 264 812 505 402 589 652 970 225 0 0 622 227 770 0 508 689 604 612 923 81 0 815 750 431 0 427 558 0 0 388 419 445 767 245 704 184 860 231 0 0 490 825 674 531 969 674 0 0 877 918 832 161 727 195 458 958 161 979 407 530 318 120 743 0 237 314 326 0 650 326 0 0 457 315 331 543 0 616 767 759 323 628 982 891 949 726 548 514 145 972 605 921 763 862 0 449 471 0 844 0 0 0 536 507 458 641 0 706 973 279 0 0 763 454 784 0 564 990 0 886 402 377 240 208 935 0 738 495 271 259 642 980 66 0 765 711 0 599 710 330 189 121 714 0 0 586 0 223 0 233 542 464 608 76 476 0 0 0 502 475 802 0 843 0 0 941 199 251 375 588 
0 707 802 910 529 77 443 268 0 259 8 0 116 0 872 198 661 0 537 521 0 954 847 19 631 0 258 712 789 0 790 879 790 431 949 957 729 155 0 0 524 0 0 0 125 138 900 771 0 397 636 0 0 0 0 968 309 0 911 0 755 857 528 548 163 173 408 786 446 0 0 125 320 109 318 603 0 830 903 458 623 504 0 794 342 245 510 590 617 0 989 13 618 0 982 910 114 535 375 0 463 576 901 921 348 0 0 0 185 731 0 51 940 115 0 594 12 0 0 0 0 0 53 545 675 459 310 12 87 459 987 736 0 875 684 906 708 0 209 490 615 630 683 543 0 0 0 5 871 933 264 0 734 0 376 17 0 0 362 0 216 786 798 0 198 338 499 810 0 0 230 249 171 757 499 0 598 780 0 0 81 426 0 350 501 237 83 405 0 546 309 596 21 882 0 563 403 326 146 16 0 533 450 0 0 307 15 0 218 942 405 214 0 591 200 527 0 0 271 0 514 610 369 0 0 120 220 959 402 800 284 902 0 0 797 409 226 30 767 213 540 9 293 605 791 925 490 187 0 0 0 979 428 0 0 673 137 0 129 88 758 26 0 757 0 923 703 253 0 855 561 416 534 597 460 932 986 0 314 336 235 0 806 0 414 812 2 0 0 0 163 457 286 904 121 0 0 917 167 130 87 372 62 375 0 468 129 252 0 100 951 792 343 0 0 0 92 104 848 0 123 375 685 415 880 0 0 0 0 498 741 0 105 621 0 970 529 0 942 34 654 144 883 
628 0 661 127 689 145 0 120 0 80 0 866 506 198 974 102 526 359 468 921 954 0 17 888 0 932 0 0 397 437 470 981 906 121 52 486 43 767 609 152 528 662 0 970 360 120 703 118 599 57 997 916 288 0 0 652 82 314 324 774 0 0 0 518 413 134 249 962 0 495 620 581 383 108 900 33 569 852 116 874 0 767 234 752 364 986 0 104 0 813 241 561 0 169 0 0 296 978 880 949 469 983 272 0 42 718 0 306 51 39 511 799 324 0 312 429 490 731 141 203 0 876 214 994 0 0 0 979 376 319 451 730 176 985 92 472 13 381 76 612 728 198 126 238 0 588 0 972 517 0 827 0 616 0 0 268 952 91 88 0 184 0 564 56 673 124 133 933 268 0 786 0 250 609 899 461 758 392 0 0 0 935 294 969 186 0 0 552 72 623 680 0 248 698 684 237 349 953 222 0 281 385 291 621 718 539 0 962 273 902 96 934 313 0 986 0 0 124 200 698 0 439 379 0 698 653 0 0 235 897 430 542 85 487 990 985 0 985 982 971 303 420 205 418 450 340 335 269 241 546 581 0 577 0 960 16 455 736 0 421 0 0 275 0 332 935 0 966 784 238 0 888 29 0 0 783 26 148 0 467 946 661 0 303 571 842 759 597 135 157 873 880 667 496 429 788 708 195 24 525 0 757 650 394 0 907 603 893 809 590 0 767 176 945 0 859 403 576 586 0 668 603 832 0 229 476 582 0 358 0 557 868 0 12 223 108 539 602 0 66 359 447 0 
443 731 990 954 0 717 968 932 0 193 214 247 212 794 395 261 829 97 56 88 847 17 0 0 0 782 872 959 489 99 0 0 0 345 172 661 427 275 619 200 0 0 0 982 769 63 736 899 372 206 0 800 632 0 742 0 621 0 399 0 347 680 318 394 0 995 155 0 0 260 241 845 715 0 0 325 80 490 8 0 901 728 0 0 744 848 401 799 731 773 498 57 0 526 986 264 0 720 0 425 471 0 228 671 348 889 0 252 295 501 132 392 565 282 562 635 389 0 0 870 234 416 0 460 306 395 450 30 884 968 235 191 197 803 674 0 696 712 0 560 550 0 447 231 773 0 0 450 683 61 199 818 532 732 326 93 0 459 828 0 921 47 758 928 987 381 921 149 37 424 476 120 0 909 184 748 122 361 133 344 364 711 705 370 197 0 0 517 61 467 0 728 0 0 124 401 0 721 256 0 461 146 806 0 815 0 922 0 249 403 655 598 843 372 912 0 0 709 767 0 920 498 0 981 871 513 0 388 754 486 565 921 324 0 806 241 686 83 0 0 0 983 160 94 458 0 0 681 0 531 58 552 55 815 52 966 614 0 323 85 753 0 43 16 0 0 903 642 538 923 541 993 310 513 424 911 632 0 0 51 293 135 155 262 374 790 0 67 900 58 0 0 872 276 509 492 288 587 40 0 0 688 0 108 138 0 91 346 0 945 298 0 0 532 869 0 0 74 447 0 14 918 475 311 67 756 0 133 496 320 833 538 843 162 876 521 946 660 582 265 0 931 0 
0 127 0 496 243 30 760 0 63 154 147 206 608 502 0 367 302 843 869 833 19 888 0 0 359 882 561 67 945 214 30 309 265 849 463 384 0 876 277 0 209 0 469 48 35 97 0 929 0 308 562 294 0 538 306 153 845 533 0 0 362 401 51 560 0 479 910 705 377 99 0 0 506 20 725 0 83 416 166 373 0 0 281 79 194 889 347 695 0 0 369 576 586 636 65 0 972 266 0 664 10 0 454 0 0 767 201 582 441 0 376 23 0 713 270 392 0 451 0 700 0 0 0 346 107 627 465 0 82 858 665 853 57 775 801 251 823 455 80 901 0 784 714 0 4 257 0 0 264 495 911 806 800 0 783 116 0 837 929 733 873 0 794 242 20 0 843 352 128 807 0 5 843 279 0 0 817 763 0 476 618 762 0 0 881 27 545 442 137 0 0 698 719 802 0 501 704 427 665 224 529 0 0 0 181 0 384 845 338 617 204 582 488 585 0 640 875 0 0 0 59 666 555 0 262 644 209 264 0 829 0 81 411 229 0 0 993 814 0 81 662 589 326 914 313 0 307 658 321 0 195 268 154 0 0 771 0 556 432 0 0 714 0 838 847 948 0 154 296 158 534 0 873 93 92 133 609 112 803 733 958 176 641 0 424 630 237 332 301 95 951 669 593 422 337 297 618 51 919 478 772 165 0 534 0 840 369 0 375 0 575 0 550 491 963 171 895 464 518 494 761 67 155 171 401 23 0 468 443 306 678 833 649 0 0 0 0 539 887 791 757 696 0 
531 0 874 679 603 0 0 473 715 95 155 0 143 0 0 96 845 0 894 0 631 0 0 359 0 643 0 560 529 145 634 606 0 615 0 530 774 0 572 371 150 830 540 0 29 341 0 313 821 0 0 664 0 0 337 665 671 0 0 340 20 873 498 442 29 406 633 0 717 965 597 934 0 800 0 919 795 516 19 877 608 591 642 113 0 0 0 695 413 845 866 540 835 0 0 898 495 0 975 616 0 769 0 0 276 34 639 295 375 237 69 175 994 326 833 392 894 200 671 419 0 594 0 416 424 835 0 0 372 179 824 86 945 0 0 830 937 271 28 373 900 0 34 337 559 450 88 555 0 878 282 93 188 526 725 205 0 47 191 77 0 980 322 485 13 0 991 182 435 952 0 445 860 0 478 16 0 0 644 156 810 0 104 859 748 702 0 398 532 0 0 430 860 0 580 482 73 0 697 672 75 660 0 0 560 0 0 0 760 844 702 170 233 973 0 179 600 0 464 0 200 100 0 0 0 364 0 377 148 196 0 636 399 394 422 964 213 601 614 226 550 0 795 549 487 0 963 0 966 896 616 0 95 814 624 0 0 46 237 143 480 616 386 0 0 388 0 504 800 3 902 508 0 0 103 705 12 384 3 564 615 0 749 177 49 0 713 920 411 516 242 0 898 980 364 47 94 145 438 0 730 18 648 348 858 723 585 663 730 177 886 959 202 389 111 547 820 337 531 413 247 0 0 4 880 718 0 847 260 308 0 348 308 250 935 643 914 23 262 0 689 631 412 
0 0 86 0 845 950 231 623 0 0 0 0 877 213 533 0 341 913 310 500 0 932 782 882 643 0 327 62 861 0 318 842 467 901 470 731 394 168 358 111 0 284 188 624 132 0 369 523 406 642 0 591 506 87 58 540 877 339 171 935 0 85 656 100 889 225 630 735 207 139 900 580 382 0 275 959 682 985 926 372 0 127 741 398 887 697 0 0 828 901 0 445 949 0 0 763 755 586 841 320 121 995 239 367 889 623 0 0 749 711 910 0 0 38 116 661 739 873 48 0 644 0 918 340 0 596 0 304 334 0 198 756 0 809 554 192 49 310 534 0 0 715 673 0 612 0 861 0 109 913 0 87 66 866 644 821 569 808 726 0 0 366 124 620 0 965 925 0 621 710 541 0 0 110 0 0 300 509 0 377 690 850 703 23 0 0 284 0 226 758 14 532 893 353 103 393 564 981 0 979 598 868 0 0 0 37 491 465 879 685 869 395 843 813 662 308 795 778 0 53 504 290 642 374 768 0 848 492 503 0 32 160 506 0 0 356 579 0 802 0 933 228 418 766 95 43 339 890 380 877 0 699 0 0 0 843 953 621 0 563 814 858 630 315 0 484 353 547 288 62 932 0 49 0 0 210 0 0 0 0 287 0 756 625 0 465 193 249 0 465 908 323 942 0 59 995 817 806 0 457 692 183 136 368 932 38 0 337 460 557 0 685 0 757 276 26 367 0 0 873 677 875 0 787 612 107 0 663 926 0 208 0 0 342 185 183 167 799 77 353 0 0 327 
990 966 0 430 578 898 0 312 63 549 493 0 497 255 81 536 0 865 795 588 258 0 872 561 0 327 0 893 44 659 0 33 0 383 434 99 306 592 408 0 0 489 0 927 420 7 0 278 251 357 512 231 444 250 0 574 0 102 0 0 45 0 0 985 0 505 21 194 586 215 579 159 0 438 0 846 0 722 155 674 653 389 619 171 0 927 409 0 22 996 275 651 673 300 39 632 0 457 446 0 0 42 209 73 62 0 0 290 363 163 0 430 772 0 0 0 843 306 817 0 300 711 888 978 0 0 975 67 588 86 272 0 811 486 0 914 0 0 470 410 959 991 34 0 387 580 130 598 0 0 231 988 634 927 0 489 561 0 285 0 0 442 980 0 141 383 785 0 457 895 233 940 0 24 0 500 0 472 344 157 639 212 935 890 768 0 923 0 922 372 388 0 0 890 977 295 205 461 676 4 506 368 848 98 0 430 287 0 959 169 157 18 0 934 0 0 0 66 384 426 524 0 696 978 225 978 201 0 0 594 0 33 51 231 0 690 526 245 4 808 887 0 768 423 95 109 97 482 798 0 433 615 241 110 0 51 776 268 622 0 483 0 909 0 0 449 829 737 0 614 795 0 332 356 380 917 537 0 163 288 580 170 232 721 0 734 90 669 894 216 0 364 364 0 213 861 776 0 0 568 0 0 293 503 33 715 902 0 252 417 242 0 303 483 576 190 569 188 0 0 268 296 0 5 531 922 861 234 543 723 769 954 791 129 292 560 638 33 0 0 0 0 0 
774 424 854 0 619 18 954 395 349 748 0 784 292 946 0 408 147 670 857 535 712 0 959 67 560 62 893 0 887 64 682 394 639 624 0 0 0 326 602 890 395 0 0 930 672 650 90 221 516 0 0 670 0 958 969 503 0 175 251 632 812 945 230 0 108 785 633 304 376 14 381 734 0 826 0 761 810 89 0 460 0 321 0 67 244 244 613 464 623 440 575 242 236 848 288 191 701 0 0 951 2 0 572 689 671 191 214 0 492 0 897 144 381 978 482 74 757 100 367 0 262 0 761 0 638 657 0 670 750 452 150 0 715 0 679 312 274 553 284 120 0 130 0 252 133 593 0 832 419 0 159 413 674 314 695 0 0 0 214 0 28 241 460 869 564 143 402 75 559 573 877 857 0 448 958 558 0 0 221 267 190 866 546 394 0 54 0 0 631 0 557 0 0 265 915 490 591 520 0 120 0 0 27 515 466 843 42 912 424 679 417 0 0 550 394 0 494 826 518 693 924 958 782 354 117 249 960 498 274 675 97 0 33 0 348 0 0 223 0 212 0 706 857 0 0 0 496 0 932 885 329 0 840 0 0 101 219 954 867 668 179 102 918 0 223 0 803 0 0 0 631 534 388 49 71 540 0 228 821 761 0 861 0 520 583 778 0 225 0 184 831 685 533 176 749 581 859 550 232 727 914 235 35 772 791 812 852 888 256 0 0 355 591 855 337 710 999 952 0 641 584 621 424 0 874 0 403 0 247 389 0 864 353 33 136 430 413 0 141 447 465 749 3 
35 29 358 418 615 398 598 0 762 793 0 214 405 0 951 104 934 426 665 396 789 397 489 945 529 861 44 887 0 801 215 745 413 0 224 0 786 934 1 0 0 399 869 818 657 21 760 581 501 16 475 545 766 0 211 819 311 92 764 603 991 385 0 319 229 958 813 817 888 285 238 574 303 494 64 748 0 181 0 7 501 0 0 50 0 0 0 0 914 793 333 399 436 809 65 934 602 426 334 501 213 0 0 13 495 811 804 323 988 303 583 742 716 821 125 339 779 802 955 548 0 891 0 0 690 530 818 948 0 602 382 0 984 69 437 0 0 0 979 0 964 37 0 306 262 42 650 0 808 0 722 253 382 304 0 943 879 0 0 955 938 832 532 365 878 0 15 0 713 0 291 0 376 316 318 666 107 613 706 726 0 548 865 0 572 479 0 359 660 43 498 730 0 812 208 0 0 891 0 347 18 900 0 287 317 123 176 219 335 905 935 81 194 0 0 958 0 830 971 872 937 350 306 0 28 989 0 498 0 266 891 732 0 761 997 235 0 0 0 0 4 0 113 0 0 353 54 791 293 379 797 156 0 227 310 238 978 0 0 39 3 289 29 0 11 598 0 480 194 645 0 735 0 0 63 37 779 857 28 404 551 998 933 115 805 0 535 946 986 0 796 125 186 300 359 0 207 140 893 24 0 0 0 478 986 0 0 680 596 852 760 0 870 619 645 295 932 102 0 729 201 558 796 0 652 798 265 244 345 430 780 154 429 220 241 410 0 180 277 149 0 386 80 
0 680 568 791 0 630 300 700 327 0 466 290 509 533 926 146 0 526 301 98 0 437 99 214 145 0 659 64 801 0 244 846 0 53 279 0 0 0 0 686 146 310 786 0 0 894 705 703 821 731 588 716 707 105 906 0 0 55 978 73 399 297 788 253 435 0 0 793 519 137 268 0 909 72 0 0 616 0 769 519 352 243 105 0 296 723 490 528 56 172 148 226 263 20 0 0 414 303 0 405 771 327 0 556 331 0 563 0 128 888 314 471 768 470 0 965 84 678 541 373 0 781 0 534 4 279 50 598 311 765 0 554 488 0 586 0 959 0 0 0 323 0 916 242 586 801 0 485 917 761 186 0 279 583 853 806 820 0 0 201 673 52 0 215 0 64 827 171 765 228 130 0 224 578 693 12 448 153 477 936 400 0 959 723 0 0 340 934 207 82 75 254 129 748 679 0 0 0 278 0 274 472 298 465 887 457 447 6 486 0 194 409 816 0 0 92 214 0 518 198 620 349 714 91 855 0 0 311 289 0 30 785 746 0 903 154 125 0 761 939 696 952 0 22 0 436 620 0 92 237 489 614 0 10 210 88 53 649 257 942 0 441 262 355 935 647 159 126 377 0 628 278 851 0 0 381 0 0 0 159 0 0 565 30 712 554 680 834 241 529 543 956 234 0 0 0 165 238 516 0 0 52 0 435 791 374 0 0 178 47 985 0 571 0 26 521 542 970 679 183 0 216 33 0 0 0 387 658 183 0 564 0 0 93 771 808 410 246 801 422 304 816 847 
995 926 0 418 0 0 0 73 28 890 339 63 852 831 196 203 826 989 682 654 790 470 0 30 634 318 0 682 215 244 0 255 587 741 676 764 0 844 387 809 861 85 38 0 227 836 649 626 669 826 456 829 278 388 0 696 44 950 701 384 355 810 270 207 704 439 703 753 302 930 0 0 613 24 675 798 477 153 860 979 972 909 0 0 293 160 615 480 111 419 0 0 852 160 0 135 356 353 239 590 606 294 398 997 47 569 656 372 346 239 829 0 557 460 0 353 793 177 383 383 905 20 762 97 0 543 531 82 541 840 198 822 151 662 86 23 144 514 0 112 0 164 293 843 803 769 923 999 335 9 0 0 906 272 261 321 225 558 63 324 358 658 146 937 664 751 311 0 568 34 961 277 656 310 42 0 0 48 665 0 180 0 534 484 361 505 326 743 0 191 591 0 102 212 263 879 306 439 0 0 685 706 369 0 695 0 975 91 864 452 0 0 560 526 687 416 511 402 276 504 0 0 0 910 976 640 870 0 0 418 248 0 762 403 819 0 171 0 932 138 924 436 94 425 917 138 512 82 0 53 0 284 0 970 0 175 602 945 991 749 758 83 585 0 391 0 316 44 648 0 369 200 470 0 379 0 58 53 658 52 48 208 0 631 873 824 488 745 788 889 0 405 304 0 0 0 939 0 0 358 140 0 369 598 0 749 709 0 60 427 523 271 0 0 711 863 475 154 997 0 512 460 0 177 945 137 55 0 956 879 402 0 123 57 936 783 177 0 272 0 724 764 0 
126 0 223 0 100 756 0 0 899 0 10 510 0 41 117 150 568 0 0 0 879 981 0 309 606 842 33 394 745 846 255 0 0 302 0 769 630 738 317 765 0 861 0 382 99 297 531 0 0 159 656 8 328 775 671 232 23 161 426 438 728 737 6 224 731 889 370 507 40 85 596 928 0 379 910 0 411 760 0 0 876 0 549 430 245 99 565 570 971 775 0 37 958 234 769 531 222 0 0 671 99 752 632 334 441 74 0 0 951 0 357 136 346 0 625 480 476 85 968 970 128 0 809 0 895 0 0 11 0 66 563 0 0 164 941 763 601 811 907 0 526 0 334 0 0 81 60 265 269 224 536 0 0 296 0 562 0 49 15 0 0 314 799 683 811 954 307 847 302 0 788 975 15 255 800 0 0 688 0 0 613 0 885 300 956 464 0 744 286 103 288 73 610 801 0 223 716 506 988 773 536 0 269 726 614 454 512 700 646 562 775 800 594 0 352 842 765 45 881 0 402 233 73 167 912 836 0 954 66 15 983 946 101 739 0 655 550 5 980 148 625 986 384 771 838 495 973 323 404 90 955 0 0 381 360 939 841 0 0 0 827 0 46 0 41 359 0 644 0 0 547 995 525 0 63 549 0 0 0 0 891 622 814 0 0 838 388 771 837 0 438 821 522 293 736 288 800 580 468 0 0 477 320 0 593 992 567 217 0 992 693 421 0 579 605 0 0 0 0 286 491 0 169 769 0 614 182 767 0 0 775 724 779 549 5 0 599 134 345 380 467 403 605 
0 381 258 797 111 0 810 379 83 408 367 651 0 226 0 812 721 906 850 0 790 906 0 265 0 467 0 639 413 0 587 0 0 182 0 0 145 769 668 131 396 0 0 589 0 393 768 428 689 219 559 173 0 373 500 376 532 0 789 67 683 938 0 142 0 42 0 0 458 692 754 0 30 728 51 12 714 277 971 547 613 0 924 315 952 795 97 520 787 283 239 644 0 965 642 675 285 720 430 685 437 0 0 703 768 956 317 509 720 308 0 829 0 285 747 0 275 0 512 55 0 0 540 545 759 0 951 370 954 0 0 18 58 382 0 838 725 0 65 0 600 881 931 0 235 673 0 40 825 0 310 384 259 531 0 476 346 811 140 874 684 506 788 972 200 0 832 0 0 0 0 668 586 0 0 535 345 371 208 0 0 0 85 449 644 862 880 620 918 0 342 234 0 150 0 0 141 0 0 0 527 273 205 0 897 349 727 550 14 0 0 74 0 596 848 799 352 187 0 470 777 186 605 0 776 0 664 51 0 0 14 768 400 779 976 534 438 345 0 742 0 560 810 0 847 0 0 809 480 0 238 52 754 66 618 555 952 218 470 894 828 128 0 298 821 599 427 482 353 972 944 0 171 393 136 755 141 279 0 0 41 727 785 377 839 658 31 0 477 138 0 436 90 772 538 742 63 0 199 0 551 552 499 0 757 20 928 765 203 367 676 0 0 9 0 664 715 615 497 114 375 3 220 391 89 0 0 851 378 325 869 175 701 484 425 937 0 221 797 831 0 324 0 
507 148 757 856 769 311 0 0 30 0 160 801 496 384 0 918 364 891 53 496 431 121 345 849 615 901 383 624 0 53 741 302 182 0 913 272 0 34 202 0 386 854 410 556 484 374 252 0 0 972 198 46 777 260 5 503 827 0 418 0 750 718 767 352 446 72 0 944 755 160 0 401 860 85 289 0 841 929 928 942 0 0 297 0 259 963 358 194 283 326 152 547 221 124 771 747 846 434 0 962 427 61 510 521 170 464 679 225 911 79 0 0 65 352 0 930 156 878 511 762 884 837 11 0 0 0 793 805 258 929 0 0 818 196 0 967 833 687 999 340 639 548 587 0 0 475 244 0 0 828 734 0 0 0 75 259 116 804 956 0 0 762 534 130 426 0 60 881 658 842 34 0 614 710 0 87 358 322 0 363 936 138 0 74 552 765 0 911 628 995 317 840 0 664 0 290 0 935 862 159 963 199 21 916 163 488 147 154 185 402 0 138 164 947 0 0 136 309 346 817 424 280 751 35 0 0 419 250 217 0 13 156 847 530 13 412 750 3 501 724 0 28 91 130 695 0 544 0 708 596 217 0 569 923 871 0 0 873 144 297 611 570 741 0 476 760 846 0 0 994 958 981 767 268 834 421 450 569 170 0 0 0 0 872 678 532 273 923 921 104 727 963 191 639 0 0 559 946 165 434 148 877 0 916 463 0 674 620 282 0 0 296 0 659 0 520 759 358 493 472 153 456 321 924 283 198 858 814 289 0 784 532 71 574 959 428 264 0 0 315 561 149 0 
