0 0 0 431 413 660 23 242 119 979 412 613 687 538 0 533 0 0 117 958 0 856 380 0 493 915 330 421 320 958 32 767 0 55 940 336 522 0 430 468 317 0 732 289 0 412 541 958 915 841 385 865 0 0 853 864 408 89 251 0 858 619 87 539 0 593 129 212 0 2 731 732 559 687 90 425 549 348 492 378 217 731 433 0 615 80 356 0 840 0 593 0 342 458 348 0 643 0 357 438 806 0 762 145 0 292 578 799 98 0 0 0 0 0 0 113 791 0 843 80 555 491 717 804 507 709 355 373 0 985 79 766 385 0 0 660 2 0 0 787 719 0 100 522 391 313 65 765 917 607 614 360 914 762 93 312 0 202 889 0 261 
0 0 421 884 269 397 827 951 806 901 75 327 838 523 832 664 0 281 127 0 0 937 120 196 421 528 0 935 0 0 195 888 894 264 0 319 273 345 0 243 0 0 0 251 338 675 157 501 371 142 340 428 442 0 924 860 0 0 630 0 923 609 633 0 0 155 226 181 370 51 761 292 0 913 576 595 998 108 0 0 270 326 898 151 827 674 841 794 0 0 47 350 874 237 343 250 38 0 0 812 882 951 0 66 452 0 0 197 305 527 0 945 0 671 484 285 7 601 678 769 848 776 68 0 0 587 263 0 0 945 0 31 530 757 766 0 421 759 180 543 171 637 348 0 850 86 140 827 0 12 15 0 573 773 0 0 943 0 580 481 254 
0 421 0 678 597 767 875 837 633 13 704 698 0 0 359 0 0 35 0 934 0 0 550 18 0 0 0 739 572 249 588 0 58 220 36 14 0 88 12 896 579 333 0 645 744 829 0 330 961 0 0 511 0 872 291 481 210 291 166 898 0 0 558 257 0 793 223 266 993 973 0 36 0 901 938 281 845 0 400 322 582 761 174 337 0 38 302 571 436 442 515 925 494 0 497 0 344 510 191 566 558 891 0 241 718 622 0 0 725 182 299 647 360 16 799 693 829 776 520 84 307 76 206 0 561 0 0 123 603 208 335 93 286 311 842 405 918 497 399 0 225 0 0 0 622 873 0 359 941 522 98 630 93 530 0 867 0 121 0 417 5 
431 884 678 0 104 761 497 0 0 370 221 273 697 235 399 0 0 541 0 949 0 0 707 487 0 0 3 794 125 335 148 0 37 840 804 714 646 622 0 167 768 709 865 0 390 0 159 6 558 680 477 511 890 0 0 442 281 891 396 262 808 0 0 394 0 46 56 375 281 704 929 203 852 0 661 0 0 874 88 0 0 173 43 0 183 688 4 207 554 129 0 171 269 84 988 712 514 0 391 191 919 802 86 0 0 0 0 173 24 966 0 0 0 0 945 0 0 619 0 0 879 638 1 0 0 651 0 201 605 254 191 834 0 0 0 558 479 0 940 0 462 0 0 0 384 684 937 518 142 49 544 435 697 48 238 692 0 0 527 703 106 
413 269 597 104 0 976 86 105 138 149 77 431 989 762 450 837 0 727 0 30 45 729 128 205 276 504 150 119 830 359 91 109 0 85 280 20 136 192 630 139 813 0 0 383 488 887 211 0 535 273 607 99 213 886 744 648 0 257 456 0 0 439 0 187 0 454 883 0 781 644 501 316 0 110 871 313 52 251 0 208 864 0 35 968 0 112 341 614 0 0 909 0 735 0 981 867 0 0 0 914 877 919 286 0 136 465 591 296 308 547 676 0 494 72 351 274 0 50 376 426 0 817 890 366 706 601 355 651 260 945 496 0 265 245 493 121 295 0 836 685 312 0 0 0 84 0 189 0 443 0 81 0 204 657 0 286 457 533 831 519 213 
660 397 767 761 976 0 842 613 581 997 412 0 943 883 0 899 0 563 716 171 43 766 634 129 411 356 75 567 894 289 509 0 757 49 824 111 26 497 0 705 499 486 0 148 876 908 639 698 997 809 0 167 204 216 0 34 771 0 0 0 209 0 0 556 939 539 0 83 539 0 0 596 0 77 796 362 332 269 788 0 825 423 422 0 720 445 0 0 133 0 539 271 211 929 521 0 868 0 763 205 819 316 604 0 588 282 0 0 662 0 247 424 0 677 0 63 967 221 0 104 889 56 0 812 412 511 408 0 75 0 462 0 835 177 571 0 0 672 859 778 141 163 64 315 152 0 407 623 219 743 0 0 316 894 333 0 974 841 0 556 637 
23 827 875 497 86 842 0 679 41 822 215 567 487 742 505 870 238 46 197 0 0 865 49 115 538 0 70 457 99 0 0 0 569 462 267 380 667 607 283 664 321 932 678 0 0 833 804 978 753 0 146 258 637 890 720 0 871 0 681 0 952 511 186 164 0 0 701 69 202 0 907 525 0 0 948 224 0 829 204 961 0 262 933 0 369 914 256 258 0 649 806 71 298 0 221 0 0 0 0 100 0 163 820 513 26 0 836 306 808 749 0 353 11 997 98 0 610 688 288 594 495 445 0 33 147 0 85 283 644 0 888 0 0 384 0 159 63 683 499 318 534 665 127 486 738 361 585 427 0 349 280 206 90 579 443 0 171 379 113 529 0 
242 951 837 0 105 613 679 0 933 166 705 696 981 178 0 0 537 229 0 483 403 612 0 34 163 618 803 424 559 105 991 0 774 772 504 130 0 739 200 675 858 405 141 0 0 619 303 656 905 0 963 424 766 0 387 597 517 810 596 682 289 424 71 316 848 511 172 0 0 459 342 669 0 734 188 505 788 758 29 0 3 772 958 0 369 464 802 834 639 270 101 192 0 784 38 967 454 0 0 0 240 0 476 0 711 0 0 13 188 129 0 0 533 809 844 50 227 0 295 586 690 578 683 679 845 306 245 3 846 102 327 0 0 296 291 27 0 0 887 981 0 755 862 0 0 284 818 70 485 31 817 931 994 281 522 683 669 57 454 931 0 
119 806 633 0 138 581 41 933 0 624 0 546 109 838 0 197 914 758 285 238 450 0 0 404 831 0 541 266 0 879 44 0 324 921 384 512 945 281 344 359 995 147 758 517 0 6 0 752 699 0 58 303 709 737 0 0 0 40 543 185 185 280 976 744 0 877 431 903 0 518 651 416 0 222 684 714 0 163 376 0 841 401 365 954 258 988 167 245 201 971 86 650 268 206 580 474 0 0 0 228 447 307 25 418 696 0 267 268 822 790 700 0 783 0 755 760 0 0 823 167 901 275 891 741 523 706 898 995 243 918 111 0 0 412 910 59 0 0 706 0 813 327 0 967 293 548 525 190 754 0 903 6 691 906 437 196 986 0 269 220 778 
979 901 13 370 149 997 822 166 624 0 0 198 0 41 0 449 0 0 643 500 0 0 0 0 119 982 110 40 824 747 661 0 584 361 404 319 423 453 0 759 594 0 608 822 489 820 672 340 41 0 0 559 0 0 848 910 0 433 134 227 685 239 726 626 666 516 761 366 548 685 791 466 651 806 407 571 0 171 967 440 0 870 218 0 326 406 913 732 312 688 984 710 199 0 17 714 885 17 376 241 423 474 908 0 971 113 731 273 902 0 651 48 0 451 574 574 851 300 329 0 422 788 222 387 3 884 0 603 134 833 638 175 201 673 102 0 833 361 0 854 536 566 305 4 546 590 552 899 0 0 550 998 880 0 777 185 987 0 0 18 596 
412 75 704 221 77 412 215 705 0 0 0 193 0 619 0 976 276 505 0 18 308 0 760 169 466 807 0 895 827 924 64 853 978 957 695 724 622 198 401 359 817 140 0 631 0 210 0 464 691 290 739 191 503 767 0 0 329 341 462 358 0 655 923 0 0 755 358 354 803 67 957 594 49 912 271 798 689 449 0 0 682 0 0 283 0 396 0 835 472 241 88 821 114 0 0 642 867 733 917 220 0 91 105 584 728 921 0 0 967 0 429 589 92 508 82 435 0 0 118 428 918 371 791 254 0 0 293 404 0 212 351 644 70 248 124 646 75 471 0 0 891 803 0 174 223 183 841 2 0 511 113 705 0 737 259 646 277 784 341 46 0 
613 327 698 273 431 0 567 696 546 198 193 0 491 57 532 722 626 824 814 212 568 0 736 0 0 460 303 0 545 0 646 486 0 333 142 313 0 0 806 804 122 332 750 901 720 0 242 816 0 0 172 712 969 196 283 693 114 314 222 600 169 685 93 124 0 57 415 427 0 230 175 502 149 684 334 513 169 0 727 881 311 234 764 0 180 0 898 0 255 222 979 0 855 494 203 853 0 650 0 0 656 0 510 627 271 11 0 260 391 643 0 0 29 379 18 392 226 784 823 76 564 142 23 207 973 62 536 0 926 491 494 135 934 325 850 716 611 269 528 36 612 0 801 929 634 372 556 631 418 0 70 0 92 737 757 0 0 430 870 364 14 
687 838 0 697 989 943 487 981 109 0 0 491 0 167 340 72 211 389 765 167 993 482 0 0 0 47 269 78 775 252 641 238 212 825 868 984 947 473 81 0 737 779 315 865 0 0 639 520 182 132 735 81 447 727 200 639 733 608 413 962 0 811 0 290 620 978 0 984 328 157 252 504 325 818 0 0 802 818 0 644 463 382 0 348 784 25 727 161 998 453 76 424 648 729 0 913 47 121 656 12 822 0 12 369 0 0 764 971 48 0 0 714 266 494 263 364 450 768 613 742 240 320 363 662 0 747 95 982 805 304 374 0 665 858 47 100 19 26 20 100 867 630 0 0 166 970 70 652 0 574 145 197 663 206 411 247 752 68 188 0 281 
538 523 0 235 762 883 742 178 838 41 619 57 167 0 256 34 0 0 243 0 896 144 0 742 858 0 0 0 0 0 395 295 26 0 130 469 753 0 833 537 896 0 212 481 432 463 163 0 871 793 454 12 852 0 177 665 0 420 379 827 299 205 247 249 843 177 0 995 646 568 967 366 973 0 0 920 996 269 0 0 0 996 314 0 77 53 31 430 0 710 0 208 471 181 396 378 955 84 0 0 597 967 638 281 71 717 156 0 0 973 166 496 150 0 637 422 350 531 765 743 0 783 958 908 543 578 625 793 55 0 648 867 0 124 661 538 640 28 489 120 717 0 2 483 596 421 457 0 153 624 23 0 787 282 420 308 193 917 338 316 604 
0 832 359 399 450 0 505 0 0 0 0 532 340 256 0 844 780 0 601 64 675 909 331 153 0 0 983 744 224 115 0 0 195 560 569 136 0 466 211 957 483 98 58 273 783 0 857 737 558 78 0 955 0 0 680 368 698 704 38 0 765 552 613 109 59 590 482 748 851 65 494 0 0 930 684 269 0 423 921 0 729 932 0 0 825 186 328 0 0 700 0 0 910 309 117 688 864 450 713 0 123 656 655 753 629 683 0 44 674 0 988 682 0 0 0 0 606 990 882 861 49 90 172 570 427 0 266 635 745 0 577 823 176 302 0 0 721 870 429 24 0 514 899 444 291 787 684 823 789 717 0 166 0 901 643 573 576 935 195 554 819 
533 664 0 0 837 899 870 0 197 449 976 722 72 34 844 0 35 0 443 263 756 816 663 261 0 505 0 930 268 0 792 503 0 835 0 742 0 159 0 0 768 0 0 0 348 13 98 592 683 760 476 0 440 808 708 962 940 361 529 482 725 932 437 686 132 255 913 0 255 694 614 49 829 397 498 969 0 600 146 0 795 150 547 0 767 106 721 651 32 223 0 613 179 229 181 551 706 418 49 0 934 862 615 149 703 0 974 755 693 0 0 926 222 411 0 79 85 923 636 0 0 977 849 5 0 422 628 643 664 838 537 157 253 94 901 0 212 718 461 887 444 770 41 320 983 340 665 515 194 0 998 370 0 756 449 56 0 0 290 43 843 
0 0 0 0 0 0 238 537 914 0 276 626 211 0 780 35 0 287 974 190 729 579 0 97 689 87 0 96 514 765 0 0 525 704 0 0 719 933 802 199 216 710 309 87 0 0 0 679 927 204 626 0 17 0 0 279 839 343 0 358 861 804 400 11 835 322 985 836 697 0 185 342 924 0 625 236 938 0 677 477 468 175 648 847 0 80 0 961 521 301 434 353 0 47 0 0 26 0 451 683 0 580 184 279 476 521 106 223 748 0 0 340 238 638 0 0 0 928 396 133 681 23 445 0 0 682 320 0 0 0 0 417 467 0 984 100 372 997 446 829 747 0 614 42 0 60 863 0 917 285 4 727 0 652 625 0 122 370 989 938 2 
0 281 35 541 727 563 46 229 758 0 505 824 389 0 0 0 287 0 467 183 970 0 62 0 661 600 119 0 363 0 434 301 147 238 512 246 966 0 807 0 111 113 899 906 0 156 462 435 35 490 0 305 0 0 835 0 946 985 0 370 0 640 939 113 0 663 0 453 0 948 0 0 857 661 0 893 807 84 0 900 0 329 792 426 228 23 349 345 175 930 481 485 452 774 312 979 311 849 693 850 711 593 988 322 0 938 841 0 377 0 173 430 0 919 341 869 959 0 558 0 132 943 70 0 776 353 713 0 955 0 0 400 551 925 339 44 832 512 52 405 443 470 459 111 111 0 494 922 883 514 437 4 834 0 73 0 594 0 440 476 446 
117 127 0 0 0 716 197 0 285 643 0 814 765 243 601 443 974 467 0 361 0 0 707 680 653 853 783 427 730 903 0 93 909 542 217 367 493 800 123 528 391 0 992 909 550 0 460 236 908 377 627 0 0 389 197 0 557 0 866 552 277 3 0 781 535 956 324 445 179 0 247 557 0 869 0 296 325 233 420 160 26 801 0 898 694 361 368 98 66 0 86 16 117 965 0 217 576 950 0 0 454 226 631 117 873 426 813 221 0 293 40 164 795 928 511 648 264 871 976 321 681 0 871 0 800 852 286 0 0 0 660 369 714 288 0 933 0 376 302 152 712 0 161 88 344 0 939 693 144 0 0 131 893 187 498 302 0 78 0 0 232 
958 0 934 949 30 171 0 483 238 500 18 212 167 0 64 263 190 183 361 0 0 476 7 0 716 913 793 478 0 0 0 484 952 721 0 645 193 0 0 125 916 5 192 415 968 90 0 398 0 811 300 896 977 944 257 978 451 560 0 0 0 485 643 93 980 0 645 215 0 908 289 868 80 109 680 821 0 933 0 603 741 946 573 0 348 0 958 735 459 438 805 0 205 84 0 489 0 843 226 797 0 284 0 0 0 0 684 300 203 0 134 949 896 724 175 408 0 0 170 536 0 130 158 160 566 275 122 665 601 613 376 944 979 921 0 246 0 898 250 166 803 0 677 0 402 835 743 68 0 884 0 562 701 0 0 979 578 0 0 441 511 
0 0 0 0 45 43 0 403 450 0 308 568 993 896 675 756 729 970 0 0 0 0 159 0 801 937 331 0 0 0 0 52 125 501 769 377 319 594 283 879 722 0 899 839 616 191 567 358 0 409 751 416 852 847 0 165 419 897 686 0 0 446 449 591 916 0 818 697 140 977 438 180 37 0 0 0 246 0 55 680 864 407 917 967 192 301 0 987 335 827 293 471 104 0 75 316 358 932 0 909 486 873 156 804 848 159 31 0 0 0 0 211 0 489 736 0 477 380 0 868 283 0 696 932 613 268 341 618 914 271 568 248 63 0 923 204 702 0 843 186 810 532 539 612 681 470 82 25 942 0 498 84 378 750 165 388 710 55 0 783 412 
856 937 0 0 729 766 865 612 0 0 0 0 482 144 909 816 579 0 0 476 0 0 0 489 0 725 0 746 0 656 400 0 942 667 709 430 288 618 676 719 852 166 0 745 813 928 172 0 0 177 658 612 601 356 981 0 267 945 113 0 575 229 0 0 621 624 0 0 470 864 934 532 533 736 0 316 267 0 105 641 0 637 0 0 634 648 113 926 772 240 461 0 922 728 581 198 324 608 0 785 0 0 0 527 296 506 831 550 854 633 895 988 0 0 793 289 0 418 539 109 378 0 503 0 420 0 303 990 0 437 557 884 814 931 371 507 298 874 195 405 90 418 0 49 329 0 186 0 602 805 951 703 0 951 926 231 587 216 297 0 0 
380 120 550 707 128 634 49 0 0 0 760 736 0 0 331 663 0 62 707 7 159 0 0 372 0 788 799 0 823 406 0 0 92 673 950 915 614 227 728 0 253 118 223 0 393 411 701 778 313 586 456 214 233 65 571 261 16 383 0 810 878 706 787 396 910 998 0 215 475 848 0 494 723 630 0 869 265 454 0 590 359 0 371 697 348 323 367 0 0 69 233 881 725 803 397 0 861 0 367 973 0 654 0 860 0 510 993 0 351 0 0 875 809 609 92 751 0 735 92 552 0 230 209 343 159 5 970 0 563 0 0 620 0 949 0 650 1 462 0 248 569 77 285 847 497 375 708 442 0 0 0 0 559 417 0 844 257 45 356 3 273 
0 196 18 487 205 129 115 34 404 0 169 0 0 742 153 261 97 0 680 0 0 489 372 0 630 204 547 0 912 285 914 539 290 963 44 670 469 840 219 474 688 653 0 31 920 131 761 0 263 82 571 61 347 903 832 371 0 0 0 877 942 929 52 317 794 974 60 0 182 0 0 201 0 332 104 0 0 334 476 612 0 834 737 396 0 957 0 0 56 0 0 131 814 701 263 301 669 321 0 390 22 181 792 0 819 662 260 145 419 562 823 791 352 548 507 0 260 341 487 983 385 205 549 77 457 797 0 445 448 842 779 0 36 19 656 816 888 349 317 592 365 792 470 864 0 0 463 0 793 116 556 667 89 0 370 217 214 871 0 676 0 
493 421 0 0 276 411 538 163 831 119 466 0 0 858 0 0 689 661 653 716 801 0 0 630 0 0 565 598 167 264 0 485 440 971 321 336 982 538 0 70 0 0 876 92 233 492 938 0 0 0 0 0 73 205 570 895 403 0 0 0 873 88 0 636 0 168 279 0 741 584 933 0 919 0 775 0 556 0 772 0 0 76 638 190 454 142 207 607 934 830 922 560 754 502 915 817 0 803 330 0 838 0 673 868 545 66 0 368 0 728 900 910 378 841 845 0 112 208 983 588 0 0 933 179 954 615 257 0 0 182 0 628 924 0 0 347 644 253 178 888 27 51 974 212 430 886 906 146 0 0 152 613 378 790 165 319 252 278 524 784 61 
915 528 0 0 504 356 0 618 0 982 807 460 47 0 0 505 87 600 853 913 937 725 788 204 0 0 0 617 464 559 320 0 936 795 978 236 977 408 0 0 0 95 0 595 691 0 797 0 349 396 774 303 0 358 425 399 522 0 436 370 504 0 144 341 253 0 585 976 480 0 523 0 400 255 0 0 235 0 148 522 978 482 904 0 705 657 0 139 907 652 484 0 576 297 332 402 73 729 0 307 850 936 373 131 261 417 568 201 269 0 0 742 986 0 452 415 625 308 161 0 379 224 90 685 760 229 243 764 975 420 0 948 275 684 0 280 261 134 147 520 0 874 926 613 0 307 725 473 368 247 715 994 832 359 3 0 614 0 533 72 828 
330 0 0 3 150 75 70 803 541 110 0 303 269 0 983 0 0 119 783 793 331 0 799 547 565 0 0 772 459 926 0 0 806 667 143 0 284 0 0 0 0 10 478 518 826 632 680 314 553 726 971 185 455 0 0 778 0 504 147 883 97 71 418 724 562 0 0 599 691 798 0 142 147 438 496 549 365 0 540 387 519 545 0 59 309 549 148 8 748 0 562 279 680 297 188 257 941 30 853 0 166 778 213 0 241 0 0 600 0 789 374 211 0 352 855 0 770 0 527 278 746 775 467 941 0 0 912 243 751 0 0 901 0 650 996 389 411 540 296 0 809 414 692 0 817 493 870 613 0 849 203 622 0 677 407 929 469 260 997 852 770 
421 935 739 794 119 567 457 424 266 40 895 0 78 0 744 930 96 0 427 478 0 746 0 0 598 617 772 0 0 465 0 273 283 0 548 529 0 213 164 592 356 9 598 0 113 229 554 32 0 116 0 0 289 237 635 953 829 0 953 0 909 904 544 850 149 48 648 0 571 745 316 0 796 764 342 470 969 182 954 778 0 508 628 0 56 317 529 339 0 0 262 89 152 806 846 393 19 379 521 140 184 983 938 732 31 0 102 762 167 0 742 810 584 329 634 543 234 105 337 789 799 579 587 0 0 444 0 661 353 916 116 886 107 854 846 639 188 756 373 0 829 172 323 0 260 436 0 827 0 346 233 111 0 314 421 0 784 299 770 153 710 
320 0 572 125 830 894 99 559 0 824 827 545 775 0 224 268 514 363 730 0 0 0 823 912 167 464 459 0 0 481 487 195 43 612 0 0 493 109 829 531 0 375 897 438 803 245 665 0 428 797 821 773 554 726 700 0 0 438 317 0 0 752 274 892 842 0 970 27 492 907 173 297 0 73 546 0 112 0 0 413 0 339 444 628 452 0 283 572 0 686 542 879 301 648 0 103 954 578 401 489 0 278 228 0 777 339 0 132 0 10 276 414 0 85 115 353 368 643 0 439 680 721 491 517 495 0 799 57 0 229 228 619 571 0 0 892 704 547 686 538 0 589 584 702 845 667 254 186 805 388 0 0 674 0 255 146 433 951 940 618 43 
958 0 249 335 359 289 0 105 879 747 924 0 252 0 115 0 765 0 903 0 0 656 406 285 264 559 926 465 481 0 753 633 0 965 865 753 939 0 461 77 953 0 0 759 325 378 0 932 744 903 870 668 339 671 0 992 0 986 592 763 424 886 0 845 643 129 0 899 237 521 919 727 0 227 803 722 807 89 845 112 250 627 0 605 143 0 542 613 156 581 486 430 0 690 0 902 0 97 599 688 356 0 238 944 0 677 971 978 0 89 378 476 172 357 273 592 919 570 477 428 871 0 0 292 0 440 5 875 874 805 811 344 53 390 903 502 951 490 892 195 989 735 824 0 547 0 96 952 147 789 685 612 467 341 529 375 125 46 665 0 562 
32 195 588 148 91 509 0 991 44 661 64 646 641 395 0 792 0 434 0 0 0 400 0 914 0 320 0 0 487 753 0 0 798 541 0 354 434 422 421 576 93 787 0 682 962 190 675 771 924 880 874 396 197 0 309 0 0 0 0 832 306 0 768 480 0 951 605 0 0 169 593 480 610 68 705 513 801 0 714 300 578 0 518 0 0 221 0 662 0 326 76 544 975 247 195 915 375 99 0 931 13 142 783 475 475 122 0 418 20 492 0 663 185 680 318 0 323 0 0 0 820 0 287 12 321 0 0 851 0 327 766 986 84 85 242 528 461 457 551 56 0 527 0 411 246 367 0 908 0 295 981 955 0 455 906 78 480 670 281 270 97 
767 888 0 0 109 0 0 0 0 0 853 486 238 295 0 503 0 301 93 484 52 0 0 539 485 0 0 273 195 633 0 0 56 240 902 439 0 799 276 277 0 0 720 903 607 871 100 78 341 0 209 0 136 0 611 643 350 723 812 0 561 877 504 734 0 0 184 339 588 585 626 0 0 748 0 415 0 678 0 0 699 0 885 0 821 0 585 572 0 644 965 375 680 0 0 955 813 218 992 230 760 850 750 0 787 0 389 368 226 21 948 353 0 0 33 820 0 446 409 134 0 596 0 657 473 105 0 815 87 621 420 439 35 0 190 918 761 591 806 771 0 231 0 435 551 332 237 801 0 0 0 487 648 211 544 6 431 754 435 392 0 
0 894 58 37 0 757 569 774 324 584 978 0 212 26 195 0 525 147 909 952 125 942 92 290 440 936 806 283 43 0 798 56 0 408 777 975 536 739 215 0 333 921 0 913 969 750 43 946 988 997 0 924 142 99 517 479 256 0 876 762 864 0 595 0 555 0 32 95 604 871 939 811 225 444 722 0 94 0 435 758 0 835 0 333 59 0 321 0 152 213 18 18 869 517 343 830 895 70 943 324 0 0 784 257 527 708 630 0 934 874 0 348 288 316 0 397 23 997 747 152 0 0 308 734 268 345 951 481 147 911 646 115 0 43 0 107 832 227 100 96 417 403 693 467 363 81 78 248 147 0 988 399 256 0 0 969 69 122 736 371 0 
55 264 220 840 85 49 462 772 921 361 957 333 825 0 560 835 704 238 542 721 501 667 673 963 971 795 667 0 612 965 541 240 408 0 792 335 0 388 58 337 844 423 65 13 0 789 35 0 999 615 595 0 617 150 145 0 756 438 796 586 783 105 0 0 760 0 514 386 183 504 502 213 416 247 36 892 584 0 0 843 147 0 374 0 380 291 0 742 578 967 597 771 478 85 329 0 850 557 0 596 157 0 626 452 845 282 614 188 463 634 0 967 0 138 580 623 0 455 358 0 664 448 377 80 0 0 74 20 225 0 223 494 542 575 222 45 489 524 0 96 638 0 149 225 0 431 0 0 0 0 551 0 597 0 0 243 772 0 611 0 650 
940 0 36 804 280 824 267 504 384 404 695 142 868 130 569 0 0 512 217 0 769 709 950 44 321 978 143 548 0 865 0 902 777 792 0 689 0 0 778 34 266 705 354 444 74 44 0 0 0 67 0 331 482 0 202 824 507 154 237 48 0 0 946 673 0 0 517 218 966 190 171 211 586 0 370 335 477 246 991 143 555 258 570 517 104 159 951 708 11 0 851 936 610 0 0 86 343 919 0 0 944 221 919 695 22 359 0 0 756 0 21 0 656 677 0 0 58 77 40 950 456 654 216 366 315 529 0 267 424 435 0 311 587 378 757 0 656 270 0 532 0 546 659 0 998 559 969 864 761 0 871 415 718 864 174 874 445 462 134 952 0 
336 319 14 714 20 111 380 130 512 319 724 313 984 469 136 742 0 246 367 645 377 430 915 670 336 236 0 529 0 753 354 439 975 335 689 0 973 253 0 906 0 365 559 0 0 0 639 207 767 250 0 0 685 303 480 719 571 849 0 635 0 806 866 0 147 0 0 648 0 187 243 660 0 0 0 840 0 291 0 680 309 373 18 679 222 190 0 976 169 0 55 736 918 167 530 0 167 0 938 0 75 154 0 932 293 984 238 453 478 898 589 368 0 958 0 992 443 0 519 227 0 884 901 860 573 692 949 114 0 133 4 232 0 663 385 539 751 41 681 465 340 982 0 15 487 963 731 686 92 483 461 823 0 989 828 216 0 0 0 937 0 
522 273 0 646 136 26 667 0 945 423 622 0 947 753 0 0 719 966 493 193 319 288 614 469 982 977 284 0 493 939 434 0 536 0 0 973 0 459 434 899 274 710 0 568 0 433 640 465 253 14 775 0 0 687 0 733 717 617 9 0 797 681 981 0 762 750 0 934 246 695 756 950 456 974 945 0 964 258 559 0 831 204 337 666 0 292 584 358 599 334 446 0 131 669 321 206 254 244 0 0 0 0 0 410 518 387 924 370 0 0 0 349 283 59 113 846 0 300 611 0 193 545 484 650 0 854 889 710 0 823 0 281 0 460 308 453 565 962 577 51 17 186 249 0 650 863 867 597 0 0 770 191 406 0 135 0 975 631 0 792 308 
0 345 88 622 192 497 607 739 281 453 198 0 473 0 466 159 933 0 800 0 594 618 227 840 538 408 0 213 109 0 422 799 739 388 0 253 459 0 0 877 0 0 0 66 37 0 724 346 651 477 0 0 0 0 0 394 750 724 0 724 547 0 262 522 0 307 249 763 0 560 100 993 108 960 0 69 701 0 367 634 310 0 963 0 808 0 441 202 82 651 0 361 374 787 574 290 932 865 707 815 231 307 364 0 0 0 0 588 510 0 247 0 478 884 41 275 325 0 388 161 784 0 350 0 905 24 418 586 697 665 182 513 125 286 871 574 0 519 776 0 179 0 26 890 376 919 369 865 339 48 789 993 0 922 326 656 967 595 722 161 517 
430 0 12 0 630 0 283 200 344 0 401 806 81 833 211 0 802 807 123 0 283 676 728 219 0 0 0 164 829 461 421 276 215 58 778 0 434 0 0 233 356 6 134 99 711 44 993 266 527 396 0 422 0 777 132 466 0 727 815 461 0 893 805 682 920 848 0 215 584 439 501 956 170 952 668 0 642 929 0 334 480 688 0 0 119 0 15 0 135 372 924 0 611 0 234 908 82 146 118 790 0 561 497 0 251 352 738 235 0 922 621 313 618 0 409 819 0 333 157 99 263 210 480 740 713 0 0 0 176 763 716 526 0 615 0 0 277 21 0 895 61 0 325 0 833 178 0 373 213 50 380 770 358 937 0 326 0 0 827 403 658 
468 243 896 167 139 705 664 675 359 759 359 804 0 537 957 0 199 0 528 125 879 719 0 474 70 0 0 592 531 77 576 277 0 337 34 906 899 877 233 0 142 879 796 166 401 652 180 169 990 851 404 773 232 315 675 473 146 576 455 359 908 59 0 815 0 0 192 0 867 745 0 531 0 876 0 470 0 148 317 740 0 946 658 800 16 0 424 40 447 156 806 292 780 849 468 338 508 637 166 970 503 252 0 258 0 834 285 114 0 697 0 429 383 266 108 697 437 675 0 513 831 106 103 430 0 9 0 0 0 0 262 0 927 615 257 0 88 0 212 447 0 713 30 929 0 811 580 502 930 197 482 736 0 6 239 672 246 42 0 265 0 
317 0 579 768 813 499 321 858 995 594 817 122 737 896 483 768 216 111 391 916 722 852 253 688 0 0 0 356 0 953 93 0 333 844 266 0 274 0 356 142 0 143 896 864 498 48 508 32 645 0 535 722 800 711 176 569 0 788 0 37 937 0 770 416 0 617 815 792 921 151 951 319 126 574 901 987 935 123 689 117 23 322 651 0 321 331 308 113 814 614 0 107 680 254 264 0 0 612 757 828 286 866 664 260 0 731 0 0 957 861 301 360 444 811 688 0 646 12 0 0 44 981 0 54 0 471 0 478 695 248 66 20 223 283 746 0 0 251 0 0 478 0 403 273 39 89 0 646 0 771 0 0 0 0 131 0 69 617 0 0 0 
0 0 333 709 0 486 932 405 147 0 140 332 779 0 98 0 710 113 0 5 0 166 118 653 0 95 10 9 375 0 787 0 921 423 705 365 710 0 6 879 143 0 116 195 0 0 289 648 290 412 863 0 166 772 136 353 837 0 191 878 0 9 774 635 0 63 837 0 0 699 327 0 0 0 190 834 0 0 0 167 748 0 498 580 0 61 768 32 382 0 0 769 662 480 645 935 0 0 75 303 729 351 769 0 0 274 324 445 48 281 718 221 40 800 185 0 680 848 641 0 707 0 962 0 0 577 907 488 0 214 404 950 614 308 398 739 245 52 872 0 515 179 249 712 0 793 0 985 307 791 104 122 0 240 0 492 191 52 0 793 0 
732 0 0 865 0 0 678 141 758 608 0 750 315 212 58 0 309 899 992 192 899 0 223 0 876 0 478 598 897 0 0 720 0 65 354 559 0 0 134 796 896 116 0 66 863 0 0 446 384 352 302 758 197 668 846 592 874 646 417 792 249 235 820 0 962 339 973 130 19 712 0 967 0 444 783 371 329 929 0 424 378 7 11 476 135 0 821 304 742 36 478 620 0 536 886 728 148 592 0 0 729 0 0 0 683 717 0 143 142 666 7 882 0 303 0 834 435 318 471 0 333 0 575 73 264 619 0 147 726 824 420 647 92 176 241 906 0 0 887 349 0 930 0 840 0 0 0 570 787 627 356 207 328 0 364 97 296 0 982 432 860 
289 251 645 0 383 148 0 0 517 822 631 901 865 481 273 0 87 906 909 415 839 745 0 31 92 595 518 0 438 759 682 903 913 13 444 0 568 66 99 166 864 195 66 0 380 618 470 0 57 0 425 942 523 243 570 139 0 276 362 308 915 930 0 0 679 505 36 0 0 116 375 364 767 0 0 0 652 0 471 0 0 978 870 602 559 0 291 616 61 990 441 210 955 0 31 295 0 145 827 63 279 64 690 0 460 207 62 576 0 0 436 25 986 0 29 179 0 129 15 0 774 0 291 561 727 117 738 674 0 0 0 335 0 546 862 0 427 0 0 0 70 933 0 0 476 498 499 79 259 0 697 53 475 944 452 0 486 278 261 884 669 
0 338 744 390 488 876 0 0 0 489 0 720 0 432 783 348 0 0 550 968 616 813 393 920 233 691 826 113 803 325 962 607 969 0 74 0 0 37 711 401 498 0 863 380 0 485 952 0 0 423 958 376 479 211 46 687 539 93 361 632 549 0 118 964 788 0 913 175 141 64 0 661 41 913 0 914 703 891 0 0 0 440 985 0 348 29 334 921 81 340 523 236 921 0 745 161 308 0 709 526 0 869 503 944 60 238 0 914 0 0 127 528 256 0 0 834 949 579 628 434 402 245 744 652 338 0 170 107 249 0 651 274 42 145 388 938 0 48 0 393 546 0 797 421 0 972 210 0 514 95 0 79 99 187 897 662 502 513 954 478 548 
412 675 829 0 887 908 833 619 6 820 210 0 0 463 0 13 0 156 0 90 191 928 411 131 492 0 632 229 245 378 190 871 750 789 44 0 433 0 44 652 48 0 0 618 485 0 45 786 0 662 0 527 400 791 979 531 496 115 575 0 569 191 0 0 928 434 0 0 842 522 145 497 0 844 737 314 0 0 756 906 107 331 0 0 949 0 17 80 336 633 0 95 0 367 0 0 0 80 915 295 0 0 544 400 0 0 0 746 0 715 813 0 0 738 597 0 138 114 723 676 702 444 0 390 0 639 208 94 610 287 136 755 709 667 103 470 120 852 13 0 980 538 209 0 177 75 334 0 0 0 454 0 216 542 530 732 662 0 523 424 0 
541 157 0 159 211 639 804 303 0 672 0 242 639 163 857 98 0 462 460 0 567 172 701 761 938 797 680 554 665 0 675 100 43 35 0 639 640 724 993 180 508 289 0 470 952 45 0 169 558 111 754 0 762 12 715 86 881 480 787 405 7 502 768 942 96 349 650 738 882 0 357 393 103 182 750 421 671 566 159 668 455 0 489 0 276 741 687 46 175 83 544 927 417 0 459 133 632 564 714 532 474 7 819 301 0 0 685 254 0 82 784 487 0 524 178 755 427 65 674 40 118 140 494 701 172 975 0 0 0 336 820 650 281 0 788 618 80 628 652 971 0 176 0 302 346 357 776 607 579 0 0 207 605 263 0 0 479 148 0 0 0 
958 501 330 6 0 698 978 656 752 340 464 816 520 0 737 592 679 435 236 398 358 0 778 0 0 0 314 32 0 932 771 78 946 0 0 207 465 346 266 169 32 648 446 0 0 786 169 0 114 918 67 0 932 499 0 75 192 507 201 0 757 0 459 672 0 144 79 255 639 38 512 446 706 0 805 468 101 73 65 549 703 0 898 804 576 218 951 0 655 72 586 249 450 614 0 485 799 230 140 333 473 0 602 507 0 960 47 725 715 0 307 115 689 180 694 0 191 632 766 0 140 0 403 514 0 60 21 859 90 0 549 443 54 680 892 760 0 375 238 122 0 61 643 204 684 946 393 185 818 671 949 105 342 411 324 554 0 951 58 0 193 
915 371 961 558 535 997 753 905 699 41 691 0 182 871 558 683 927 35 908 0 0 0 313 263 0 349 553 0 428 744 924 341 988 999 0 767 253 651 527 990 645 290 384 57 0 0 558 114 0 0 820 488 675 554 197 978 448 883 201 0 157 925 34 459 342 470 971 823 514 975 185 0 535 687 826 619 687 258 606 0 483 574 272 768 894 193 535 748 93 294 0 978 0 0 49 801 999 860 796 98 0 411 653 0 0 179 882 140 353 190 87 916 820 0 827 0 794 471 969 70 0 358 562 6 906 513 564 646 605 0 958 0 447 701 125 663 283 516 869 0 886 0 823 399 33 925 0 757 0 0 385 508 569 829 0 70 0 596 0 320 0 
841 142 0 680 273 809 0 0 0 0 290 0 132 793 78 760 204 490 377 811 409 177 586 82 0 396 726 116 797 903 880 0 997 615 67 250 14 477 396 851 0 412 352 0 423 662 111 918 0 0 143 338 181 626 93 494 89 746 259 765 642 310 314 586 500 0 541 0 93 998 0 475 273 0 759 50 0 0 693 970 896 795 618 847 848 910 713 0 488 154 0 189 688 0 0 474 456 529 0 628 182 175 651 0 799 280 852 181 577 434 193 85 0 178 0 483 954 319 143 0 0 858 799 150 768 797 0 465 999 507 702 631 564 119 305 757 0 0 171 666 984 314 837 666 747 618 882 334 970 0 216 525 846 521 0 838 20 0 744 964 983 
385 340 0 477 607 0 146 963 58 0 739 172 735 454 0 476 626 0 627 300 751 658 456 571 0 774 971 0 821 870 874 209 0 595 0 0 775 0 0 404 535 863 302 425 958 0 754 67 820 143 0 205 487 674 226 90 654 0 0 0 117 202 700 726 0 257 996 613 801 0 956 186 306 675 624 0 723 291 505 779 586 668 362 877 636 0 286 37 798 310 985 208 807 305 804 0 679 211 9 65 792 0 0 434 605 0 199 0 230 663 0 71 0 0 296 325 717 771 737 0 132 343 12 0 41 652 309 350 0 0 290 303 332 0 0 0 889 25 0 522 868 603 276 760 774 348 745 706 11 696 889 655 982 0 634 0 724 306 429 491 0 
865 428 511 511 99 167 258 424 303 559 191 712 81 12 955 0 0 305 0 896 416 612 214 61 0 303 185 0 773 668 396 0 924 0 331 0 0 0 422 773 722 0 758 942 376 527 0 0 488 338 205 0 146 807 751 520 514 149 0 0 115 132 0 222 773 612 877 0 813 212 284 939 0 289 0 949 0 514 716 792 877 582 995 124 570 0 917 0 811 327 443 736 801 0 849 829 149 355 0 0 546 620 459 910 475 298 863 624 0 326 0 715 800 134 187 248 0 266 0 673 27 0 875 931 879 974 809 875 833 4 509 845 672 0 0 0 200 498 792 0 296 0 980 0 348 871 164 0 0 161 157 622 865 922 0 0 873 807 95 460 535 
0 442 0 890 213 204 637 766 709 0 503 969 447 852 0 440 17 0 0 977 852 601 233 347 73 0 455 289 554 339 197 136 142 617 482 685 0 0 0 232 800 166 197 523 479 400 762 932 675 181 487 146 0 0 337 376 555 324 0 0 887 0 819 733 112 0 470 0 0 705 978 302 30 954 0 116 99 767 384 0 278 538 540 344 37 488 0 0 349 951 767 0 0 532 0 0 545 833 900 922 241 771 944 0 0 262 530 199 681 390 391 686 164 291 813 775 699 400 146 0 165 0 494 96 0 0 856 793 0 379 0 0 570 78 0 331 106 0 0 763 855 255 635 982 59 0 448 0 0 637 119 659 0 645 955 325 420 562 850 0 648 
0 0 872 0 886 216 890 0 737 0 767 196 727 0 0 808 0 0 389 944 847 356 65 903 205 358 0 237 726 671 0 0 99 150 0 303 687 0 777 315 711 772 668 243 211 791 12 499 554 626 674 807 0 0 0 512 457 0 0 728 294 0 512 0 438 880 0 242 432 0 0 40 810 503 891 270 238 0 993 547 42 374 372 54 0 204 426 673 431 317 0 341 214 0 735 173 330 709 766 856 421 0 0 413 0 942 0 767 944 0 136 0 613 338 605 0 827 437 336 0 540 0 11 0 0 848 209 0 0 0 796 0 86 751 532 0 804 683 0 512 378 278 340 648 366 0 84 753 727 759 0 0 0 0 0 501 0 532 274 0 166 
853 924 291 0 744 0 720 387 0 848 0 283 200 177 680 708 0 835 197 257 0 981 571 832 570 425 0 635 700 0 309 611 517 145 202 480 0 0 132 675 176 136 846 570 46 979 715 0 197 93 226 751 337 0 0 265 727 252 403 285 0 0 235 463 141 0 9 913 0 0 784 573 89 673 0 685 967 95 0 0 186 803 139 0 679 0 397 400 0 1 83 974 238 138 200 505 795 783 773 0 0 0 0 505 514 0 0 238 51 0 498 0 0 640 346 593 0 946 154 240 480 994 70 0 0 0 0 213 550 719 431 377 50 338 827 0 355 748 95 634 3 940 83 433 356 0 95 0 0 734 219 891 352 0 432 0 736 229 0 0 0 
864 860 481 442 648 34 0 597 0 910 0 693 639 665 368 962 279 0 0 978 165 0 261 371 895 399 778 953 0 992 0 643 479 0 824 719 733 394 466 473 569 353 592 139 687 531 86 75 978 494 90 520 376 512 265 0 60 613 336 137 0 663 932 0 103 153 912 941 695 875 0 475 656 0 471 0 642 0 480 0 14 176 0 184 0 0 0 183 0 863 580 267 803 938 630 182 52 249 461 967 711 571 848 176 316 0 868 506 852 700 556 9 511 36 357 117 0 556 682 770 0 537 680 97 193 88 799 399 0 417 149 595 28 820 0 102 0 0 574 0 751 285 184 0 490 105 399 650 0 314 346 0 895 764 245 0 0 705 471 0 604 
408 0 210 281 0 771 871 517 0 0 329 114 733 0 698 940 839 946 557 451 419 267 16 0 403 522 0 829 0 0 0 350 256 756 507 571 717 750 0 146 0 837 874 0 539 496 881 192 448 89 654 514 555 457 727 60 0 972 132 13 896 959 0 0 0 296 410 0 94 745 0 518 234 620 994 686 180 785 334 421 941 411 678 134 0 209 468 0 259 0 328 344 102 889 0 0 0 0 0 0 756 0 857 0 873 704 23 206 0 0 0 622 107 0 821 356 829 273 0 296 582 179 815 610 412 0 892 502 799 0 942 165 849 261 428 0 171 460 124 695 704 451 0 0 400 701 565 52 710 0 73 889 0 158 949 106 618 51 296 170 288 
89 0 291 891 257 0 0 810 40 433 341 314 608 420 704 361 343 985 0 560 897 945 383 0 0 0 504 0 438 986 0 723 0 438 154 849 617 724 727 576 788 0 646 276 93 115 480 507 883 746 0 149 324 0 252 613 972 0 0 0 338 943 0 785 142 0 131 0 0 421 386 642 0 514 848 499 336 728 541 937 60 0 38 349 127 910 840 383 0 351 220 0 0 842 680 114 842 579 239 750 410 796 0 114 983 859 326 144 851 233 0 568 784 700 0 942 0 470 181 391 582 974 0 0 486 715 834 322 756 102 652 410 0 994 0 501 498 0 694 0 222 230 34 0 828 0 0 288 0 596 0 743 679 63 694 863 0 0 0 351 280 
251 630 166 396 456 0 681 596 543 134 462 222 413 379 38 529 0 0 866 0 686 113 0 0 0 436 147 953 317 592 0 812 876 796 237 0 9 0 815 455 0 191 417 362 361 575 787 201 201 259 0 0 0 0 403 336 132 0 0 839 907 0 0 10 0 302 908 0 940 468 0 526 0 137 394 80 374 0 881 949 556 577 314 183 0 119 370 650 60 48 0 624 100 323 687 0 621 0 940 0 180 420 437 0 396 77 585 0 495 91 0 426 727 0 0 68 0 325 960 861 836 292 39 0 0 859 673 282 615 578 314 0 629 893 354 782 112 760 771 0 0 107 42 706 335 118 0 0 0 0 963 0 869 0 0 525 373 718 0 0 242 
0 0 898 262 0 0 0 682 185 227 358 600 962 827 0 482 358 370 552 0 0 0 810 877 0 370 883 0 0 763 832 0 762 586 48 635 0 724 461 359 37 878 792 308 632 0 405 0 0 765 0 0 0 728 285 137 13 0 839 0 87 456 45 686 528 892 971 340 0 368 907 913 685 533 494 338 352 0 258 665 382 459 940 933 899 0 819 595 391 399 0 880 165 0 944 936 0 0 0 213 692 852 0 313 490 409 21 0 249 906 236 165 346 160 856 0 0 318 539 11 0 713 142 939 147 938 0 821 0 821 157 884 766 0 930 635 146 698 185 799 0 639 370 0 202 66 0 32 564 20 488 336 0 0 156 0 0 627 738 500 222 
858 923 0 808 0 209 952 289 185 685 0 169 0 299 765 725 861 0 277 0 0 575 878 942 873 504 97 909 0 424 306 561 864 783 0 0 797 547 0 908 937 0 249 915 549 569 7 757 157 642 117 115 887 294 0 0 896 338 907 87 0 759 0 481 493 365 551 749 0 964 958 76 92 0 105 433 78 291 619 677 254 351 887 660 815 698 525 181 547 329 724 571 130 874 574 812 915 0 887 817 556 985 186 614 276 857 0 0 827 0 677 562 62 83 528 449 557 0 0 299 620 0 667 773 0 118 0 202 0 569 680 0 0 86 967 0 142 827 679 404 119 682 600 513 621 879 768 876 606 903 614 839 797 433 0 898 37 270 563 31 16 
619 609 0 0 439 0 511 424 280 239 655 685 811 205 552 932 804 640 3 485 446 229 706 929 88 0 71 904 752 886 0 877 0 105 0 806 681 0 893 59 0 9 235 930 0 191 502 0 925 310 202 132 0 0 0 663 959 943 0 456 759 0 438 286 712 654 282 293 904 252 0 782 970 123 197 354 424 638 375 199 656 128 0 0 0 636 441 509 637 786 563 403 959 0 0 175 822 496 821 344 138 0 523 0 418 426 0 241 0 645 0 0 619 0 0 780 455 366 899 0 0 220 967 902 0 23 680 300 472 0 523 0 285 255 73 937 157 817 0 415 983 0 600 0 574 0 0 754 385 0 21 527 0 785 890 856 844 53 294 102 61 
87 633 558 0 0 0 186 71 976 726 923 93 0 247 613 437 400 939 0 643 449 0 787 52 0 144 418 544 274 0 768 504 595 0 946 866 981 262 805 0 770 774 820 0 118 0 768 459 34 314 700 0 819 512 235 932 0 0 0 45 0 438 0 0 899 108 440 732 444 37 0 92 902 0 0 144 913 22 444 807 460 20 157 37 0 0 890 195 0 382 786 0 795 0 424 0 755 0 926 148 0 965 987 174 826 659 858 0 0 392 923 0 34 0 256 0 283 68 86 0 290 337 187 0 71 637 527 0 815 237 212 858 591 808 380 717 692 0 772 0 498 0 985 0 0 966 446 0 928 634 426 893 359 0 467 346 840 202 0 865 0 
539 0 257 394 187 556 164 316 744 626 0 124 290 249 109 686 11 113 781 93 591 0 396 317 636 341 724 850 892 845 480 734 0 0 673 0 0 522 682 815 416 635 0 0 964 0 942 672 459 586 726 222 733 0 463 0 0 785 10 686 481 286 0 0 0 0 0 40 99 640 0 879 953 849 397 64 22 687 0 691 286 0 822 0 308 305 432 858 590 853 645 842 190 581 0 805 0 615 236 175 478 123 263 162 521 168 0 585 0 210 436 233 321 0 487 0 49 129 0 384 779 808 256 0 129 761 310 0 0 770 960 9 608 706 774 549 852 515 657 212 0 665 325 307 697 0 353 549 972 822 710 213 403 985 0 865 207 182 766 0 0 
0 0 0 0 0 939 0 848 0 666 0 0 620 843 59 132 835 0 535 980 916 621 910 794 0 253 562 149 842 643 0 0 555 760 0 147 762 0 920 0 0 0 962 679 788 928 96 0 342 500 0 773 112 438 141 103 0 142 0 528 493 712 899 0 0 533 0 48 671 799 230 856 238 482 0 0 407 378 0 548 441 619 462 709 0 305 220 0 564 737 682 677 822 960 400 758 0 494 552 0 381 995 753 0 97 414 816 0 584 321 956 128 854 621 239 485 0 0 856 540 464 821 114 291 252 908 0 0 0 859 956 78 533 222 610 296 730 7 662 0 844 289 14 482 826 0 199 357 398 0 865 842 0 311 909 454 269 650 406 975 21 
593 155 793 46 454 539 0 511 877 516 755 57 978 177 590 255 322 663 956 0 0 624 998 974 168 0 0 48 0 129 951 0 0 0 0 0 750 307 848 0 617 63 339 505 0 434 349 144 470 0 257 612 0 880 0 153 296 0 302 892 365 654 108 0 533 0 97 0 844 0 99 92 33 398 244 754 397 636 641 0 116 857 0 551 344 149 0 24 691 742 0 0 164 781 727 0 0 846 0 57 737 616 975 30 721 10 0 52 0 266 24 526 746 634 40 312 0 416 0 0 0 935 510 413 499 671 55 167 0 237 734 561 984 0 477 211 641 807 0 148 100 944 0 0 232 991 918 921 655 0 868 660 504 613 488 905 142 875 863 40 413 
129 226 223 56 883 0 701 172 431 761 358 415 0 0 482 913 985 0 324 645 818 0 0 60 279 585 0 648 970 0 605 184 32 514 517 0 0 249 0 192 815 837 973 36 913 0 650 79 971 541 996 877 470 0 9 912 410 131 908 971 551 282 440 0 0 97 0 780 330 31 650 393 0 0 456 20 944 982 251 0 862 131 138 372 657 0 102 182 287 0 568 209 524 885 802 30 107 415 0 495 590 811 268 122 959 442 72 754 5 228 0 0 874 758 962 945 0 0 395 805 578 825 106 795 681 460 387 154 0 0 420 578 467 159 912 711 465 0 466 173 801 693 839 0 141 0 0 110 349 806 883 364 0 0 380 867 0 677 686 791 997 
212 181 266 375 0 83 69 0 903 366 354 427 984 995 748 0 836 453 445 215 697 0 215 0 0 976 599 0 27 899 0 339 95 386 218 648 934 763 215 0 792 0 130 0 175 0 738 255 823 0 613 0 0 242 913 941 0 0 0 340 749 293 732 40 48 0 780 0 148 964 265 0 327 431 0 604 690 0 620 514 680 692 487 886 73 0 231 0 134 0 0 484 325 555 0 966 615 481 0 34 0 602 666 219 409 743 939 344 71 495 361 586 121 105 212 879 549 369 430 217 193 0 686 0 881 0 856 310 804 650 881 990 607 801 207 65 565 153 0 619 141 331 579 842 0 0 44 657 293 693 315 690 373 792 131 252 662 90 276 243 0 
0 370 993 281 781 539 202 0 0 548 803 0 328 646 851 255 697 0 179 0 140 470 475 182 741 480 691 571 492 237 0 588 604 183 966 0 246 0 584 867 921 0 19 0 141 842 882 639 514 93 801 813 0 432 0 695 94 0 940 0 0 904 444 99 671 844 330 148 0 76 531 75 204 808 380 329 599 0 0 0 284 0 788 781 31 0 0 502 494 796 715 608 0 979 0 210 0 955 932 355 95 153 441 0 933 723 0 0 305 0 0 87 118 0 973 489 66 547 276 38 607 848 845 641 203 0 613 504 302 0 941 663 0 240 717 416 30 253 69 655 150 0 744 105 0 599 555 149 363 0 118 0 242 581 867 598 268 368 378 992 535 
2 51 973 704 644 0 0 459 518 685 67 230 157 568 65 694 0 948 0 908 977 864 848 0 584 0 798 745 907 521 169 585 871 504 190 187 695 560 439 745 151 699 712 116 64 522 0 38 975 998 0 212 705 0 0 875 745 421 468 368 964 252 37 640 799 0 31 964 76 0 883 599 0 659 173 860 0 302 979 0 0 687 39 1 0 54 142 982 876 647 0 367 0 821 156 175 171 439 0 918 816 571 247 0 996 738 0 0 0 755 905 0 912 738 395 747 0 667 562 0 591 469 521 0 641 0 347 265 203 0 472 0 0 240 0 823 643 844 552 979 0 912 704 608 0 560 435 785 837 274 155 647 557 583 0 923 613 0 595 281 445 
731 761 0 929 501 0 907 342 651 791 957 175 252 967 494 614 185 0 247 289 438 934 0 0 933 523 0 316 173 919 593 626 939 502 171 243 756 100 501 0 951 327 0 375 0 145 357 512 185 0 956 284 978 0 784 0 0 386 0 907 958 0 0 0 230 99 650 265 531 883 0 0 543 0 146 826 178 57 431 594 0 768 804 0 0 10 991 262 207 54 97 629 221 647 491 967 173 3 806 428 841 0 148 0 948 0 358 532 651 537 0 176 304 0 0 0 652 370 0 879 329 717 25 0 0 0 949 225 16 359 702 541 0 888 306 7 827 424 0 561 499 0 0 723 376 487 309 0 711 330 173 870 325 336 261 611 430 604 0 464 340 
732 292 36 203 316 596 525 669 416 466 594 502 504 366 0 49 342 0 557 868 180 532 494 201 0 0 142 0 297 727 480 0 811 213 211 660 950 993 956 531 319 0 967 364 661 497 393 446 0 475 186 939 302 40 573 475 518 642 526 913 76 782 92 879 856 92 393 0 75 599 0 0 921 463 0 0 730 66 0 1 0 284 0 291 857 24 590 0 197 65 610 0 0 0 975 207 115 0 0 654 969 0 850 0 707 75 609 654 136 0 86 205 612 0 0 276 560 619 0 185 0 0 358 628 0 316 839 130 755 430 27 499 0 770 0 0 314 716 520 574 0 0 874 393 934 665 588 0 810 0 0 126 403 0 0 411 358 0 894 594 185 
