0 945 367 260 762 0 0 811 0 230 450 352 0 752 0 0 821 52 857 52 552 82 191 641 674 455 777 0 0 817 0 400 0 995 4 0 556 0 576 754 672 937 937 330 0 881 578 939 159 752 264 0 797 84 0 0 0 630 939 0 0 847 912 983 811 752 974 138 467 693 888 115 0 0 502 206 241 0 0 171 112 0 741 11 70 457 388 971 945 213 0 164 335 575 898 26 605 149 138 287 292 765 68 246 347 191 0 864 35 524 624 349 63 542 591 355 947 96 463 0 0 712 917 910 748 0 0 834 391 0 523 738 157 904 300 882 0 219 0 647 0 0 231 0 464 811 103 737 202 529 982 388 0 397 783 0 812 823 0 926 783 346 465 227 446 192 0 216 0 395 0 952 0 123 812 605 767 0 13 641 305 479 0 609 706 648 0 3 0 0 0 19 9 783 238 640 0 475 0 794 876 120 472 0 642 213 186 590 326 583 408 0 0 184 38 112 0 752 0 665 123 0 9 662 
945 0 509 231 0 828 193 0 0 480 0 949 408 881 209 0 155 711 858 522 0 0 0 962 989 731 371 594 192 920 669 0 241 0 302 793 263 346 496 579 770 332 199 240 0 528 0 454 946 605 696 181 609 502 0 0 944 161 647 524 385 84 684 606 202 914 705 964 795 0 0 905 998 286 541 728 0 116 736 106 823 320 266 273 0 977 238 622 753 830 293 0 0 530 642 0 0 253 0 258 0 898 0 403 39 0 926 178 5 891 530 499 0 726 0 873 731 311 646 925 539 0 0 0 378 580 658 861 0 0 786 255 0 497 557 0 854 119 138 0 0 0 824 157 0 0 949 938 271 959 0 824 70 0 873 388 451 103 0 177 32 57 31 699 733 844 832 100 97 0 280 429 168 613 0 336 575 994 0 375 85 342 96 536 864 846 0 461 156 0 623 0 926 140 263 0 837 929 604 149 0 85 888 982 667 73 0 0 921 0 273 487 378 0 210 0 392 165 78 158 667 22 0 790 
367 509 0 0 0 371 859 723 224 662 276 552 0 402 853 426 998 305 837 0 142 0 539 605 0 16 0 333 637 0 59 0 81 210 254 309 0 909 207 333 0 641 983 559 874 0 0 0 696 560 0 924 0 458 804 315 202 896 0 958 456 839 67 989 761 650 0 90 509 731 850 0 0 547 509 525 71 0 503 779 0 272 286 0 850 123 678 2 110 641 39 0 647 367 228 0 0 280 878 0 404 891 0 161 0 681 704 290 266 652 0 470 0 76 7 0 698 573 266 0 0 952 250 10 643 222 7 955 801 545 286 0 508 82 989 388 0 454 970 910 763 478 617 922 688 913 718 0 303 806 999 563 677 870 986 556 0 169 0 984 0 0 790 598 213 0 715 90 462 0 241 217 498 564 125 9 655 512 915 438 0 831 350 0 289 301 247 786 365 634 56 0 0 172 569 755 868 507 0 521 0 842 797 570 74 871 0 0 784 0 0 364 432 401 861 659 0 761 812 829 453 0 210 791 
260 231 0 0 449 423 134 283 0 214 169 175 0 0 254 88 506 165 191 206 646 540 946 0 243 672 95 826 237 0 583 0 0 409 287 0 13 0 551 359 0 0 225 636 0 0 224 0 146 283 359 76 0 236 0 0 51 597 125 625 392 604 27 0 458 677 946 276 0 0 551 950 433 401 319 0 0 336 451 493 428 404 28 0 259 996 817 733 794 102 871 707 610 0 695 0 108 47 0 0 196 718 876 0 212 93 542 134 571 0 337 605 725 994 0 324 0 196 10 104 793 0 0 95 238 624 526 0 623 381 559 0 400 561 0 664 220 410 655 790 640 582 296 827 0 978 442 0 0 467 261 0 573 0 0 945 148 356 375 970 918 987 0 32 666 95 0 573 329 404 0 0 23 688 855 795 0 0 962 0 121 0 920 879 0 916 154 395 130 0 887 585 473 676 246 446 0 870 343 601 824 646 690 111 0 922 392 947 0 633 346 728 0 643 947 0 0 416 581 0 839 592 252 43 
762 0 0 449 0 704 727 0 645 619 0 864 267 604 0 248 553 895 278 0 68 484 0 0 699 0 4 0 449 602 685 547 717 0 301 0 662 748 190 428 568 311 248 555 979 619 326 788 480 0 0 10 0 0 243 0 0 42 809 732 956 856 823 108 761 611 0 240 0 0 857 529 401 715 691 128 774 996 888 482 346 933 0 12 844 586 533 166 922 580 574 0 538 963 349 500 794 386 0 392 281 580 740 0 314 59 987 0 843 26 437 0 903 189 551 995 120 994 985 605 15 0 273 0 947 555 414 919 806 0 0 10 0 348 0 455 758 26 219 335 209 287 355 640 189 206 0 831 148 681 0 996 0 14 906 607 982 0 748 75 0 241 0 589 893 0 892 843 14 585 987 725 636 124 111 706 729 0 19 141 122 946 549 352 0 776 883 492 905 0 922 242 450 0 944 0 881 625 767 903 30 825 82 721 65 77 43 714 0 0 923 615 373 0 592 0 302 0 169 453 398 0 146 168 
0 828 371 423 704 0 72 40 289 833 0 857 0 0 108 0 941 0 0 270 583 122 925 357 340 105 312 441 667 0 0 551 623 399 973 648 0 0 331 131 109 782 0 946 0 197 908 782 0 0 501 375 666 472 733 0 187 0 0 349 72 871 0 27 764 873 762 344 304 211 0 367 303 0 477 34 0 0 0 968 0 379 509 0 27 118 115 423 109 603 924 880 0 3 629 305 0 891 99 0 23 645 0 635 334 0 986 618 888 861 327 165 655 773 0 288 631 0 501 822 703 719 360 835 427 190 0 32 0 302 862 866 510 952 318 948 57 306 460 0 464 335 343 537 983 0 992 527 643 519 787 409 0 217 5 959 329 727 641 81 357 299 0 462 407 352 815 252 577 229 0 782 0 0 55 0 0 107 266 397 907 370 158 0 227 0 582 443 0 435 489 944 796 110 810 428 0 342 0 993 578 0 258 0 472 382 0 682 451 922 0 526 230 787 0 345 438 828 844 162 0 503 646 39 
0 193 859 134 727 72 0 116 0 45 0 374 658 779 681 0 0 436 0 811 217 254 0 135 579 827 0 261 66 139 498 174 0 836 244 389 974 260 379 663 0 441 0 0 775 614 156 0 0 209 0 0 831 652 0 732 565 0 597 404 66 555 0 222 0 0 10 194 944 923 200 839 926 989 809 209 894 128 187 290 263 0 771 0 163 683 0 634 540 633 37 30 526 0 619 258 0 690 621 653 0 337 895 0 824 0 620 0 57 372 71 46 339 945 959 738 196 0 0 190 825 751 84 493 482 755 321 447 0 797 189 273 938 109 983 797 951 693 632 563 0 0 915 623 0 140 171 0 794 985 0 0 850 119 237 401 621 569 0 0 394 0 0 193 0 653 771 0 155 645 976 0 0 976 434 417 0 0 212 0 872 0 172 0 446 284 87 18 156 952 892 0 108 210 149 656 206 0 810 903 0 0 470 952 936 527 928 345 0 748 14 423 378 903 86 782 0 424 715 766 160 390 923 70 
811 0 723 283 0 40 116 0 0 553 359 0 888 115 913 766 855 510 764 523 0 391 944 0 690 479 273 0 0 817 716 0 0 184 517 602 0 0 494 367 0 683 746 793 275 719 928 215 0 0 0 0 0 206 0 587 228 181 0 89 0 636 84 471 755 547 902 116 0 727 842 442 0 617 0 934 0 195 0 665 602 0 43 132 302 376 0 122 112 0 160 433 0 306 0 177 0 460 204 714 85 396 522 716 0 656 159 989 480 18 0 286 863 493 0 474 410 0 942 0 998 226 451 0 550 0 0 0 245 847 0 621 0 713 856 497 0 184 0 273 0 927 963 666 86 526 184 422 616 629 542 476 733 0 212 0 0 323 383 978 0 726 0 7 847 328 0 0 628 718 610 314 240 0 0 579 913 103 303 0 142 944 0 0 527 0 230 0 567 0 876 0 516 645 0 129 593 983 411 192 629 989 395 659 182 541 845 113 438 922 367 841 677 901 110 290 136 550 0 952 746 214 853 419 
0 0 224 0 645 289 0 0 0 27 385 0 37 639 0 476 858 0 0 120 737 0 30 426 480 953 0 41 0 91 0 819 0 611 0 891 429 77 585 2 25 0 528 980 0 0 483 133 78 0 971 386 0 338 829 0 555 0 0 32 394 0 37 0 397 0 706 744 121 713 941 893 62 0 13 516 0 0 161 969 515 744 0 813 0 627 160 942 329 695 581 60 645 0 701 0 584 0 567 199 0 393 197 0 0 0 0 0 967 0 682 570 87 94 578 102 0 96 997 141 341 302 0 307 0 540 289 0 860 0 287 0 451 519 273 932 425 928 0 103 217 991 0 0 51 670 679 0 0 0 848 227 636 0 533 0 289 0 275 467 486 443 0 325 395 790 0 0 457 657 488 650 874 94 0 778 707 502 0 226 412 611 462 47 491 0 0 713 0 0 888 318 485 335 978 351 0 354 528 0 622 548 766 806 586 216 270 154 104 663 328 133 388 0 623 716 973 812 50 238 293 349 665 0 
230 480 662 214 619 833 45 553 27 0 0 531 780 0 0 997 449 731 715 0 289 0 594 215 939 96 902 0 399 343 734 653 665 0 421 884 92 0 665 196 135 0 62 370 0 528 0 754 4 0 559 326 935 53 0 224 506 913 0 338 413 421 0 453 201 576 0 441 243 0 893 0 0 629 277 704 149 0 356 848 259 812 704 757 930 0 315 740 0 0 965 613 846 0 618 208 0 885 0 919 28 94 600 387 149 481 376 0 932 64 0 968 561 540 0 965 581 902 200 904 0 149 49 0 101 289 571 523 322 444 551 476 857 425 573 0 0 933 21 102 406 88 711 901 357 292 924 950 0 173 277 711 0 265 193 399 0 173 668 0 0 452 530 0 882 597 0 599 0 540 0 0 0 564 696 189 680 67 0 0 363 452 588 0 0 0 452 0 783 0 394 598 423 98 364 0 888 237 665 0 649 181 0 0 595 573 345 608 638 671 586 0 0 658 0 993 760 769 285 341 893 991 328 715 
450 0 276 169 0 0 0 359 385 0 0 29 0 0 0 446 509 560 0 0 921 875 876 433 465 777 757 581 0 0 120 291 689 874 600 178 500 909 614 174 0 0 991 585 700 134 217 427 987 531 326 0 921 0 0 797 0 186 89 252 438 598 0 502 165 531 902 12 0 452 0 365 0 589 227 0 383 719 47 231 219 0 322 445 361 0 525 0 167 662 0 262 280 26 135 596 270 0 811 362 501 892 0 757 506 470 333 0 367 953 0 283 0 568 0 285 845 972 54 102 0 30 848 564 113 682 0 0 940 448 907 433 745 954 0 394 5 677 0 0 946 624 116 125 202 805 0 529 648 301 424 879 0 838 106 344 0 259 435 896 562 137 0 939 734 0 588 198 0 525 139 160 283 0 436 678 889 391 329 859 62 374 994 0 268 569 156 133 0 78 473 0 960 832 998 0 111 0 253 0 0 687 38 483 208 457 467 0 896 195 601 547 893 141 535 407 74 232 0 0 191 0 0 308 
352 949 552 175 864 857 374 0 0 531 29 0 206 397 132 349 993 167 915 784 613 298 210 744 52 838 0 855 881 0 462 431 131 275 0 681 0 704 374 81 376 28 279 568 445 668 0 0 446 950 245 151 0 0 939 787 334 988 565 261 0 365 0 0 829 772 829 360 0 0 398 115 714 585 768 605 9 310 281 219 981 320 106 187 0 384 131 859 0 541 244 0 764 944 835 224 0 98 0 441 0 814 255 183 0 694 232 9 390 256 362 163 299 155 0 965 924 973 403 119 0 742 68 971 367 127 406 142 419 311 684 290 509 47 453 424 764 972 22 824 0 0 801 651 460 80 789 0 418 0 227 162 639 635 375 683 568 997 132 265 0 785 757 0 629 154 0 837 671 172 292 195 501 0 35 205 598 31 354 0 310 324 601 300 0 702 0 0 914 924 0 485 168 0 591 0 426 735 803 0 97 163 639 0 173 0 69 201 327 786 923 167 245 575 994 0 385 834 959 0 0 580 286 479 
0 408 0 0 267 0 658 888 37 780 0 206 0 805 0 0 510 831 86 270 225 0 488 903 0 940 0 32 832 781 691 0 562 290 598 452 881 669 612 0 427 0 240 408 832 371 702 268 271 779 113 164 286 0 521 120 23 138 226 0 401 667 362 759 352 549 17 106 50 806 0 0 811 58 618 122 583 862 713 552 245 913 0 0 373 826 478 674 0 368 568 358 331 859 567 878 74 234 0 359 669 0 0 0 780 87 417 186 0 187 608 262 485 0 0 110 610 744 0 542 0 969 353 758 52 489 426 28 0 0 267 52 760 0 0 339 0 754 258 135 458 0 279 299 415 0 8 933 809 0 657 81 0 999 436 245 463 621 0 533 708 922 686 829 0 789 0 936 268 0 248 913 276 703 78 218 266 376 922 0 82 458 350 268 0 399 605 623 711 54 0 794 0 0 763 0 830 954 0 0 442 759 0 0 18 510 320 359 158 995 288 501 0 975 914 989 894 0 274 512 0 332 0 0 
752 881 402 0 604 0 779 115 639 0 0 397 805 0 45 296 159 660 267 380 675 0 365 0 105 763 437 273 0 675 0 0 0 542 0 494 420 318 0 595 0 966 715 840 110 372 505 952 163 102 534 3 216 0 586 277 110 0 992 198 233 867 459 0 539 0 621 0 694 119 703 666 754 0 659 103 0 0 0 732 201 0 770 0 276 631 805 253 693 310 109 575 989 812 176 157 634 939 159 503 0 362 870 0 786 718 0 0 745 451 200 876 0 331 291 196 779 0 0 939 338 465 529 0 734 390 110 0 548 891 894 16 970 565 536 0 995 325 0 186 0 0 832 411 253 862 38 29 446 0 467 451 431 326 16 734 471 110 455 0 0 808 0 0 388 949 6 499 94 444 709 36 528 441 0 643 636 0 136 692 705 969 156 0 474 333 309 817 843 0 97 690 54 501 569 247 9 820 941 851 0 215 776 454 435 101 391 0 281 0 863 19 67 996 406 716 898 134 521 528 0 0 172 0 
0 209 853 254 0 108 681 913 0 0 0 132 0 45 0 68 0 542 401 591 399 5 0 154 0 394 46 79 301 795 437 0 734 511 613 0 659 0 66 0 526 993 305 159 0 0 589 165 342 518 0 261 0 469 446 0 79 51 100 0 245 0 740 0 0 209 0 131 475 447 18 815 809 577 954 399 717 848 929 0 827 380 0 155 858 570 867 231 264 700 273 0 427 549 0 0 5 0 836 0 965 416 559 570 17 814 0 0 707 0 857 14 842 455 0 682 816 315 9 137 0 546 683 113 0 0 298 402 306 732 493 883 464 819 618 114 106 808 609 566 444 0 0 744 584 0 854 556 453 527 422 0 259 0 0 519 589 0 758 167 214 0 354 297 712 0 201 688 0 864 258 346 0 536 399 0 732 316 353 905 400 808 317 462 635 255 0 199 867 594 18 343 872 0 414 499 0 447 688 645 851 592 280 0 830 957 0 202 302 0 134 59 530 229 457 868 0 0 615 0 467 0 848 0 
0 0 426 88 248 0 0 766 476 997 446 349 0 296 68 0 0 129 144 802 0 245 777 0 0 227 965 0 361 237 799 459 814 174 946 750 734 574 0 624 56 924 713 854 250 0 382 561 0 310 197 0 0 790 958 0 486 319 733 320 491 752 895 875 951 0 0 0 486 684 0 646 629 0 872 119 205 357 0 763 1 412 0 0 692 265 0 0 11 0 776 0 398 59 0 223 0 408 7 172 806 0 972 454 988 741 617 720 620 471 236 642 680 806 0 0 642 785 469 586 567 239 325 228 0 840 328 975 944 0 162 922 47 0 671 829 566 62 430 877 792 39 73 132 130 0 913 0 185 664 777 664 76 0 912 32 0 648 998 0 371 529 9 0 0 446 0 555 916 433 429 0 86 283 0 261 381 865 0 369 840 690 82 936 937 253 68 631 0 954 233 295 628 872 0 640 35 845 631 424 0 707 733 437 610 904 262 0 0 87 0 0 446 693 0 893 81 0 526 694 694 817 0 743 
821 155 998 506 553 941 0 855 858 449 509 993 510 159 0 0 0 0 360 0 431 327 0 353 803 68 0 856 0 0 381 213 124 0 0 0 428 112 985 804 437 475 191 103 953 908 860 762 379 20 742 981 262 122 351 0 0 686 934 471 0 397 27 508 709 680 829 612 608 0 0 786 455 0 183 871 303 0 588 0 229 671 0 884 389 0 166 857 959 924 396 822 97 631 219 260 0 294 216 0 648 626 698 791 204 233 0 715 797 489 251 94 170 341 254 752 0 371 420 899 793 530 0 0 0 0 578 42 598 626 314 212 425 81 560 0 406 249 975 0 733 211 42 0 0 0 927 312 182 628 856 600 963 0 255 454 972 808 629 589 0 0 700 135 594 609 405 357 183 185 262 382 256 873 689 481 505 0 455 487 691 999 789 108 0 775 894 694 150 0 0 934 243 32 0 860 267 61 198 337 904 343 0 434 446 0 689 0 189 62 0 644 0 735 629 667 0 0 458 137 588 667 427 177 
52 711 305 165 895 0 436 510 0 731 560 167 831 660 542 129 0 0 478 0 418 0 175 0 0 407 15 624 259 947 359 668 0 524 54 603 0 529 0 317 865 389 866 372 484 0 477 119 696 0 817 829 565 432 789 224 811 0 655 339 0 399 836 528 0 688 388 681 489 386 68 563 0 894 293 453 63 747 646 884 102 764 393 927 766 577 65 0 0 490 916 459 0 0 0 744 0 0 0 0 332 766 0 770 61 977 761 634 617 686 187 822 842 732 879 907 260 707 893 0 275 784 506 32 0 919 762 127 70 131 897 866 604 976 227 0 0 964 474 665 969 68 476 195 555 0 688 416 860 623 695 908 730 794 476 0 402 0 615 166 0 627 100 840 0 144 21 444 316 697 0 0 0 606 159 705 321 15 528 124 867 787 0 980 0 0 579 0 127 0 771 0 774 43 0 210 0 84 959 783 417 947 363 516 201 400 282 440 23 851 994 980 552 823 938 0 544 909 905 569 0 476 369 681 
857 858 837 191 278 0 0 764 0 715 0 915 86 267 401 144 360 478 0 746 69 976 180 449 133 0 605 760 938 0 993 59 707 48 641 0 251 221 225 634 343 825 0 524 76 236 193 648 102 503 113 0 425 368 0 635 73 889 538 295 532 460 0 0 676 817 0 0 910 399 537 441 735 678 206 204 59 668 0 0 0 815 0 856 439 120 427 0 493 224 116 938 0 290 985 0 0 681 473 180 559 0 513 57 20 420 829 0 289 449 0 404 442 957 68 0 801 455 453 646 387 641 0 902 65 251 372 0 287 184 998 447 32 85 756 878 0 924 180 756 668 901 0 841 873 0 155 396 344 214 459 877 185 325 0 318 949 257 232 0 234 477 153 141 719 0 646 480 0 471 0 24 863 635 254 159 880 88 0 330 0 263 360 692 0 370 343 0 0 819 706 0 304 255 0 277 545 454 0 467 124 0 0 0 73 80 276 566 41 255 353 0 661 780 666 0 381 620 148 649 340 327 337 784 
52 522 0 206 0 270 811 523 120 0 0 784 270 380 591 802 0 0 746 0 275 87 0 0 930 459 713 107 0 740 0 300 167 973 107 0 970 869 285 0 572 24 114 998 249 606 164 0 411 834 0 736 0 359 65 417 0 133 0 415 0 683 306 0 271 46 0 881 20 852 462 732 0 711 734 814 976 400 925 998 0 204 0 154 483 973 992 413 37 159 0 838 810 0 13 280 928 0 701 0 219 651 615 874 903 0 99 679 27 964 454 97 0 0 386 174 437 12 821 465 0 177 538 255 947 602 729 0 0 143 0 222 0 996 832 0 0 0 571 192 475 299 313 447 241 779 584 919 985 718 642 684 643 180 563 417 318 7 856 0 0 630 514 713 0 168 803 0 856 842 546 55 672 350 0 311 702 773 726 364 790 293 752 176 817 526 0 766 327 744 376 0 0 814 775 468 23 139 1 0 715 77 936 0 0 952 0 0 55 837 0 998 163 587 553 828 0 0 861 0 475 541 0 961 
552 0 142 646 68 583 217 0 737 289 921 613 225 675 399 0 431 418 69 275 0 669 0 946 679 810 0 8 614 84 823 480 0 0 0 47 0 77 795 616 355 158 223 0 776 645 729 0 955 0 571 170 456 799 754 167 563 476 731 900 0 249 0 0 982 0 83 0 375 444 0 0 597 282 391 499 121 406 316 287 665 981 0 155 324 0 83 736 0 932 852 721 0 0 116 211 356 740 936 747 0 532 745 60 150 544 141 0 596 0 689 573 51 393 0 0 0 175 125 410 340 184 260 76 680 0 511 166 275 0 0 254 964 967 855 116 0 546 0 686 0 0 0 39 522 923 641 399 35 0 728 909 0 792 694 0 0 274 969 0 926 0 380 57 336 416 925 217 0 0 729 461 535 233 0 0 45 849 0 496 334 847 643 300 551 157 652 206 394 9 290 856 0 0 27 0 0 0 627 767 572 139 47 226 775 0 78 670 660 891 938 351 613 514 646 651 40 675 702 468 724 264 0 16 
82 0 0 540 484 122 254 391 0 0 875 298 0 0 5 245 327 0 976 87 669 0 309 178 0 0 0 804 947 395 101 944 728 839 553 275 0 781 0 577 106 661 732 453 43 928 0 290 770 842 0 305 386 668 937 0 763 602 0 261 458 146 646 194 973 0 670 696 0 0 470 301 270 747 712 0 372 751 651 0 96 909 448 362 281 0 201 746 0 190 804 465 622 453 685 326 761 743 770 587 430 0 0 805 885 587 0 718 0 0 658 0 0 644 223 182 913 658 0 0 729 0 992 931 0 0 952 516 712 401 545 0 786 808 0 663 145 0 947 0 747 668 0 0 295 717 165 283 709 115 737 0 864 0 351 896 0 866 11 188 462 31 902 271 354 836 699 503 54 876 649 557 949 0 0 86 501 0 624 0 30 0 0 0 0 610 661 0 0 0 725 575 0 92 130 944 928 24 247 0 889 0 0 0 852 0 71 667 396 940 0 0 685 540 186 0 474 467 135 176 933 0 0 395 
191 0 539 946 0 925 0 944 30 594 876 210 488 365 0 777 0 175 180 0 0 309 0 593 566 683 175 608 366 0 916 0 411 137 261 0 0 943 143 207 771 0 798 111 423 966 304 593 970 0 165 445 250 0 847 375 719 389 583 0 270 0 289 0 0 0 0 956 20 278 563 32 961 244 223 542 731 0 780 395 689 0 0 266 166 154 885 863 0 0 267 555 359 0 963 892 111 661 378 655 0 0 95 992 183 519 81 620 422 191 653 122 686 0 0 417 383 469 0 0 834 451 592 140 0 653 633 0 77 104 753 539 74 0 688 833 630 988 198 319 63 0 721 926 946 0 588 390 333 315 131 943 0 566 0 243 734 151 824 882 0 252 332 148 212 433 607 253 394 594 811 0 40 648 714 534 466 828 785 867 0 684 597 33 0 323 0 834 834 852 884 698 114 780 968 321 507 749 949 0 948 0 0 625 673 56 352 856 510 0 316 386 226 234 748 730 98 178 93 529 0 885 734 0 
641 962 605 0 0 357 135 0 426 215 433 744 903 0 154 0 353 0 449 0 946 178 593 0 901 603 910 0 122 321 710 0 634 686 585 658 494 592 934 110 643 0 883 849 340 0 222 266 736 892 181 425 832 151 684 715 0 254 487 689 906 646 0 307 820 0 329 157 0 323 297 799 339 642 0 0 490 0 0 865 629 447 658 970 0 0 184 0 438 686 277 795 0 614 0 0 273 0 720 551 606 0 398 340 617 848 600 0 0 453 993 694 140 972 46 0 335 295 357 742 0 139 305 0 478 225 143 126 317 878 667 725 933 326 521 0 861 712 434 0 301 264 216 0 20 0 0 102 0 24 510 486 22 868 0 203 129 492 15 986 0 574 288 0 0 0 103 843 270 850 260 0 253 0 896 585 608 809 996 552 999 209 492 658 520 954 0 335 873 0 460 129 8 239 887 0 166 730 730 772 0 967 176 0 0 848 918 90 45 279 0 599 205 736 74 66 175 0 0 0 174 288 277 711 
674 989 0 243 699 340 579 690 480 939 465 52 0 105 0 0 803 0 133 930 679 0 566 901 0 42 649 966 0 556 325 652 12 965 0 0 58 513 316 974 0 471 325 0 0 912 748 171 688 776 0 59 0 814 675 980 805 485 112 969 162 0 0 398 323 687 0 223 0 0 693 0 793 970 404 908 811 9 1 0 0 357 154 252 150 0 296 0 0 0 353 180 88 355 0 0 0 627 0 320 621 0 0 225 0 512 143 530 805 840 0 495 52 0 36 863 0 957 647 647 59 497 0 0 0 348 793 90 445 495 0 542 960 201 71 0 102 128 667 0 253 298 432 270 463 536 182 836 0 295 0 141 910 0 105 50 882 473 0 195 504 195 955 409 787 729 827 983 240 793 0 143 0 533 0 514 200 393 228 0 11 669 580 354 963 539 81 358 0 786 425 0 478 94 0 0 296 770 517 0 0 792 743 667 137 832 342 0 791 0 0 814 982 14 493 0 222 0 523 471 0 134 889 25 
455 731 16 672 0 105 827 479 953 96 777 838 940 763 394 227 68 407 0 459 810 0 683 603 42 0 0 0 324 0 105 537 878 9 433 188 0 925 0 702 226 948 407 485 583 216 480 22 713 312 538 0 621 517 625 5 0 836 217 106 0 418 294 103 0 31 775 422 46 250 441 151 587 276 787 0 656 975 455 751 688 924 0 654 331 499 50 821 419 125 0 0 913 708 712 0 734 258 784 883 287 893 573 437 428 0 380 775 0 329 907 0 146 0 943 234 97 489 21 889 380 0 419 857 135 0 468 127 994 625 892 464 66 0 183 301 406 918 778 95 540 805 772 685 986 333 454 0 966 702 831 998 321 0 660 361 341 756 950 52 0 0 396 704 0 913 0 473 278 0 752 239 0 159 0 705 791 775 681 0 363 423 0 0 952 681 191 624 0 3 871 594 149 292 0 998 460 286 924 0 655 214 0 738 391 201 636 649 443 389 0 852 473 536 751 968 427 992 65 0 0 0 880 753 
777 371 0 95 4 312 0 273 0 902 757 0 0 437 46 965 0 15 605 713 0 0 175 910 649 0 0 76 403 0 213 285 356 605 312 0 951 915 197 396 877 459 862 123 406 972 123 772 500 0 388 726 911 767 900 960 539 0 876 673 0 425 579 484 0 165 915 272 86 724 382 174 455 888 251 0 823 56 274 0 326 535 603 758 647 344 0 748 379 157 765 358 645 55 797 527 271 0 999 303 0 468 0 22 961 85 464 72 219 821 557 0 0 0 749 748 498 0 726 0 748 9 383 21 597 0 584 254 303 645 0 568 0 535 284 850 27 268 70 411 118 575 0 7 230 755 0 585 499 283 540 71 0 629 557 0 858 754 928 523 0 248 0 162 0 518 0 64 296 0 12 581 741 939 28 427 546 343 876 0 0 0 0 769 599 621 998 524 0 722 0 71 383 868 372 598 73 0 89 865 582 488 76 921 723 318 543 898 0 915 384 855 415 465 903 661 0 564 580 877 387 28 51 0 
0 594 333 826 0 441 261 0 41 0 581 855 32 273 79 0 856 624 760 107 8 804 608 0 966 0 76 0 0 0 296 766 746 8 250 101 525 133 0 162 461 642 368 569 0 0 525 751 229 362 443 474 726 309 0 0 813 902 0 0 0 270 845 9 409 35 392 38 0 300 0 661 373 0 0 318 902 445 3 299 0 0 0 0 715 0 470 165 0 380 0 692 559 0 0 491 0 143 623 667 262 702 233 0 734 808 979 541 0 8 211 365 0 0 312 950 995 226 905 0 846 728 946 892 0 779 486 611 0 0 844 975 0 766 0 406 380 944 0 708 0 131 43 224 692 780 0 930 0 0 0 0 407 5 353 0 524 0 989 237 749 631 712 839 245 0 0 525 911 139 0 374 459 0 266 325 307 579 788 0 527 0 412 560 213 168 203 0 0 283 628 330 977 576 588 184 0 0 0 800 0 574 618 51 956 919 791 812 0 152 0 527 510 481 246 757 0 642 322 707 0 0 457 0 
0 192 637 237 449 667 66 0 0 399 0 881 832 0 301 361 0 259 938 0 614 947 366 122 0 324 403 0 0 0 0 0 673 0 306 198 0 89 226 660 0 0 0 927 78 332 961 0 61 710 622 217 0 830 461 640 731 860 767 0 742 0 0 0 256 296 0 0 0 537 607 589 0 285 335 705 753 482 723 96 0 687 284 752 793 283 0 700 0 287 0 0 846 586 343 0 620 629 0 478 94 991 907 860 235 0 0 0 782 956 817 697 930 920 318 0 842 79 545 98 94 956 0 0 0 343 0 381 0 904 0 15 0 722 589 35 698 23 0 956 12 961 0 353 44 656 69 0 61 6 467 995 806 0 260 443 350 676 960 626 0 663 0 0 887 898 689 476 0 647 256 609 817 245 469 791 738 510 0 0 602 399 12 868 579 751 382 432 967 553 457 755 0 389 484 0 465 953 0 0 277 375 23 420 901 867 0 0 347 588 541 836 498 404 231 201 0 574 92 162 707 224 45 84 
817 920 0 0 602 0 139 817 91 343 0 0 781 675 795 237 0 947 0 740 84 395 0 321 556 0 0 0 0 0 0 382 0 64 0 811 372 0 624 0 707 702 168 657 205 266 226 24 0 218 397 196 582 68 339 0 127 422 999 802 0 336 139 191 612 848 55 560 320 820 763 0 769 347 510 0 326 0 0 0 348 0 0 54 871 196 296 0 52 267 15 716 701 198 0 149 47 372 803 806 577 792 639 433 127 0 962 94 475 878 975 959 0 0 547 935 57 396 407 95 0 349 0 432 0 241 0 475 495 999 604 730 64 432 468 862 297 0 755 927 601 0 469 219 953 0 0 877 150 0 543 990 759 386 151 391 0 782 572 0 0 652 385 0 586 0 739 941 0 829 352 242 24 0 786 668 0 0 235 490 799 0 632 182 0 173 0 0 705 620 190 0 708 630 420 672 0 0 324 24 545 917 0 628 0 307 696 883 431 346 41 0 52 302 416 0 877 675 308 61 0 303 462 0 
0 669 59 583 685 0 498 716 0 734 120 462 691 0 437 799 381 359 993 0 823 101 916 710 325 105 213 296 0 0 0 135 950 379 759 921 0 0 0 625 703 111 556 356 0 791 884 96 36 467 561 0 463 626 249 0 0 748 0 0 0 210 237 204 958 0 0 800 218 280 387 63 330 50 721 905 0 0 792 0 157 0 826 468 259 0 0 0 56 0 0 0 772 0 450 190 513 0 637 314 0 939 858 0 832 926 503 572 316 400 830 0 0 420 137 808 484 918 366 936 933 274 889 909 661 262 353 249 0 804 0 102 39 0 0 239 300 0 0 967 367 0 876 31 170 356 0 642 459 465 314 946 365 741 151 634 463 0 997 4 0 0 0 684 102 335 891 0 131 456 299 28 0 180 761 0 220 664 977 49 678 701 648 248 104 3 0 0 771 0 190 155 164 258 972 0 0 638 932 0 855 999 538 0 0 0 177 0 994 123 476 655 0 493 0 301 295 731 0 171 0 0 988 213 
400 0 0 0 547 551 174 0 819 653 291 431 0 0 0 459 213 668 59 300 480 944 0 0 652 537 285 766 0 382 135 0 555 0 537 0 583 468 0 175 448 304 512 144 388 584 854 524 0 197 0 41 0 0 0 326 573 0 0 894 963 930 455 157 0 114 558 0 940 216 274 677 18 792 272 398 59 677 567 527 866 0 765 0 661 981 0 275 850 537 0 424 58 25 8 0 802 395 7 111 0 343 235 0 838 281 0 784 335 636 0 341 551 0 526 193 333 485 0 632 316 993 392 234 827 656 40 848 987 707 0 748 0 594 241 0 727 779 470 678 629 877 300 716 0 881 24 550 119 0 724 588 0 995 120 191 193 325 186 0 86 375 812 0 623 0 772 692 670 11 0 0 833 730 0 332 754 0 0 0 971 753 0 951 611 370 0 0 594 105 0 0 285 0 735 385 432 0 0 787 0 668 0 789 777 761 707 0 371 0 862 949 0 447 931 0 499 824 0 0 0 0 0 543 
0 241 81 0 717 623 0 0 0 665 689 131 562 0 734 814 124 0 707 167 0 728 411 634 12 878 356 746 673 0 950 555 0 711 0 625 0 0 185 0 780 195 0 334 144 0 501 126 7 0 350 271 816 836 614 69 247 649 766 607 887 0 391 67 0 123 0 0 397 64 12 183 469 0 0 925 0 555 626 201 458 431 500 268 395 172 289 803 800 606 269 0 915 0 765 0 166 57 883 979 0 389 644 446 354 803 862 459 0 464 299 834 547 386 463 732 624 22 36 667 13 0 104 302 442 458 0 624 126 453 208 0 541 0 138 833 696 0 494 45 0 355 229 0 489 0 0 249 30 528 646 0 177 277 684 880 485 0 0 355 0 731 552 70 241 701 620 119 0 920 631 947 800 665 193 0 0 859 674 0 0 389 80 212 353 560 30 333 0 773 805 0 737 571 1 798 898 674 633 687 236 0 372 652 0 584 740 826 0 0 309 290 747 374 359 811 488 197 386 0 521 0 0 697 
995 0 210 409 0 399 836 184 611 0 874 275 290 542 511 174 0 524 48 973 0 839 137 686 965 9 605 8 0 64 379 0 711 0 123 0 36 456 0 0 718 0 767 0 0 449 0 108 484 716 0 906 0 0 860 103 613 497 0 557 0 551 337 0 0 0 582 0 0 380 387 0 810 122 846 334 199 267 476 645 545 910 936 0 921 953 0 381 552 146 270 0 619 0 577 237 753 345 632 26 156 998 462 628 715 903 732 680 557 262 0 0 940 264 423 222 885 56 182 189 143 466 696 844 711 733 718 913 947 600 220 753 302 703 306 245 991 940 0 0 228 470 656 0 928 0 648 657 0 436 0 633 0 755 458 447 493 744 0 31 372 0 321 989 147 695 0 920 605 0 207 170 975 774 782 662 602 633 39 250 728 455 868 56 453 681 735 411 0 0 233 461 260 885 0 0 0 683 19 42 850 0 262 64 356 951 36 834 0 144 0 682 557 0 828 821 804 375 836 86 236 626 465 927 
4 302 254 287 301 973 244 517 0 421 600 0 598 0 613 946 0 54 641 107 0 553 261 585 0 433 312 250 306 0 759 537 0 123 0 287 379 0 980 0 330 177 0 338 0 0 841 779 157 122 0 503 888 709 0 316 0 776 0 828 695 777 172 862 578 599 151 821 32 44 0 921 260 0 99 713 0 888 435 777 586 0 0 0 0 705 430 483 0 943 678 0 0 85 0 737 501 470 705 829 903 921 118 0 114 0 135 0 581 564 738 868 72 113 0 461 380 983 0 883 935 290 593 0 703 0 0 950 794 979 0 0 85 922 721 467 120 966 696 631 672 969 626 622 901 342 0 0 454 300 394 347 152 871 0 0 804 588 0 3 575 449 790 174 128 0 7 999 960 0 977 337 0 625 20 68 668 903 902 757 270 348 115 186 803 562 0 833 808 130 115 362 250 457 866 979 413 989 855 238 316 0 69 578 942 876 667 767 590 802 831 774 155 852 896 694 849 370 219 214 944 0 467 838 
0 793 309 0 0 648 389 602 891 884 178 681 452 494 0 750 0 603 0 0 47 275 0 658 0 188 0 101 198 811 921 0 625 0 287 0 190 826 766 440 244 786 383 298 920 929 396 404 0 0 551 899 567 565 925 596 0 0 193 959 738 270 0 790 196 0 83 0 705 0 873 0 717 964 453 262 0 0 0 657 553 0 0 989 214 618 0 796 0 896 0 0 0 0 626 872 218 0 866 402 193 440 0 621 685 0 603 685 0 0 927 552 40 664 0 0 974 517 40 810 0 540 111 376 80 0 747 599 354 0 376 871 622 641 791 980 431 205 182 5 969 884 98 0 0 0 523 873 57 0 241 976 957 241 432 0 0 77 0 0 405 0 0 936 199 184 0 471 988 621 217 0 773 997 128 198 167 519 308 0 590 653 0 0 611 820 421 0 723 6 716 57 0 886 0 954 780 250 89 556 840 910 228 925 49 708 0 358 752 877 731 994 962 0 300 569 201 644 599 0 83 250 0 0 
556 263 0 13 662 0 974 0 429 92 500 0 881 420 659 734 428 0 251 970 0 0 0 494 58 0 951 525 0 372 0 583 0 36 379 190 0 385 99 644 433 0 598 954 55 208 671 0 350 533 673 966 184 356 590 147 599 594 853 353 723 693 0 0 547 491 0 0 184 351 368 293 409 43 0 64 607 0 975 386 0 0 137 431 688 506 305 640 0 387 0 550 377 399 911 741 417 327 0 0 0 970 663 537 0 252 567 0 581 16 87 637 0 338 744 909 0 0 111 0 598 517 208 99 0 0 900 0 260 755 930 928 350 0 822 390 549 0 623 487 320 629 260 863 504 0 647 447 409 769 0 626 0 123 0 552 0 756 66 774 848 956 0 40 633 0 305 267 415 0 0 0 0 594 237 83 0 0 971 696 0 75 490 0 983 212 550 781 0 868 20 692 0 868 840 971 319 308 0 55 534 603 614 677 594 806 680 0 693 832 495 0 261 577 572 0 0 39 892 0 75 263 804 4 
0 346 909 0 748 0 260 0 77 0 909 704 669 318 0 574 112 529 221 869 77 781 943 592 513 925 915 133 89 0 0 468 0 456 0 826 385 0 587 496 259 0 365 969 775 11 796 474 194 0 0 888 709 926 120 449 732 933 68 187 103 41 759 420 426 879 0 0 177 633 0 979 365 822 156 934 619 325 757 14 557 747 793 217 415 187 922 270 448 962 231 0 98 848 0 135 0 0 964 577 0 0 703 713 0 793 924 353 743 127 987 376 372 743 43 340 0 435 325 0 578 81 0 182 627 931 682 791 442 938 0 764 645 779 0 235 50 305 416 593 0 0 0 346 0 841 93 34 412 674 0 938 0 0 402 0 607 229 289 640 387 452 240 503 275 804 0 0 830 953 0 517 676 822 143 189 117 208 0 0 620 116 310 717 789 342 153 594 128 0 816 154 0 112 590 0 973 0 0 0 356 0 614 0 142 801 870 299 88 74 0 23 0 394 978 892 816 0 0 662 361 356 0 138 
576 496 207 551 190 331 379 494 585 665 614 374 612 0 66 0 985 0 225 285 795 0 143 934 316 0 197 0 226 624 0 0 185 0 980 766 99 587 0 263 376 294 576 422 25 0 224 0 682 197 944 0 771 321 0 724 591 230 496 98 0 227 726 0 468 761 562 846 307 0 946 0 670 174 599 712 279 589 416 495 204 834 605 905 374 226 0 834 871 569 187 575 0 239 656 0 0 375 490 516 519 79 0 255 659 0 0 545 453 350 327 70 871 775 500 500 918 845 368 167 179 0 958 373 324 68 192 0 161 918 630 0 0 357 547 680 338 645 619 0 854 534 923 358 0 33 584 487 644 448 970 468 0 291 468 276 403 257 0 375 547 70 577 232 814 571 0 275 149 0 0 833 495 419 0 225 289 27 0 164 656 52 690 782 105 370 678 727 0 487 0 411 479 266 328 910 353 473 424 784 183 506 739 0 341 868 492 123 882 90 600 0 0 689 95 604 461 444 426 266 279 729 594 378 
754 579 333 359 428 131 663 367 2 196 174 81 0 595 0 624 804 317 634 0 616 577 207 110 974 702 396 162 660 0 625 175 0 0 0 440 644 496 263 0 983 632 454 0 145 572 369 676 86 594 299 212 190 0 310 114 903 570 89 198 611 238 816 0 46 0 167 462 327 168 439 898 782 0 898 916 647 444 272 728 853 371 848 305 96 831 373 561 928 3 0 0 749 554 895 737 977 43 0 0 369 304 131 512 329 118 913 757 34 613 952 0 398 0 456 282 418 614 0 725 0 820 660 0 302 250 108 662 0 558 84 68 232 0 0 0 326 0 430 0 180 464 535 197 0 0 941 0 0 0 149 0 618 474 0 0 0 0 0 416 0 980 790 785 325 0 901 244 437 737 788 508 333 657 562 0 429 11 886 490 40 0 44 449 0 646 0 649 412 841 272 0 388 162 232 497 197 507 196 704 703 858 0 0 994 396 0 508 88 0 489 0 27 660 851 492 654 0 0 0 0 0 0 218 
672 770 0 0 568 109 0 0 25 135 0 376 427 0 526 56 437 865 343 572 355 106 771 643 0 226 877 461 0 707 703 448 780 718 330 244 433 259 376 983 0 276 0 696 0 25 164 0 867 441 584 0 0 208 27 558 893 727 0 390 645 0 129 879 722 436 801 233 0 0 0 0 229 76 0 264 374 581 0 107 87 487 887 205 0 441 0 0 367 124 60 0 346 0 0 0 691 0 299 536 0 731 50 600 232 221 318 0 983 322 0 343 0 0 644 0 775 266 716 0 0 0 188 933 343 18 230 774 148 0 367 0 0 0 978 306 770 324 472 540 0 140 63 0 778 0 509 315 330 764 422 747 747 60 0 0 966 125 324 0 0 0 95 86 762 0 399 0 0 0 550 964 920 779 0 94 165 0 562 0 922 449 0 0 302 0 0 571 170 955 0 0 536 0 38 929 0 78 634 0 887 266 0 627 974 535 0 806 0 0 713 320 0 205 0 786 416 108 185 0 614 225 0 900 
937 332 641 0 311 782 441 683 0 0 0 28 0 966 993 924 475 389 825 24 158 661 0 0 471 948 459 642 0 702 111 304 195 0 177 786 0 0 294 632 276 0 475 944 670 409 101 890 772 545 495 670 212 959 631 0 431 0 440 0 654 680 541 287 354 0 0 880 342 0 792 436 945 344 22 539 639 863 863 598 69 0 0 0 961 163 154 924 353 284 352 0 971 0 663 0 459 816 573 770 0 270 160 0 733 513 52 0 0 671 470 367 728 245 548 487 656 640 945 885 0 300 633 0 0 659 118 643 82 573 0 129 777 706 284 176 504 500 0 162 775 152 16 269 949 0 0 328 0 647 0 393 505 0 455 896 162 0 72 473 724 907 0 66 0 774 483 50 120 105 210 646 463 0 911 366 318 0 0 0 0 449 322 187 0 463 280 191 828 661 0 0 361 0 580 16 579 674 557 98 335 20 478 955 800 0 385 0 764 851 0 875 856 0 511 612 828 121 611 149 0 0 0 909 
937 199 983 225 248 0 0 746 528 62 991 279 240 715 305 713 191 866 0 114 223 732 798 883 325 407 862 368 0 168 556 512 0 767 0 383 598 365 576 454 0 475 0 0 787 565 692 243 0 444 935 41 179 0 734 228 980 0 137 90 48 636 164 66 55 563 991 656 496 807 539 399 917 533 0 670 0 366 713 869 0 0 580 95 10 707 30 831 25 930 903 0 50 262 557 0 0 0 0 446 351 697 773 35 557 668 0 719 882 455 196 880 64 0 654 0 595 896 597 0 396 114 682 700 901 214 37 620 511 861 0 510 760 763 143 882 0 0 632 267 421 548 674 818 832 192 0 620 790 110 0 160 376 324 0 197 132 883 0 968 460 411 419 0 759 950 0 199 507 327 682 0 0 901 0 274 72 0 0 211 0 343 192 207 703 0 982 487 133 0 947 362 416 928 121 109 394 703 0 65 765 0 0 416 0 159 619 46 426 741 519 441 129 0 904 564 854 637 940 837 0 323 18 58 
330 240 559 636 555 946 0 793 980 370 585 568 408 840 159 854 103 372 524 998 0 453 111 849 0 485 123 569 927 657 356 144 334 0 338 298 954 969 422 0 696 944 0 0 154 0 482 0 0 863 665 562 0 495 0 0 466 318 459 0 467 757 716 881 0 43 951 0 0 0 490 514 0 161 815 0 954 807 0 908 0 727 367 293 541 730 0 0 0 0 219 282 30 425 861 0 390 226 0 284 651 840 487 302 833 207 823 222 238 135 0 89 87 0 0 371 0 832 851 438 210 968 11 818 402 0 0 540 0 495 369 593 230 0 766 51 0 897 0 486 320 679 326 386 776 990 174 0 56 461 571 0 0 0 894 490 226 227 811 679 0 469 252 565 325 0 475 0 153 181 117 308 934 841 477 472 860 2 661 458 0 374 402 0 0 71 661 71 99 535 974 790 380 204 573 642 294 489 463 648 108 454 533 588 0 662 692 978 336 940 633 597 256 265 399 228 0 74 129 813 0 146 394 16 
0 0 874 0 979 0 775 275 0 0 700 445 832 110 0 250 953 484 76 249 776 43 423 340 0 583 406 0 78 205 0 388 144 0 0 920 55 775 25 145 0 670 787 154 0 450 952 399 331 617 193 384 402 728 627 483 309 0 0 544 0 87 0 0 288 871 0 414 76 59 51 477 646 894 894 0 771 388 604 0 748 14 826 405 0 82 336 899 0 694 431 307 946 848 0 12 29 117 287 121 0 798 193 679 913 0 984 543 0 497 996 414 388 394 0 883 450 81 640 740 464 625 698 29 57 978 620 581 91 962 437 901 235 0 0 21 334 59 498 168 584 236 0 122 3 375 252 293 760 271 904 733 0 721 892 160 464 497 796 239 133 783 0 463 32 940 862 259 827 0 737 0 0 541 642 501 0 41 200 475 623 803 813 602 909 0 441 750 523 488 0 112 404 550 940 649 346 601 319 37 0 328 161 797 339 664 185 0 356 0 964 268 985 0 108 38 429 442 826 29 0 938 193 831 
881 528 0 0 619 197 614 719 0 528 134 668 371 372 0 0 908 0 236 606 645 928 966 0 912 216 972 0 332 266 791 584 0 449 0 929 208 11 0 572 25 409 565 0 450 0 0 402 0 0 0 29 674 105 0 0 0 0 336 0 192 0 0 0 0 807 0 0 672 798 668 121 0 933 0 802 0 293 743 113 0 172 873 63 460 94 85 0 0 644 679 207 972 474 905 709 440 799 255 704 882 156 0 263 967 779 327 210 354 462 392 575 9 0 731 624 173 471 920 677 3 82 916 0 0 498 326 0 437 322 256 514 631 934 463 565 0 0 108 162 544 216 361 225 869 233 244 934 640 0 0 287 534 433 810 574 0 214 0 592 758 0 0 0 0 302 0 392 110 0 149 266 944 0 601 693 860 0 0 0 947 388 72 843 985 414 656 0 736 137 478 344 995 862 261 412 483 215 315 0 793 340 742 577 30 0 586 563 701 327 295 242 81 400 213 722 795 824 287 241 204 998 2 767 
578 0 0 224 326 908 156 928 483 0 217 0 702 505 589 382 860 477 193 164 729 0 304 222 748 480 123 525 961 226 884 854 501 0 841 396 671 796 224 369 164 101 692 482 952 0 0 383 450 954 255 544 0 56 0 218 0 573 0 890 0 413 682 679 616 999 612 320 138 0 725 264 331 740 247 216 0 0 0 710 621 0 620 853 0 839 0 264 0 955 540 319 822 356 733 784 746 296 0 0 103 366 822 0 0 0 0 296 0 303 610 0 375 896 193 774 0 324 84 853 0 35 812 961 0 632 979 522 647 329 654 502 189 614 525 86 979 74 22 395 841 950 418 0 101 867 0 283 133 0 866 709 0 589 845 753 102 226 125 884 630 731 46 268 0 756 628 607 622 0 0 0 338 34 422 369 0 0 617 124 194 855 531 471 0 0 887 874 340 170 901 914 260 411 223 0 328 570 517 403 0 0 485 58 688 0 0 0 196 159 599 0 126 447 395 0 359 927 230 0 743 973 651 925 
939 454 0 0 788 782 0 215 133 754 427 0 268 952 165 561 762 119 648 0 0 290 593 266 171 22 772 751 0 24 96 524 126 108 779 404 0 474 0 676 0 890 243 0 399 402 383 0 216 475 0 567 171 0 476 0 278 0 79 0 308 15 0 116 233 211 86 38 0 0 725 0 963 681 0 0 163 560 0 510 343 519 0 81 621 0 145 379 0 653 519 160 740 0 929 259 352 0 659 348 0 5 457 165 689 278 850 0 0 557 288 867 261 81 902 383 673 906 520 980 19 244 262 264 0 0 978 463 413 338 36 792 202 0 376 926 213 325 432 0 83 0 0 0 880 314 978 0 313 186 0 0 182 480 973 792 714 725 968 79 427 852 0 103 734 248 318 252 23 236 947 0 496 164 565 622 4 0 293 557 0 29 266 0 261 0 460 987 937 0 168 118 367 0 825 925 583 976 306 30 730 288 938 869 0 500 816 138 313 0 820 50 0 585 0 0 558 862 414 0 0 0 90 519 
159 946 696 146 480 0 0 0 78 4 987 446 271 163 342 0 379 696 102 411 955 770 970 736 688 713 500 229 61 0 36 0 7 484 157 0 350 194 682 86 867 772 0 0 331 0 450 216 0 505 819 490 0 0 489 0 196 0 216 889 825 472 94 0 0 0 239 425 0 0 0 459 202 917 0 231 509 641 351 809 498 492 70 681 361 20 0 0 393 0 0 109 302 630 687 292 767 0 253 753 786 641 438 0 91 647 847 805 954 9 899 0 563 219 541 23 56 859 958 691 629 0 120 80 698 680 217 461 788 100 738 521 692 0 610 930 0 503 0 0 0 708 322 647 0 0 0 0 965 882 480 0 278 518 380 329 197 919 0 751 138 360 497 701 143 877 0 0 213 0 207 0 0 42 0 435 0 0 0 864 0 960 360 156 0 835 514 174 0 18 528 0 249 273 0 0 794 0 790 545 920 0 816 882 251 662 756 0 553 0 0 0 403 443 225 0 69 877 398 979 922 468 0 777 
752 605 560 283 0 0 209 0 0 0 531 950 779 102 518 310 20 0 503 834 0 842 0 892 776 312 0 362 710 218 467 197 0 716 122 0 533 0 197 594 441 545 444 863 617 0 954 475 505 0 374 934 0 702 954 0 93 551 720 286 775 0 739 870 0 0 704 997 0 828 508 470 54 574 0 932 827 512 562 974 0 289 0 926 255 933 699 640 0 921 0 520 0 0 483 912 208 0 182 500 88 854 426 0 0 640 456 167 985 934 111 625 673 420 387 0 501 821 0 112 795 0 171 482 0 655 658 86 678 916 475 0 411 656 105 390 702 835 347 851 7 522 760 790 0 552 837 949 925 762 92 0 0 898 666 35 609 0 0 809 347 31 335 0 763 345 416 646 0 0 0 266 478 680 376 69 497 833 927 437 756 383 0 534 862 397 613 502 272 0 0 751 396 0 529 41 535 921 0 0 169 601 436 892 266 496 0 513 598 539 0 496 303 326 805 651 0 87 155 606 0 288 166 0 
264 696 0 359 0 501 0 0 971 559 326 245 113 534 0 197 742 817 113 0 571 0 165 181 0 538 388 443 622 397 561 0 350 0 0 551 673 0 944 299 584 495 935 665 193 0 255 0 819 374 0 3 136 587 770 524 0 608 0 141 410 0 0 331 754 241 592 150 0 797 0 71 862 725 351 0 22 545 0 0 400 0 352 800 0 1 221 595 57 46 75 0 130 336 215 677 308 839 0 0 367 248 628 512 948 0 99 412 0 0 351 236 206 426 0 0 0 88 920 0 0 0 693 827 535 734 283 237 0 871 11 867 251 892 717 936 704 897 334 34 673 0 629 194 0 0 212 0 0 439 855 0 160 0 374 315 236 0 0 0 340 856 619 93 69 548 815 682 631 0 921 454 829 82 390 851 0 926 0 0 21 755 0 187 74 376 168 283 558 51 0 699 815 689 134 688 879 997 0 171 0 977 549 718 19 538 345 151 0 0 0 0 0 529 99 0 267 0 855 0 165 193 892 390 
0 181 924 76 10 375 0 0 386 326 0 151 164 3 261 0 981 829 0 736 170 305 445 425 59 0 726 474 217 196 0 41 271 906 503 899 966 888 0 212 0 670 41 562 384 29 544 567 490 934 3 0 972 0 77 0 354 0 0 215 173 412 0 697 18 941 159 599 792 0 0 942 769 60 721 527 824 702 856 318 296 0 434 666 649 838 190 0 636 533 772 0 159 0 0 0 680 254 0 247 95 950 0 711 551 0 509 351 543 714 108 159 19 0 0 5 685 849 0 109 119 355 152 0 799 446 940 0 762 481 0 723 307 424 165 400 631 40 0 345 61 0 735 237 0 395 44 0 336 477 573 343 180 63 0 539 32 79 267 0 167 181 532 694 297 385 0 0 546 762 941 652 186 294 239 992 0 35 343 878 598 223 0 604 867 848 9 397 0 515 731 337 530 957 998 802 91 0 279 193 962 157 130 525 777 58 0 721 424 0 0 0 607 0 0 0 799 587 0 0 605 562 0 0 
