0 463 4 478 993 12 644 855 709 453 478 0 131 0 328 801 267 23 797 174 258 152 207 0 671 0 933 0 789 470 0 378 688 0 958 0 421 74 337 0 35 0 0 383 0 884 429 945 0 661 385 239 26 308 0 447 422 487 388 769 234 631 0 0 477 601 336 0 237 0 325 243 171 182 0 800 0 607 578 868 576 403 0 0 156 79 0 398 973 774 853 23 0 228 0 160 847 474 355 526 646 23 340 938 0 
463 0 0 467 162 118 54 450 0 914 597 0 402 362 481 0 267 43 234 355 573 737 0 311 706 880 213 0 636 332 0 655 0 551 721 511 253 911 0 907 981 458 471 345 858 0 797 45 506 0 771 0 8 656 738 384 0 448 901 0 477 60 0 0 0 225 194 224 171 402 320 622 130 727 778 848 0 0 554 0 0 418 445 905 666 632 664 867 793 88 972 0 0 461 514 381 184 969 716 474 535 730 0 59 381 
4 0 0 536 667 603 646 21 716 579 0 0 279 560 332 164 600 33 0 267 337 662 604 394 809 373 209 905 0 830 57 409 303 0 0 470 425 717 290 0 0 34 0 166 848 45 0 735 722 0 967 726 315 841 0 471 724 400 0 135 0 141 951 901 60 927 194 564 156 800 148 238 675 983 163 14 763 624 782 236 299 0 148 815 0 74 917 0 0 896 171 0 901 257 470 0 112 184 793 630 245 0 961 0 379 
478 467 536 0 383 0 648 306 0 100 420 569 0 0 8 32 194 0 0 662 0 268 745 270 566 880 160 341 0 526 0 337 0 519 71 286 269 0 760 5 859 805 140 696 51 214 246 429 530 785 0 0 746 827 859 812 260 955 300 806 756 0 0 51 0 345 383 546 685 98 834 209 376 0 0 412 0 91 168 353 65 571 248 923 568 0 658 353 0 0 0 224 354 488 728 0 0 0 100 968 0 856 936 522 431 
993 162 667 383 0 825 532 0 178 0 626 652 887 310 250 294 572 39 247 419 0 951 794 381 505 889 0 0 173 701 0 925 110 520 77 447 0 2 857 658 0 570 15 555 460 193 48 774 0 630 387 0 0 0 8 39 606 134 366 762 0 102 0 0 647 731 813 851 102 576 0 0 232 516 641 626 0 681 0 128 0 378 0 195 19 459 0 487 0 0 134 567 648 957 667 755 0 171 0 710 0 406 314 0 0 
12 118 603 0 825 0 116 802 760 493 329 290 830 0 794 880 31 346 964 251 0 459 954 594 791 931 185 288 0 0 0 0 399 0 356 101 903 932 87 479 663 679 0 0 783 758 17 0 378 0 513 287 0 762 387 701 0 10 914 0 872 0 0 669 0 382 926 873 895 326 0 750 666 0 313 433 990 982 892 168 934 0 276 958 599 0 756 279 332 335 339 0 86 562 391 782 246 336 0 30 715 833 688 48 112 
644 54 646 648 532 116 0 205 0 387 330 0 0 185 221 879 0 233 378 105 738 261 254 876 57 630 744 714 0 665 199 0 0 520 819 154 782 954 936 357 0 547 308 431 693 0 0 144 314 0 943 648 969 662 125 390 0 0 347 788 0 702 659 463 0 216 254 39 0 649 0 0 807 0 0 0 664 0 507 0 0 164 802 492 655 586 346 0 673 21 702 46 598 841 670 208 335 390 111 74 959 378 833 80 614 
855 450 21 306 0 802 205 0 583 441 0 281 195 193 69 0 800 624 532 477 0 527 405 281 919 926 871 909 576 135 235 417 573 316 75 289 774 397 0 486 283 430 159 0 418 505 6 0 526 0 17 61 246 302 645 392 969 250 110 0 360 955 313 65 88 28 694 732 232 874 0 0 743 0 334 0 385 0 423 856 32 0 937 797 0 565 0 32 0 273 5 890 0 700 890 166 94 0 235 512 645 715 0 312 580 
709 0 716 0 178 760 0 583 0 581 0 156 502 0 565 842 675 868 565 741 993 966 676 920 917 716 426 0 386 41 742 785 737 0 409 0 58 4 479 737 654 838 96 959 908 0 0 0 171 766 0 148 196 267 503 970 775 700 247 0 406 596 113 615 409 0 641 335 157 459 0 896 614 0 753 832 31 27 597 86 932 485 300 448 347 0 860 561 816 37 309 0 0 81 98 368 795 0 478 693 987 631 457 682 69 
453 914 579 100 0 493 387 441 581 0 0 588 119 970 219 196 0 915 945 121 0 646 800 301 0 0 105 959 554 118 943 917 549 206 649 0 88 916 803 0 0 642 327 453 944 270 574 0 0 0 0 0 637 887 993 384 512 787 978 278 709 566 579 0 993 0 835 452 826 0 0 0 299 0 980 907 0 293 558 103 3 618 0 967 444 466 315 541 714 844 455 180 270 678 685 252 366 0 0 0 756 0 24 551 177 
478 597 0 420 626 329 330 0 0 0 0 0 56 61 135 204 711 0 266 0 443 697 0 973 680 804 631 0 757 584 280 853 298 0 0 534 340 0 147 927 92 425 923 0 0 995 537 812 591 314 811 739 845 854 0 662 538 13 756 0 0 345 738 823 850 708 576 820 731 0 422 0 194 983 112 842 251 591 0 306 589 346 113 925 976 55 637 278 0 953 815 0 261 169 0 239 126 851 19 357 11 738 950 121 90 
0 0 0 569 652 290 0 281 156 588 0 0 0 0 750 874 589 0 199 442 0 21 472 148 0 977 720 950 168 519 77 597 748 0 462 0 0 4 970 852 503 659 157 638 999 485 176 281 55 164 0 782 904 718 328 0 771 802 188 575 343 701 449 251 0 62 609 0 0 702 949 756 0 489 231 634 818 0 0 68 166 557 463 784 602 0 0 159 0 813 564 586 104 787 578 147 532 472 0 286 0 225 919 0 341 
131 402 279 0 887 830 0 195 502 119 56 0 0 165 38 773 533 547 757 266 807 360 449 848 949 560 774 917 0 648 364 833 841 810 0 841 235 360 0 175 79 97 837 300 128 0 827 0 365 951 746 416 750 0 0 445 147 0 771 209 724 482 136 0 455 0 0 556 877 0 0 196 814 673 622 598 245 980 989 647 108 462 615 0 0 345 156 885 831 718 727 960 0 352 302 0 0 488 0 0 0 359 220 789 296 
0 362 560 0 310 0 185 193 0 970 61 0 165 0 369 0 39 477 800 355 46 0 949 974 590 702 862 136 45 0 231 242 247 890 0 827 0 694 553 556 0 0 0 0 524 919 115 778 174 337 124 495 762 23 446 249 863 272 77 123 0 0 757 179 0 99 165 284 0 304 543 740 0 762 357 545 979 0 650 0 0 0 0 65 294 130 996 0 0 901 282 0 37 537 0 787 0 979 750 83 706 0 772 456 245 
328 481 332 8 250 794 221 69 565 219 135 750 38 369 0 277 445 0 942 450 0 76 0 989 384 0 150 479 0 188 0 796 969 574 348 302 297 46 343 565 102 465 216 161 39 449 554 887 0 869 0 991 655 854 556 57 595 361 0 400 0 185 473 283 557 0 472 0 603 933 310 826 293 332 676 330 0 0 389 167 0 289 286 0 169 352 237 0 660 850 719 750 0 869 62 827 317 0 136 884 0 316 618 987 792 
801 0 164 32 294 880 879 0 842 196 204 874 773 0 277 0 79 0 892 0 761 147 217 911 987 908 34 842 33 756 0 0 0 0 55 516 0 294 599 847 818 0 960 412 963 0 24 567 410 185 52 448 0 0 0 555 0 804 586 447 389 739 0 1 750 964 611 0 0 418 486 264 998 968 374 0 43 707 917 830 0 488 0 37 830 539 49 0 616 109 335 511 931 999 183 289 247 302 3 793 904 929 419 0 0 
267 267 600 194 572 31 0 800 675 0 711 589 533 39 445 79 0 131 851 50 0 311 0 605 467 88 178 100 0 117 277 515 0 96 311 664 0 578 364 0 17 699 572 0 0 0 732 577 859 834 0 12 792 0 0 92 33 0 97 437 56 424 0 0 0 112 258 0 294 246 0 910 0 701 975 744 821 917 0 0 952 505 896 0 0 848 0 392 160 0 541 102 0 490 0 849 0 0 48 95 852 486 844 441 558 
23 43 33 0 39 346 233 624 868 915 0 0 547 477 0 0 131 0 612 296 0 412 202 5 722 102 371 0 525 710 251 968 903 453 116 318 0 530 306 0 57 0 821 0 0 0 536 0 510 0 544 0 138 138 191 0 0 307 1 806 28 997 324 384 815 322 768 679 67 796 508 0 897 827 0 0 368 0 899 0 213 42 590 0 499 475 17 0 642 0 0 935 957 694 613 488 795 618 151 458 888 81 395 423 47 
797 234 0 0 247 964 378 532 565 945 266 199 757 800 942 892 851 612 0 0 866 858 838 985 273 328 955 0 806 0 351 684 578 448 500 76 2 520 605 797 0 0 470 0 975 0 289 400 983 91 454 0 0 971 195 626 806 0 0 482 0 788 794 0 671 0 588 998 670 0 755 298 171 0 372 227 400 0 202 181 64 777 0 0 323 0 715 106 0 910 178 460 56 982 681 0 0 148 709 509 0 82 536 0 580 
174 355 267 662 419 251 105 477 741 121 0 442 266 355 450 0 50 296 0 0 0 812 945 981 0 533 0 0 215 0 456 38 492 6 568 0 509 601 0 594 0 0 241 0 0 64 0 519 924 823 580 308 355 829 0 269 0 0 979 0 719 0 850 307 484 169 357 856 718 342 596 187 0 945 148 321 0 152 298 376 15 0 0 0 904 869 909 928 436 578 113 609 58 458 0 977 311 808 180 324 202 414 0 112 0 
258 573 337 0 0 0 738 0 993 0 443 0 807 46 0 761 0 0 866 0 0 936 892 0 0 652 0 531 802 15 282 627 864 374 0 960 308 624 785 0 101 396 0 994 842 612 587 246 663 392 894 383 187 154 670 0 85 717 420 560 580 822 597 350 0 151 0 820 0 0 489 0 518 0 257 0 240 641 356 472 0 70 0 188 0 846 283 0 686 100 346 154 112 92 27 0 604 798 757 255 634 277 805 797 263 
152 737 662 268 951 459 261 527 966 646 697 21 360 0 76 147 311 412 858 812 936 0 41 0 245 833 0 0 262 856 525 5 537 0 183 126 2 0 0 462 454 511 0 0 0 0 917 51 517 753 655 234 0 958 247 672 0 85 191 369 955 0 550 829 15 0 331 242 86 429 278 0 822 571 0 0 0 829 664 0 0 837 41 0 0 982 0 496 0 63 510 0 697 953 623 538 692 0 0 0 923 525 0 603 0 
207 0 604 745 794 954 254 405 676 800 0 472 449 949 0 217 0 202 838 945 892 41 0 477 922 0 0 864 562 467 252 486 555 0 748 159 616 0 292 340 108 660 558 0 670 0 128 0 575 0 237 565 0 515 0 643 435 886 103 411 0 478 825 30 565 180 294 984 783 950 896 0 101 98 0 152 0 249 307 911 0 404 827 339 739 415 0 0 411 0 727 382 593 0 23 160 0 335 774 0 424 0 285 53 818 
0 311 394 270 381 594 876 281 920 301 973 148 848 974 989 911 605 5 985 981 0 0 477 0 176 993 262 804 902 297 34 921 0 0 0 975 795 0 816 68 80 0 57 0 60 267 35 146 26 821 739 88 0 0 601 707 0 0 645 0 0 314 551 0 330 199 682 8 206 163 545 303 696 328 0 135 0 70 229 554 42 0 240 904 0 76 244 381 316 941 978 529 519 0 918 190 153 0 537 4 602 482 88 635 163 
671 706 809 566 505 791 57 919 917 0 680 0 949 590 384 987 467 722 273 0 0 245 922 176 0 590 190 0 501 203 428 691 0 704 0 957 370 496 0 929 540 60 950 360 2 541 459 0 0 299 40 732 337 680 317 0 0 421 396 0 74 982 0 817 594 574 238 107 823 145 285 767 0 0 250 790 754 794 868 133 0 773 0 219 980 639 418 637 70 306 57 721 0 0 0 858 0 973 414 787 380 780 672 249 77 
0 880 373 880 889 931 630 926 716 0 804 977 560 702 0 908 88 102 328 533 652 833 0 993 590 0 0 0 597 667 310 355 963 219 830 798 0 868 299 587 0 0 250 0 500 335 573 0 0 373 538 0 152 162 0 382 869 840 641 721 477 721 227 0 744 523 847 0 768 628 0 500 399 281 0 0 852 499 126 23 604 723 324 64 846 591 795 117 260 226 0 44 300 363 286 0 19 709 972 998 317 468 459 170 329 
933 213 209 160 0 185 744 871 426 105 631 720 774 862 150 34 178 371 955 0 0 0 0 262 190 0 0 866 524 0 758 103 0 42 194 0 244 689 314 613 16 481 259 371 521 888 0 0 585 905 0 0 0 0 39 0 146 570 0 783 0 975 10 767 821 893 787 0 542 731 664 869 593 101 0 880 191 17 0 0 907 0 758 13 576 134 983 32 217 786 0 355 961 0 0 100 0 676 804 0 927 0 0 843 505 
0 0 905 341 0 288 714 909 0 959 0 950 917 136 479 842 100 0 0 0 531 0 864 804 0 0 866 0 25 286 658 713 769 0 870 0 565 732 0 0 0 0 597 321 615 737 591 0 0 92 912 183 92 319 631 611 825 940 431 800 0 194 872 483 0 402 0 676 548 836 987 755 917 0 0 893 226 120 166 853 116 0 25 43 0 0 0 148 618 678 645 0 0 0 789 823 380 882 137 328 801 0 550 112 0 
789 636 0 0 173 0 0 576 386 554 757 168 0 45 0 33 0 525 806 215 802 262 562 902 501 597 524 25 0 314 89 133 737 0 0 358 304 586 0 969 517 0 0 394 550 827 984 0 484 129 0 0 75 891 0 0 515 690 0 113 878 828 0 999 657 694 14 886 0 507 240 895 518 499 220 0 596 741 784 0 835 862 540 0 290 447 751 0 61 393 155 436 784 0 0 0 155 797 81 807 0 0 0 0 675 
470 332 830 526 701 0 665 135 41 118 584 519 648 0 188 756 117 710 0 0 15 856 467 297 203 667 0 286 314 0 633 183 0 872 980 0 311 0 321 777 298 833 158 974 536 429 0 665 893 824 858 907 0 905 0 663 320 265 326 807 412 140 991 77 0 397 900 727 739 95 105 97 7 803 924 0 380 987 0 966 0 368 0 939 0 0 164 59 0 529 694 949 705 80 995 973 141 863 883 0 154 999 315 549 824 
0 0 57 0 0 0 199 235 742 943 280 77 364 231 0 0 277 251 351 456 282 525 252 34 428 310 758 658 89 633 0 578 456 188 112 832 0 0 472 91 932 873 710 546 557 0 0 727 113 33 0 180 508 0 0 0 202 752 798 0 614 939 748 0 0 335 63 339 374 396 781 115 0 0 839 533 657 818 418 599 0 5 748 553 205 353 0 483 711 170 0 0 926 847 931 172 862 467 0 631 937 0 801 435 383 
378 655 409 337 925 0 0 417 785 917 853 597 833 242 796 0 515 968 684 38 627 5 486 921 691 355 103 713 133 183 578 0 572 0 948 428 246 271 0 185 194 267 775 45 595 219 239 568 585 446 183 25 815 996 810 967 854 610 0 143 0 875 0 0 0 679 0 0 0 561 0 880 64 664 532 718 249 0 0 985 552 202 325 157 775 434 16 0 423 821 337 597 0 989 458 0 440 184 300 0 121 0 0 303 791 
688 0 303 0 110 399 0 573 737 549 298 748 841 247 969 0 0 903 578 492 864 537 555 0 0 963 0 769 737 0 456 572 0 0 887 233 151 82 165 913 736 186 809 902 523 219 67 265 990 480 0 112 0 542 71 678 453 952 79 566 798 572 901 433 0 499 0 0 788 11 0 329 348 873 819 0 297 50 561 287 383 180 33 832 568 756 634 798 740 80 0 652 570 445 0 773 531 910 126 0 0 279 0 864 999 
0 551 0 519 520 0 520 316 0 206 0 0 810 890 574 0 96 453 448 6 374 0 0 0 704 219 42 0 0 872 188 0 0 0 588 476 133 616 0 834 740 762 781 658 814 980 78 0 295 464 246 464 347 293 321 496 0 0 690 656 0 71 70 0 0 307 847 36 898 0 749 4 502 931 493 215 406 119 839 902 584 459 457 0 609 922 828 0 863 860 904 0 168 109 0 123 858 147 0 783 737 0 581 0 0 
958 721 0 71 77 356 819 75 409 649 0 462 0 0 348 55 311 116 500 568 0 183 748 0 0 830 194 870 0 980 112 948 887 588 0 863 486 206 0 110 0 835 0 151 823 933 785 921 115 0 41 550 815 0 798 479 469 165 0 651 684 92 69 9 850 460 0 0 30 203 793 318 126 159 0 565 428 0 0 873 760 606 943 145 809 736 0 473 950 0 671 50 0 899 492 234 0 0 0 654 0 150 852 0 648 
0 511 470 286 447 101 154 289 0 0 534 0 841 827 302 516 664 318 76 0 960 126 159 975 957 798 0 0 358 0 832 428 233 476 863 0 924 275 550 264 0 95 0 217 272 110 750 376 267 0 625 265 820 0 381 239 920 426 0 0 423 816 908 0 0 0 50 394 278 606 0 331 375 474 941 520 0 300 375 0 0 727 992 897 546 962 382 0 0 923 141 560 0 2 361 299 987 556 0 0 0 702 54 140 0 
421 253 425 269 0 903 782 774 58 88 340 0 235 0 297 0 0 0 2 509 308 2 616 795 370 0 244 565 304 311 0 246 151 133 486 924 0 55 766 0 0 302 467 516 895 0 397 158 477 0 437 524 0 255 999 569 679 496 248 0 382 374 0 8 510 383 147 980 10 381 0 356 0 0 0 462 0 538 668 605 769 880 423 0 548 907 923 130 217 851 586 0 0 0 576 236 498 480 532 0 651 187 977 520 0 
74 911 717 0 2 932 954 397 4 916 0 4 360 694 46 294 578 530 520 601 624 0 0 0 496 868 689 732 586 0 0 271 82 616 206 275 55 0 771 248 0 0 114 983 961 29 691 532 467 192 917 161 910 470 852 13 0 223 0 465 0 0 805 540 0 960 0 12 531 0 873 626 584 0 688 0 165 281 341 688 954 427 568 21 0 937 993 569 102 352 212 54 0 557 0 765 639 0 0 793 979 0 0 432 0 
337 0 290 760 857 87 936 0 479 803 147 970 0 553 343 599 364 306 605 0 785 0 292 816 0 299 314 0 0 321 472 0 165 0 0 550 766 771 0 89 0 0 356 66 97 0 406 281 401 335 133 982 252 111 661 0 409 510 286 89 732 441 266 698 0 82 0 862 179 135 794 327 216 63 973 410 249 643 837 564 0 712 0 607 840 894 569 33 882 941 524 0 209 813 434 652 260 856 266 680 476 0 371 346 140 
0 907 0 5 658 479 357 486 737 0 927 852 175 556 565 847 0 0 797 594 0 462 340 68 929 587 613 0 969 777 91 185 913 834 110 264 0 248 89 0 517 14 878 618 0 41 26 947 665 529 324 0 668 253 285 643 351 565 957 0 590 791 174 33 393 963 0 782 935 201 284 0 335 7 10 304 42 684 159 247 246 829 185 893 0 0 849 0 301 649 76 786 782 862 974 31 180 842 0 972 817 821 692 388 0 
35 981 0 859 0 663 0 283 654 0 92 503 79 0 102 818 17 57 0 0 101 454 108 80 540 0 16 0 517 298 932 194 736 740 0 0 0 0 0 517 0 571 507 938 0 0 467 0 0 572 612 44 441 458 200 118 266 0 513 262 756 424 894 211 180 793 190 468 623 454 774 895 0 928 0 76 0 0 492 488 440 0 860 752 354 287 0 625 897 599 500 895 93 0 180 0 493 0 40 936 548 946 508 0 566 
0 458 34 805 570 679 547 430 838 642 425 659 97 0 465 0 699 0 0 0 396 511 660 0 60 0 481 0 0 833 873 267 186 762 835 95 302 0 0 14 571 0 107 0 407 143 678 386 34 587 165 0 107 0 0 667 726 584 609 139 120 403 587 0 340 0 59 0 94 391 266 443 226 659 462 0 738 223 645 0 0 0 0 779 301 283 675 0 0 313 204 856 374 0 802 52 898 447 334 560 72 496 0 428 0 
0 471 0 140 15 0 308 159 96 327 923 157 837 0 216 960 572 821 470 241 0 0 558 57 950 250 259 597 0 158 710 775 809 781 0 0 467 114 356 878 507 107 0 0 0 575 812 0 180 443 643 0 0 0 0 790 121 156 541 666 927 0 614 648 948 930 0 0 539 214 201 644 306 444 993 320 750 802 518 180 0 843 0 0 579 242 221 752 956 218 171 631 378 942 864 69 0 265 785 830 0 542 698 0 221 
383 345 166 696 555 0 431 0 959 453 0 638 300 0 161 412 0 0 0 0 994 0 0 0 360 0 371 321 394 974 546 45 902 658 151 217 516 983 66 618 938 0 0 0 911 0 897 706 919 953 703 292 0 489 590 14 683 348 0 365 385 348 961 647 982 476 838 543 0 413 775 0 794 0 170 585 0 944 31 460 832 481 848 0 0 0 194 657 886 589 512 162 133 471 773 140 932 0 196 0 603 0 777 0 0 
0 858 848 51 460 783 693 418 908 944 0 999 128 524 39 963 0 0 975 0 842 0 670 60 2 500 521 615 550 536 557 595 523 814 823 272 895 961 97 0 0 407 0 911 0 0 0 323 390 28 175 58 0 918 0 0 313 45 94 303 0 446 0 0 939 0 0 206 0 904 894 397 755 0 890 941 874 0 130 0 2 0 204 345 260 0 738 836 865 925 99 507 211 319 564 0 622 0 69 857 960 296 625 275 178 
884 0 45 214 193 758 0 505 0 270 995 485 0 919 449 0 0 0 0 64 612 0 0 267 541 335 888 737 827 429 0 219 219 980 933 110 0 29 0 41 0 143 575 0 0 0 988 0 178 392 839 154 75 550 130 188 562 268 0 635 178 628 631 0 366 681 490 132 0 210 452 755 525 0 174 174 204 185 894 233 370 272 0 737 0 846 935 0 141 922 870 678 732 351 721 107 289 21 469 278 210 808 673 0 616 
429 797 0 246 48 17 0 6 0 574 537 176 827 115 554 24 732 536 289 0 587 917 128 35 459 573 0 591 984 0 0 239 67 78 785 750 397 691 406 26 467 678 812 897 0 988 0 392 748 0 727 114 290 221 589 575 162 413 0 0 216 0 0 677 7 0 300 673 0 998 651 178 615 2 953 41 863 770 0 541 523 0 388 0 167 757 0 807 415 581 0 0 0 289 0 84 0 799 547 50 958 0 0 227 341 
945 45 735 429 774 0 144 0 0 0 812 281 0 778 887 567 577 0 400 519 246 51 0 146 0 0 0 0 0 665 727 568 265 0 921 376 158 532 281 947 0 386 0 706 323 0 392 0 866 0 0 790 0 611 0 726 499 0 0 25 0 0 899 954 786 917 129 0 489 0 306 224 0 455 0 387 173 122 624 0 758 343 283 773 829 126 0 18 0 428 386 0 99 903 950 875 661 797 0 108 0 263 260 58 455 
0 506 722 530 0 378 314 526 171 0 591 55 365 174 0 410 859 510 983 924 663 517 575 26 0 0 585 0 484 893 113 585 990 295 115 267 477 467 401 665 0 34 180 919 390 178 748 866 0 480 971 669 920 477 0 307 100 0 209 319 838 741 486 370 31 0 955 0 0 613 974 688 70 143 434 332 408 468 729 494 0 364 546 887 0 0 528 25 0 148 0 827 777 9 534 539 275 98 158 377 137 362 553 48 535 
661 0 0 785 630 0 0 0 766 0 314 164 951 337 869 185 834 0 91 823 392 753 0 821 299 373 905 92 129 824 33 446 480 464 0 0 0 192 335 529 572 587 443 953 28 392 0 0 480 0 0 850 964 0 0 341 9 725 722 0 0 696 485 978 174 514 211 933 0 324 234 657 810 508 0 45 787 285 282 408 0 183 0 996 951 125 550 0 0 956 17 0 881 688 587 0 863 140 15 174 0 865 495 0 118 
385 771 967 0 387 513 943 17 0 0 811 0 746 124 0 52 0 544 454 580 894 655 237 739 40 538 0 912 0 858 0 183 0 246 41 625 437 917 133 324 612 165 643 703 175 839 727 0 971 0 0 367 116 0 433 717 528 0 975 285 530 0 494 0 264 409 851 0 246 14 658 278 151 761 945 404 0 9 216 920 785 0 831 295 0 68 378 79 842 754 251 0 332 650 492 94 607 12 292 972 703 0 393 881 520 
239 0 726 0 0 287 648 61 148 0 739 782 416 495 991 448 12 0 0 308 383 234 565 88 732 0 0 183 0 907 180 25 112 464 550 265 524 161 982 0 44 0 0 292 58 154 114 790 669 850 367 0 0 887 777 0 552 456 0 0 0 649 422 237 0 0 196 0 26 8 64 27 429 453 57 701 0 534 838 947 624 0 0 93 974 0 868 593 0 0 517 0 0 0 44 25 106 75 182 306 0 0 930 0 969 
26 8 315 746 0 0 969 246 196 637 845 904 750 762 655 0 792 138 0 355 187 0 0 0 337 152 0 92 75 0 508 815 0 347 815 820 0 910 252 668 441 107 0 0 0 75 290 0 920 964 116 0 0 173 0 388 0 792 539 129 600 156 0 628 933 355 356 562 989 490 265 102 919 0 587 697 266 77 0 719 622 677 423 628 0 0 0 0 184 624 752 0 0 0 0 0 193 296 563 196 389 307 246 0 466 
308 656 841 827 0 762 662 302 267 887 854 718 0 23 854 0 0 138 971 829 154 958 515 0 680 162 0 319 891 905 0 996 542 293 0 0 255 470 111 253 458 0 0 489 918 550 221 611 477 0 0 887 173 0 739 289 546 547 508 267 0 46 434 498 0 13 446 344 13 349 0 851 269 84 838 109 0 811 869 7 575 952 956 613 974 0 0 738 714 0 459 928 182 549 738 632 0 363 482 301 0 0 787 475 880 
0 738 0 859 8 387 125 645 503 993 0 328 0 446 556 0 0 191 195 0 670 247 0 601 317 0 39 631 0 0 0 810 71 321 798 381 999 852 661 285 200 0 0 590 0 130 589 0 0 0 433 777 0 739 0 648 348 701 0 463 77 636 0 0 391 0 492 895 982 93 295 282 263 990 0 312 890 494 871 630 421 0 387 763 0 258 266 475 0 140 499 0 302 0 172 110 0 655 812 901 553 342 974 896 184 
447 384 471 812 39 701 390 392 970 384 662 0 445 249 57 555 92 0 626 269 0 672 643 707 0 382 0 611 0 663 0 967 678 496 479 239 569 13 0 643 118 667 790 14 0 188 575 726 307 341 717 0 388 289 648 0 0 638 23 0 0 47 0 431 0 521 833 798 118 662 219 0 40 521 622 0 26 323 0 0 0 0 825 0 464 473 448 54 466 215 401 924 0 0 0 777 278 550 553 0 620 808 0 0 663 
422 0 724 260 606 0 0 969 775 512 538 771 147 863 595 0 33 0 806 0 85 0 435 0 0 869 146 825 515 320 202 854 453 0 469 920 679 0 409 351 266 726 121 683 313 562 162 499 100 9 528 552 0 546 348 0 0 0 294 519 792 872 0 969 0 294 0 585 375 702 864 398 763 371 44 0 578 0 220 578 66 78 721 566 390 722 0 420 991 734 0 895 0 499 613 52 483 0 975 188 863 101 269 532 473 
487 448 400 955 134 10 0 250 700 787 13 802 0 272 361 804 0 307 0 0 717 85 886 0 421 840 570 940 690 265 752 610 952 0 165 426 496 223 510 565 0 584 156 348 45 268 413 0 0 725 0 456 792 547 701 638 0 0 70 224 0 269 290 914 544 722 0 399 0 628 633 355 0 0 447 302 810 99 0 954 818 0 681 267 366 430 630 4 424 135 0 0 945 782 882 872 611 736 412 0 0 98 208 725 486 
388 901 0 300 366 914 347 110 247 978 756 188 771 77 0 586 97 1 0 979 420 191 103 645 396 641 0 431 0 326 798 0 79 690 0 0 248 0 286 957 513 609 541 0 94 0 0 0 209 722 975 0 539 508 0 23 294 70 0 805 0 395 93 168 0 0 869 0 0 0 259 0 581 784 392 954 950 335 521 814 737 719 585 430 118 248 313 0 0 858 40 349 840 206 590 792 700 742 976 544 363 192 328 89 136 
769 0 135 806 762 0 788 0 0 278 0 575 209 123 400 447 437 806 482 0 560 369 411 0 0 721 783 800 113 807 0 143 566 656 651 0 0 465 89 0 262 139 666 365 303 635 0 25 319 0 285 0 129 267 463 0 519 224 805 0 602 942 344 194 574 0 198 84 801 0 0 16 146 876 0 796 215 82 0 407 920 0 117 102 0 75 337 75 470 701 0 569 17 0 931 228 357 523 913 0 0 239 21 945 818 
234 477 0 756 0 872 0 360 406 709 0 343 724 0 0 389 56 28 0 719 580 955 0 0 74 477 0 0 878 412 614 0 798 0 684 423 382 0 732 590 756 120 927 385 0 178 216 0 838 0 530 0 600 0 77 0 792 0 0 602 0 671 130 52 0 914 865 597 0 328 819 467 231 145 760 0 0 648 240 4 441 2 738 450 685 0 776 240 0 742 100 150 0 785 280 685 153 175 0 865 303 0 0 680 418 
631 60 141 0 102 0 702 955 596 566 345 701 482 0 185 739 424 997 788 0 822 0 478 314 982 721 975 194 828 140 939 875 572 71 92 816 374 0 441 791 424 403 0 348 446 628 0 0 741 696 0 649 156 46 636 47 872 269 395 942 671 0 396 280 812 343 198 0 52 93 752 722 0 607 226 0 674 111 178 708 563 268 0 0 13 314 710 0 273 0 0 720 547 753 690 606 74 0 786 932 984 0 60 26 124 
0 0 951 0 0 0 659 313 113 579 738 449 136 757 473 0 0 324 794 850 597 550 825 551 0 227 10 872 0 991 748 0 901 70 69 908 0 805 266 174 894 587 614 961 0 631 0 899 486 485 494 422 0 434 0 0 0 290 93 344 130 396 0 118 0 822 339 954 0 898 147 62 348 507 970 242 516 508 983 248 0 636 523 0 445 211 170 660 818 783 502 415 293 972 0 909 957 717 382 699 970 880 564 0 0 
0 0 901 51 0 669 463 65 615 0 823 251 0 179 283 1 0 384 0 307 350 829 30 0 817 0 767 483 999 77 0 0 433 0 9 0 8 540 698 33 211 0 648 647 0 0 677 954 370 978 0 237 628 498 0 431 969 914 168 194 52 280 118 0 111 999 397 459 132 0 669 21 17 356 0 0 252 932 763 659 425 559 535 928 823 0 720 722 510 824 0 0 859 0 447 924 0 329 217 236 208 426 0 839 0 
477 0 60 0 647 0 0 88 409 993 850 0 455 0 557 750 0 815 671 484 0 15 565 330 594 744 821 0 657 0 0 0 0 0 850 0 510 0 0 393 180 340 948 982 939 366 7 786 31 174 264 0 933 0 391 0 0 544 0 574 0 812 0 111 0 0 647 929 0 711 22 917 731 0 0 740 6 0 0 150 891 968 330 890 407 889 352 898 604 236 629 271 859 799 0 29 0 457 460 869 753 0 603 933 69 
601 225 927 345 731 382 216 28 0 0 708 62 0 99 0 964 112 322 0 169 151 0 180 199 574 523 893 402 694 397 335 679 499 307 460 0 383 960 82 963 793 0 930 476 0 681 0 917 0 514 409 0 355 13 0 521 294 722 0 0 914 343 822 999 0 0 0 0 0 524 0 684 740 566 264 923 600 321 0 367 707 861 688 0 0 0 212 894 405 0 460 973 317 104 490 411 355 3 419 0 201 87 732 242 458 
336 194 194 383 813 926 254 694 641 835 576 609 0 165 472 611 258 768 588 357 0 331 294 682 238 847 787 0 14 900 63 0 0 847 0 50 147 0 0 0 190 59 0 838 0 490 300 129 955 211 851 196 356 446 492 833 0 0 869 198 865 198 339 397 647 0 0 0 636 0 510 305 913 0 287 993 890 365 815 343 781 0 117 110 0 429 808 711 371 0 0 474 515 4 828 429 0 100 912 65 91 555 597 554 0 
0 224 564 546 851 873 39 732 335 452 820 0 556 284 0 0 0 679 998 856 820 242 984 8 107 0 0 676 886 727 339 0 0 36 0 394 980 12 862 782 468 0 0 543 206 132 673 0 0 933 0 0 562 344 895 798 585 399 0 84 597 0 954 459 929 0 0 0 942 0 951 847 129 481 739 426 532 851 75 912 0 797 448 881 601 79 56 828 419 314 432 203 420 958 590 326 440 776 208 498 367 215 409 0 160 
237 171 156 685 102 895 0 232 157 826 731 0 877 0 603 0 294 67 670 718 0 86 783 206 823 768 542 548 0 739 374 0 788 898 30 278 10 531 179 935 623 94 539 0 0 0 0 489 0 0 246 26 989 13 982 118 375 0 0 801 0 52 0 132 0 0 636 942 0 0 337 237 963 943 656 144 854 570 885 637 173 0 637 117 0 73 573 0 726 0 0 166 628 139 810 456 10 11 663 342 144 562 221 81 955 
0 402 800 98 576 326 649 874 459 0 0 702 0 304 933 418 246 796 0 342 0 429 950 163 145 628 731 836 507 95 396 561 11 0 203 606 381 0 135 201 454 391 214 413 904 210 998 0 613 324 14 8 490 349 93 662 702 628 0 0 328 93 898 0 711 524 0 0 0 0 619 505 531 238 0 587 78 0 337 0 625 374 0 66 911 0 0 691 190 891 0 0 47 0 895 102 956 0 34 878 757 381 0 0 29 
325 320 148 834 0 0 0 0 0 0 422 949 0 543 310 486 0 508 755 596 489 278 896 545 285 0 664 987 240 105 781 0 0 749 793 0 0 873 794 284 774 266 201 775 894 452 651 306 974 234 658 64 265 0 295 219 864 633 259 0 819 752 147 669 22 0 510 951 337 619 0 0 230 376 433 33 0 0 27 70 157 515 854 719 887 150 0 34 379 254 896 628 845 0 384 974 176 910 954 0 0 642 986 583 340 
243 622 238 209 0 750 0 0 896 0 0 756 196 740 826 264 910 0 298 187 0 0 0 303 767 500 869 755 895 97 115 880 329 4 318 331 356 626 327 0 895 443 644 0 397 755 178 224 688 657 278 27 102 851 282 0 398 355 0 16 467 722 62 21 917 684 305 847 237 505 0 0 639 79 908 213 910 248 937 0 446 731 327 997 507 869 573 999 658 0 27 134 819 693 456 596 194 764 0 562 43 776 158 546 412 
171 130 675 376 232 666 807 743 614 299 194 0 814 0 293 998 0 897 171 0 518 822 101 696 0 399 593 917 518 7 0 64 348 502 126 375 0 584 216 335 0 226 306 794 755 525 615 0 70 810 151 429 919 269 263 40 763 0 581 146 231 0 348 17 731 740 913 129 963 531 230 639 0 992 635 493 237 290 0 415 655 310 557 763 678 934 256 741 900 0 598 643 270 295 969 80 184 403 856 459 405 548 967 199 197 
182 727 983 0 516 0 0 0 0 0 983 489 673 762 332 968 701 827 0 945 0 571 98 328 0 281 101 0 499 803 0 664 873 931 159 474 0 0 63 7 928 659 444 0 0 0 2 455 143 508 761 453 0 84 990 521 371 0 784 876 145 607 507 356 0 566 0 481 943 238 376 79 992 0 367 0 363 0 551 282 0 0 979 0 0 733 721 742 0 0 63 0 149 731 298 253 0 809 0 823 451 222 444 208 0 
0 778 163 0 641 313 0 334 753 980 112 231 622 357 676 374 975 0 372 148 257 0 0 0 250 0 0 0 220 924 839 532 819 493 0 941 0 688 973 10 0 462 993 170 890 174 953 0 434 0 945 57 587 838 0 622 44 447 392 0 760 226 970 0 0 264 287 739 656 0 433 908 635 367 0 530 795 0 332 945 0 0 0 1 782 351 0 0 609 690 987 899 0 0 976 665 183 0 697 449 253 0 600 828 144 
800 848 14 412 626 433 0 0 832 907 842 634 598 545 330 0 744 0 227 321 0 0 152 135 790 0 880 893 0 0 533 718 0 215 565 520 462 0 410 304 76 0 320 585 941 174 41 387 332 45 404 701 697 109 312 0 0 302 954 796 0 0 242 0 740 923 993 426 144 587 33 213 493 0 530 0 836 487 362 656 739 398 430 965 467 0 448 880 0 0 408 196 0 50 656 0 460 547 0 322 464 873 975 21 365 
0 0 763 0 0 990 664 385 31 0 251 818 245 979 0 43 821 368 400 0 240 0 0 0 754 852 191 226 596 380 657 249 297 406 428 0 0 165 249 42 0 738 750 0 874 204 863 173 408 787 0 0 266 0 890 26 578 810 950 215 0 674 516 252 6 600 890 532 854 78 0 910 237 363 795 836 0 475 0 595 468 494 615 542 254 827 0 247 476 145 155 975 0 194 440 882 313 925 0 978 627 451 0 864 85 
607 0 624 91 681 982 0 0 27 293 591 0 980 0 0 707 917 0 0 152 641 829 249 70 794 499 17 120 741 987 818 0 50 119 0 300 538 281 643 684 0 223 802 944 0 185 770 122 468 285 9 534 77 811 494 323 0 99 335 82 648 111 508 932 0 321 365 851 570 0 0 248 290 0 0 487 475 0 951 835 697 937 253 0 0 756 0 0 0 447 155 0 903 0 679 470 731 0 179 353 0 708 639 590 757 
578 554 782 168 0 892 507 423 597 558 0 0 989 650 389 917 0 899 202 298 356 664 307 229 868 126 0 166 784 0 418 0 561 839 0 375 668 341 837 159 492 645 518 31 130 894 0 624 729 282 216 838 0 869 871 0 220 0 521 0 240 178 983 763 0 0 815 75 885 337 27 937 0 551 332 362 0 951 0 656 0 914 0 0 568 528 883 338 495 0 821 635 925 781 603 733 429 0 84 0 268 681 0 0 0 
868 0 236 353 128 168 0 856 86 103 306 68 647 0 167 830 0 0 181 376 472 0 911 554 133 23 0 853 0 966 599 985 287 902 873 0 605 688 564 247 488 0 180 460 0 233 541 0 494 408 920 947 719 7 630 0 578 954 814 407 4 708 248 659 150 367 343 912 637 0 70 0 415 282 945 656 595 835 656 0 0 930 261 0 799 668 0 0 194 0 326 242 0 0 168 389 246 238 885 0 155 870 757 0 0 
576 0 299 65 0 934 0 32 932 3 589 166 108 0 0 0 952 213 64 15 0 0 0 42 0 604 907 116 835 0 0 552 383 584 760 0 769 954 0 246 440 0 0 832 2 370 523 758 0 0 785 624 622 575 421 0 66 818 737 920 441 563 0 425 891 707 781 0 173 625 157 446 655 0 0 739 468 697 0 0 0 685 663 372 0 620 357 0 196 241 721 277 672 249 984 742 855 591 60 89 0 713 782 558 0 
403 418 0 571 378 0 164 0 485 618 346 557 462 0 289 488 505 42 777 0 70 837 404 0 773 723 0 0 862 368 5 202 180 459 606 727 880 427 712 829 0 0 843 481 0 272 0 343 364 183 0 0 677 952 0 0 78 0 719 0 2 268 636 559 968 861 0 797 0 374 515 731 310 0 0 398 494 937 914 930 685 0 731 642 145 794 19 0 485 44 989 387 588 467 369 256 891 0 446 204 896 740 549 0 105 
0 445 148 248 0 276 802 937 300 0 113 463 615 0 286 0 896 590 0 0 0 41 827 240 0 324 758 25 540 0 748 325 33 457 943 992 423 568 0 185 860 0 0 848 204 0 388 283 546 0 831 0 423 956 387 825 721 681 585 117 738 0 523 535 330 688 117 448 637 0 854 327 557 979 0 430 615 253 0 261 663 731 0 125 510 282 830 758 365 0 198 868 0 317 986 64 0 864 565 0 811 0 409 111 983 
0 905 815 923 195 958 492 797 448 967 925 784 0 65 0 37 0 0 0 0 188 0 339 904 219 64 13 43 0 939 553 157 832 0 145 897 0 21 607 893 752 779 0 0 345 737 0 773 887 996 295 93 628 613 763 0 566 267 430 102 450 0 0 928 890 0 110 881 117 66 719 997 763 0 1 965 542 0 0 0 372 642 125 0 241 0 510 635 130 0 350 209 887 5 530 992 167 726 0 394 530 654 0 0 273 
156 666 0 568 19 599 655 0 347 444 976 602 0 294 169 830 0 499 323 904 0 0 739 0 980 846 576 0 290 0 205 775 568 609 809 546 548 0 840 0 354 301 579 0 260 0 167 829 0 951 0 974 0 974 0 464 390 366 118 0 685 13 445 823 407 0 0 601 0 911 887 507 678 0 782 467 254 0 568 799 0 145 510 241 0 396 318 422 0 0 997 794 0 709 359 277 41 582 522 901 496 273 0 315 878 
79 632 74 0 459 0 586 565 0 466 55 0 345 130 352 539 848 475 0 869 846 982 415 76 639 591 134 0 447 0 353 434 756 922 736 962 907 937 894 0 287 283 242 0 0 846 757 126 0 125 68 0 0 0 258 473 722 430 248 75 0 314 211 0 889 0 429 79 73 0 150 869 934 733 351 0 827 756 528 668 620 794 282 0 396 0 19 255 176 0 0 0 355 82 108 258 0 559 0 269 617 0 667 596 490 
0 664 917 658 0 756 346 0 860 315 637 0 156 996 237 49 0 17 715 909 283 0 0 244 418 795 983 0 751 164 0 16 634 828 0 382 923 993 569 849 0 675 221 194 738 935 0 0 528 550 378 868 0 0 266 448 0 630 313 337 776 710 170 720 352 212 808 56 573 0 0 573 256 721 0 448 0 0 883 0 357 19 830 510 318 19 0 172 97 3 444 748 0 229 592 358 195 544 667 0 472 682 247 953 870 
398 867 0 353 487 279 0 32 561 541 278 159 885 0 0 0 392 0 106 928 0 496 0 381 637 117 32 148 0 59 483 0 798 0 473 0 130 569 33 0 625 0 752 657 836 0 807 18 25 0 79 593 0 738 475 54 420 4 0 75 240 0 660 722 898 894 711 828 0 691 34 999 741 742 0 880 247 0 338 0 0 0 758 635 422 255 172 0 0 0 0 215 606 674 187 999 0 399 85 0 376 767 528 0 0 
973 793 0 0 0 332 673 0 816 714 0 0 831 0 660 616 160 642 0 436 686 0 411 316 70 260 217 618 61 0 711 423 740 863 950 0 217 102 882 301 897 0 956 886 865 141 415 0 0 0 842 0 184 714 0 466 991 424 0 470 0 273 818 510 604 405 371 419 726 190 379 658 900 0 609 0 476 0 495 194 196 485 365 130 0 176 97 0 0 481 262 0 315 0 890 168 955 89 917 277 15 0 551 654 339 
774 88 896 0 0 335 21 273 37 844 953 813 718 901 850 109 0 0 910 578 100 63 0 941 306 226 786 678 393 529 170 821 80 860 0 923 851 352 941 649 599 313 218 589 925 922 581 428 148 956 754 0 624 0 140 215 734 135 858 701 742 0 783 824 236 0 0 314 0 891 254 0 0 0 690 0 145 447 0 0 241 44 0 0 0 0 3 0 481 0 171 178 842 443 0 753 741 651 341 630 874 0 0 228 0 
853 972 171 0 134 339 702 5 309 455 815 564 727 282 719 335 541 0 178 113 346 510 727 978 57 0 0 645 155 694 0 337 0 904 671 141 586 212 524 76 500 204 171 512 99 870 0 386 0 17 251 517 752 459 499 401 0 0 40 0 100 0 502 0 629 460 0 432 0 0 896 27 598 63 987 408 155 155 821 326 721 989 198 350 997 0 444 0 262 171 0 539 577 51 50 481 0 451 0 164 262 9 422 0 0 
23 0 0 224 567 0 46 890 0 180 0 586 960 0 750 511 102 935 460 609 154 0 382 529 721 44 355 0 436 949 0 597 652 0 50 560 0 54 0 786 895 856 631 162 507 678 0 0 827 0 0 0 0 928 0 924 895 0 349 569 150 720 415 0 271 973 474 203 166 0 628 134 643 0 899 196 975 0 635 242 277 387 868 209 794 0 748 215 0 178 539 0 0 415 597 870 467 548 875 909 997 398 486 265 899 
0 0 901 354 648 86 598 0 0 270 261 104 0 37 0 931 0 957 56 58 112 697 593 519 0 300 961 0 784 705 926 0 570 168 0 0 0 0 209 782 93 374 378 133 211 732 0 99 777 881 332 0 0 182 302 0 0 945 840 17 0 547 293 859 859 317 515 420 628 47 845 819 270 149 0 0 0 903 925 0 672 588 0 887 0 355 0 606 315 842 577 0 0 513 293 347 513 947 127 20 371 0 766 0 800 
228 461 257 488 957 562 841 700 81 678 169 787 352 537 869 999 490 694 982 458 92 953 0 0 0 363 0 0 0 80 847 989 445 109 899 2 0 557 813 862 0 0 942 471 319 351 289 903 9 688 650 0 0 549 0 0 499 782 206 0 785 753 972 0 799 104 4 958 139 0 0 693 295 731 0 50 194 0 781 0 249 467 317 5 709 82 229 674 0 443 51 415 513 0 553 0 0 268 932 396 0 258 53 764 723 
0 514 470 728 667 391 670 890 98 685 0 578 302 0 62 183 0 613 681 0 27 623 23 918 0 286 0 789 0 995 931 458 0 0 492 361 576 0 434 974 180 802 864 773 564 721 0 950 534 587 492 44 0 738 172 0 613 882 590 931 280 690 0 447 0 490 828 590 810 895 384 456 969 298 976 656 440 679 603 168 984 369 986 530 359 108 592 187 890 0 50 597 293 553 0 0 0 0 0 991 763 642 498 542 375 
160 381 0 0 755 782 208 166 368 252 239 147 0 787 827 289 849 488 0 977 0 538 160 190 858 0 100 823 0 973 172 0 773 123 234 299 236 765 652 31 0 52 69 140 0 107 84 875 539 0 94 25 0 632 110 777 52 872 792 228 685 606 909 924 29 411 429 326 456 102 974 596 80 253 665 0 882 470 733 389 742 256 64 992 277 258 358 999 168 753 481 870 347 0 0 0 235 202 456 421 329 607 62 267 762 
847 184 112 0 0 246 335 94 795 366 126 532 0 0 317 247 0 795 0 311 604 692 0 153 0 19 0 380 155 141 862 440 531 858 0 987 498 639 260 180 493 898 0 932 622 289 0 661 275 863 607 106 193 0 0 278 483 611 700 357 153 74 957 0 0 355 0 440 10 956 176 194 184 0 183 460 313 731 429 246 855 891 0 167 41 0 195 0 955 741 0 467 513 0 0 235 0 438 229 494 797 807 0 200 225 
474 969 184 0 171 336 390 0 0 0 851 472 488 979 0 302 0 618 148 808 798 0 335 0 973 709 676 882 797 863 467 184 910 147 0 556 480 0 856 842 0 447 265 0 0 21 799 797 98 140 12 75 296 363 655 550 0 736 742 523 175 0 717 329 457 3 100 776 11 0 910 764 403 809 0 547 925 0 0 238 591 0 864 726 582 559 544 399 89 651 451 548 947 268 0 202 438 0 0 960 0 0 441 7 270 
355 716 793 100 0 0 111 235 478 0 19 0 0 750 136 3 48 151 709 180 757 0 774 537 414 972 804 137 81 883 0 300 126 0 0 0 532 0 266 0 40 334 785 196 69 469 547 0 158 15 292 182 563 482 812 553 975 412 976 913 0 786 382 217 460 419 912 208 663 34 954 0 856 0 697 0 0 179 84 885 60 446 565 0 522 0 667 85 917 341 0 875 127 932 0 456 229 0 0 345 667 134 823 155 662 
526 474 630 968 710 30 74 512 693 0 357 286 0 83 884 793 95 458 509 324 255 0 0 4 787 998 0 328 807 0 631 0 0 783 654 0 0 793 680 972 936 560 830 0 857 278 50 108 377 174 972 306 196 301 901 0 188 0 544 0 865 932 699 236 869 0 65 498 342 878 0 562 459 823 449 322 978 353 0 0 89 204 0 394 901 269 0 0 277 630 164 909 20 396 991 421 494 960 345 0 677 173 860 974 896 
646 535 245 0 0 715 959 645 987 756 11 0 0 706 0 904 852 888 0 202 634 923 424 602 380 317 927 801 0 154 937 121 0 737 0 0 651 979 476 817 548 72 0 603 960 210 958 0 137 0 703 0 389 0 553 620 863 0 363 0 303 984 970 208 753 201 91 367 144 757 0 43 405 451 253 464 627 0 268 155 0 896 811 530 496 617 472 376 15 874 262 997 371 0 763 329 797 0 667 677 0 650 279 759 586 
23 730 0 856 406 833 378 715 631 0 738 225 359 0 316 929 486 81 82 414 277 525 0 482 780 468 0 0 0 999 0 0 279 0 150 702 187 0 0 821 946 496 542 0 296 808 0 263 362 865 0 0 307 0 342 808 101 98 192 239 0 0 880 426 0 87 555 215 562 381 642 776 548 222 0 873 451 708 681 870 713 740 0 654 273 0 682 767 0 0 9 398 0 258 642 607 807 0 134 173 650 0 481 970 844 
340 0 961 936 314 688 833 0 457 24 950 919 220 772 618 419 844 395 536 0 805 0 285 88 672 459 0 550 0 315 801 0 0 581 852 54 977 0 371 692 508 0 698 777 625 673 0 260 553 495 393 930 246 787 974 0 269 208 328 21 0 60 564 0 603 732 597 409 221 0 986 158 967 444 600 975 0 639 0 757 782 549 409 0 0 667 247 528 551 0 422 486 766 53 498 62 0 441 823 860 279 481 0 0 412 
938 59 0 522 0 48 80 312 682 551 121 0 789 456 987 0 441 423 0 112 797 603 53 635 249 170 843 112 0 549 435 303 864 0 0 140 520 432 346 388 0 428 0 0 275 0 227 58 48 0 881 0 0 475 896 0 532 725 89 945 680 26 0 839 933 242 554 0 81 0 583 546 199 208 828 21 864 590 0 0 558 0 111 0 315 596 953 0 654 228 0 265 0 764 542 267 200 7 155 974 759 970 0 0 425 
0 381 379 431 0 112 614 580 69 177 90 341 296 245 792 0 558 47 580 0 263 0 818 163 77 329 505 0 675 824 383 791 999 0 648 0 0 0 140 0 566 0 221 0 178 616 341 455 535 118 520 969 466 880 184 663 473 486 136 818 418 124 0 0 69 458 0 160 955 29 340 412 197 0 144 365 85 757 0 0 0 105 983 273 878 490 870 0 339 0 0 899 800 723 375 762 225 270 662 896 586 844 412 425 0 
