0 0 736 0 956 803 0 0 385 884 0 0 58 914 69 586 132 764 659 113 786 0 95 0 152 203 478 0 0 0 288 0 346 130 385 457 587 0 0 899 626 802 334 0 352 705 0 977 528 681 923 332 0 0 179 0 417 0 800 518 49 346 809 396 0 33 571 692 224 115 295 946 991 673 211 99 829 0 29 434 393 401 588 282 281 0 0 249 222 0 772 586 313 55 666 571 967 403 994 919 0 510 530 954 0 850 0 743 715 598 281 614 0 940 638 0 0 896 603 500 824 0 824 618 878 0 586 0 0 468 72 430 929 0 832 0 160 26 879 588 117 157 0 0 271 280 733 689 0 0 0 657 0 487 588 684 261 546 705 466 927 833 180 324 187 154 515 0 0 864 0 328 953 952 89 0 0 44 652 264 417 602 53 964 0 365 0 0 322 110 681 0 0 296 422 869 782 192 0 0 12 0 205 697 245 780 0 408 488 32 942 274 324 280 591 74 629 0 0 523 0 945 522 500 716 372 0 273 89 0 107 477 225 168 0 0 323 290 569 409 416 0 153 244 472 819 0 639 635 0 0 0 667 185 951 887 12 759 358 0 0 0 212 396 980 927 703 160 192 880 557 0 0 797 959 0 481 232 0 0 
0 0 0 0 0 768 401 627 325 104 273 150 704 438 930 0 137 952 569 448 0 0 595 123 0 30 983 934 575 264 0 63 998 0 44 811 784 939 813 44 990 948 746 159 567 344 889 0 993 878 612 872 355 927 803 966 288 0 0 583 220 483 906 521 794 359 203 0 143 0 846 914 894 0 557 622 0 766 274 739 822 0 0 0 2 744 45 118 860 634 0 415 572 0 528 933 350 41 0 284 0 252 0 222 0 880 558 0 486 835 175 255 0 291 135 0 470 262 0 997 27 196 0 844 0 0 476 0 984 0 200 372 917 0 397 988 968 0 616 71 765 220 519 0 704 224 0 836 794 704 0 0 652 0 58 635 29 574 762 492 223 127 269 631 783 76 714 992 315 669 0 924 163 0 0 226 784 143 429 176 348 793 506 844 610 674 918 0 842 225 0 961 51 841 120 775 0 565 0 0 701 0 382 0 227 510 722 200 438 817 297 225 895 707 160 124 0 0 0 328 58 586 56 0 659 503 0 565 327 190 446 0 360 389 117 529 0 0 497 62 0 118 0 703 746 239 0 577 837 124 502 116 619 772 939 236 980 22 635 913 487 0 125 11 0 341 298 0 229 624 536 459 0 569 552 778 0 28 738 773 
736 0 0 780 355 0 888 537 0 0 0 398 0 596 815 350 0 844 0 974 213 0 180 146 929 167 524 920 242 0 116 181 406 0 871 0 34 0 933 102 289 0 0 714 438 6 0 444 825 0 656 652 0 658 615 839 833 775 0 452 182 707 68 421 958 264 250 5 0 688 345 207 0 555 0 946 829 10 728 0 578 890 304 340 233 216 424 0 20 169 520 327 178 936 141 692 0 304 953 269 0 0 361 40 558 0 25 627 741 64 816 339 652 795 262 995 28 0 114 0 987 614 882 0 841 503 236 331 483 0 0 45 10 0 0 241 0 0 520 0 0 584 772 0 174 288 855 654 0 0 0 404 580 330 578 732 94 552 742 0 0 986 992 0 620 585 884 964 320 35 0 958 186 995 0 857 663 0 600 450 958 0 0 471 977 224 41 593 368 0 474 694 219 215 865 0 700 0 816 0 0 393 838 128 502 765 744 0 598 170 794 688 0 97 413 542 341 51 186 104 0 86 0 477 33 659 375 144 0 224 84 0 746 0 585 911 708 445 883 0 848 788 171 0 991 373 3 653 523 623 614 656 0 0 793 509 991 312 129 828 116 989 45 37 0 472 68 833 79 130 217 321 784 192 415 0 652 258 0 360 
0 0 780 0 652 987 182 773 851 0 957 417 118 255 541 415 207 193 920 212 830 42 144 693 0 998 423 481 0 0 0 0 972 97 0 0 77 0 79 101 0 854 352 27 0 195 0 753 696 62 788 501 300 802 506 669 356 0 971 240 310 828 984 128 0 568 142 110 906 536 914 287 10 0 503 165 13 162 299 838 0 0 251 447 422 782 768 913 0 0 0 0 844 878 992 888 14 932 0 181 826 565 823 659 666 393 79 764 210 361 602 269 0 113 296 0 0 573 0 0 81 993 109 289 106 539 85 946 0 931 836 0 359 190 0 411 253 0 219 410 882 868 851 70 811 0 36 0 41 365 781 0 379 0 0 543 555 970 695 0 341 0 0 903 401 0 495 619 222 651 78 460 808 643 961 911 256 867 0 814 113 920 0 480 17 532 351 835 634 81 880 489 991 266 507 654 962 985 821 727 430 742 0 546 340 0 820 875 94 903 752 0 879 457 0 100 376 0 936 0 971 618 122 0 848 105 88 569 924 575 324 0 27 579 0 566 0 555 0 611 355 0 619 458 0 537 319 796 0 541 179 344 0 152 138 86 213 489 752 358 6 815 940 81 680 519 846 363 211 854 0 0 928 875 613 690 489 168 370 0 
956 0 355 652 0 84 0 0 567 0 551 279 0 469 285 751 213 746 0 0 0 0 0 798 547 755 966 0 292 0 0 319 391 757 284 673 151 914 993 618 510 0 998 292 694 428 94 1 911 613 64 432 520 388 248 912 971 0 0 257 827 160 746 24 410 0 410 837 520 911 297 295 0 773 496 537 0 651 0 431 706 991 748 414 989 740 0 205 272 0 0 715 0 583 482 0 99 0 813 720 0 971 0 0 183 0 663 832 212 241 655 214 919 0 588 460 517 843 623 614 911 0 0 700 439 952 0 775 477 32 540 280 824 0 0 67 900 918 152 795 0 0 0 628 486 970 229 55 0 579 771 482 338 0 915 0 233 733 0 478 300 0 549 31 751 952 222 749 208 903 47 426 0 557 9 230 283 0 342 804 710 275 467 638 181 650 0 0 0 830 0 965 0 773 0 972 775 0 886 909 913 0 744 785 354 906 366 38 681 0 675 399 0 245 179 617 243 280 0 25 965 0 21 529 180 420 75 690 0 815 662 0 675 628 105 953 61 0 343 0 568 0 23 377 290 109 0 175 798 885 193 290 458 499 26 192 243 40 0 282 0 0 0 0 670 0 456 44 0 509 924 918 286 0 412 165 163 14 0 861 
803 768 0 987 84 0 556 235 152 873 721 132 600 818 892 0 237 944 364 888 954 0 563 0 168 0 36 75 215 408 835 398 910 941 122 644 576 5 0 313 242 0 649 309 694 960 735 620 35 261 69 0 883 9 0 519 871 514 0 359 44 0 797 585 769 718 242 408 133 495 371 866 278 717 898 853 414 207 154 553 11 0 587 498 704 0 106 337 0 849 621 519 755 0 0 0 378 608 0 867 836 816 583 350 0 573 697 514 557 732 336 0 426 957 335 305 0 0 670 879 328 70 206 660 475 732 785 63 733 311 0 242 108 211 175 416 531 1 0 627 0 906 841 741 45 0 607 925 191 992 0 140 988 0 190 0 331 640 661 860 41 873 0 258 675 0 941 0 0 149 730 915 873 411 68 0 0 0 667 0 121 415 320 0 468 899 262 864 252 759 873 34 620 0 957 609 720 109 892 590 695 411 0 0 0 981 0 129 48 743 356 261 0 278 590 38 495 344 390 928 665 0 0 0 0 15 187 0 0 0 0 769 414 0 54 548 353 731 861 771 123 0 659 26 0 0 736 0 173 371 563 749 884 461 147 11 930 897 0 269 180 66 612 95 553 517 67 998 79 376 687 0 0 0 453 578 359 542 141 870 
0 401 888 182 0 556 0 0 47 474 777 0 928 0 361 759 638 490 0 0 0 8 515 325 693 759 498 635 40 276 52 262 0 0 128 879 649 97 638 739 146 564 0 692 374 572 255 242 0 0 0 141 967 577 800 759 166 510 795 804 513 644 0 858 281 225 769 443 0 621 779 0 0 0 671 157 0 188 0 573 539 560 434 591 801 0 613 955 993 0 0 43 535 171 808 548 0 543 0 32 0 0 170 73 391 0 810 378 0 419 0 0 195 492 43 700 532 792 527 18 0 896 0 336 255 558 48 592 766 0 0 202 691 0 25 392 456 336 159 22 337 0 378 260 0 902 627 227 339 345 0 330 885 290 194 658 860 0 0 550 472 452 769 556 272 366 320 417 168 0 0 859 0 0 917 0 276 532 0 81 882 405 956 0 136 370 242 966 370 0 974 289 769 0 0 0 0 964 0 540 0 286 6 299 0 296 906 361 234 719 853 0 524 912 809 503 222 0 0 0 0 542 880 648 861 555 0 930 466 921 780 892 881 413 300 146 427 0 266 561 492 475 618 737 768 790 797 992 0 870 811 0 0 0 120 727 414 887 226 0 0 39 459 263 821 962 679 0 711 0 97 0 0 817 74 720 40 227 113 203 
0 627 537 773 0 235 0 0 54 427 0 618 217 655 646 0 307 905 0 867 69 349 385 37 755 767 0 23 436 589 0 826 0 128 917 911 0 486 576 907 941 897 0 105 260 647 160 391 0 958 263 254 73 870 835 580 0 87 26 759 224 0 182 547 0 209 0 171 944 352 348 616 146 926 0 292 455 748 0 276 300 0 60 270 191 0 708 955 442 756 0 723 0 0 902 0 0 80 566 865 619 592 635 590 101 270 0 0 999 135 0 217 820 607 0 993 239 484 832 521 0 728 922 227 0 84 645 0 495 0 0 370 0 0 664 372 941 273 693 886 924 0 0 993 977 771 0 271 332 594 0 463 799 912 0 0 80 845 914 397 312 804 235 926 224 343 168 169 952 514 895 533 954 529 367 0 121 807 0 322 311 773 335 798 967 470 603 903 817 0 458 4 114 271 528 310 278 918 0 771 0 0 385 0 479 0 801 827 903 461 843 270 658 961 198 494 614 0 971 973 308 388 45 0 488 763 682 140 536 388 418 0 730 0 0 499 543 120 890 316 0 556 861 348 9 346 448 522 238 0 509 594 559 616 998 715 835 804 461 844 960 365 100 0 630 479 731 565 345 566 117 952 119 692 0 576 382 822 0 659 
385 325 0 851 567 152 47 54 0 641 580 997 1 788 668 0 861 431 0 772 560 420 0 521 0 34 612 430 0 0 0 882 625 474 46 0 4 0 0 31 0 13 770 0 274 887 846 816 0 509 160 0 305 665 81 805 0 40 364 497 710 389 208 0 865 831 0 0 0 0 477 543 0 142 517 334 388 952 373 60 498 29 0 821 225 469 830 767 336 374 622 0 902 0 748 984 199 652 121 0 613 0 46 547 588 0 624 363 341 186 755 510 599 0 798 191 0 0 809 470 418 0 0 780 937 666 390 0 567 678 0 125 830 152 884 306 0 190 248 915 60 957 729 632 0 646 848 0 0 401 0 303 7 361 581 0 579 676 63 0 460 342 0 735 224 0 775 19 0 7 0 664 374 0 614 28 0 0 895 3 70 273 0 838 42 313 170 792 627 0 274 0 789 198 0 453 0 240 10 105 632 590 0 608 122 43 923 0 13 766 0 379 891 992 296 64 493 578 493 0 450 275 232 357 515 104 138 0 0 991 358 602 7 483 537 483 810 765 279 477 327 0 0 199 939 277 646 671 610 403 0 436 0 127 609 866 443 798 292 548 564 927 0 541 889 187 0 729 800 203 101 0 548 549 921 317 0 0 450 238 
884 104 0 0 0 873 474 427 641 0 0 67 42 419 556 0 0 484 968 970 0 0 609 464 628 0 765 407 698 858 123 470 711 819 92 0 0 543 77 97 139 382 79 833 389 53 750 872 0 921 96 871 466 8 457 825 0 755 808 736 454 916 280 775 0 876 0 509 974 0 16 0 394 0 710 13 523 630 26 739 159 89 0 219 680 0 0 10 185 215 646 951 91 0 840 693 528 447 0 201 66 760 603 699 969 0 152 396 0 688 133 0 364 0 365 415 835 929 0 396 557 817 489 540 615 0 963 777 604 312 313 571 851 432 839 0 674 70 594 820 105 370 715 847 767 749 192 426 259 708 886 0 654 737 25 0 435 0 107 369 472 913 0 924 0 484 504 546 0 514 714 117 361 54 254 407 915 266 554 0 0 384 712 972 290 275 906 898 621 893 474 613 985 630 218 0 357 0 449 181 928 0 62 7 0 206 0 795 0 0 550 684 925 785 174 21 354 904 615 0 775 954 450 768 0 393 0 81 839 877 300 0 541 943 444 696 163 0 119 921 170 0 322 834 0 352 74 80 878 981 891 662 483 591 163 782 214 955 566 688 632 233 26 0 548 942 703 0 337 335 0 837 912 507 135 111 762 983 363 726 
0 273 0 957 551 721 777 0 580 0 0 333 0 827 275 423 758 47 438 0 735 185 0 539 0 762 0 132 333 82 528 108 33 325 272 88 0 414 382 724 612 878 638 0 685 809 0 0 179 0 898 868 0 792 140 0 48 451 0 380 136 720 562 167 130 240 926 803 173 0 0 26 0 14 387 599 345 509 127 454 575 988 776 0 466 27 953 0 527 492 0 364 620 115 81 0 291 361 805 633 938 582 805 0 674 194 354 875 0 457 263 360 596 902 262 678 0 475 0 0 729 657 880 310 0 158 217 997 535 693 600 946 433 955 810 750 901 821 268 839 377 20 835 611 0 0 385 0 182 676 179 7 171 389 546 843 0 428 518 0 394 841 596 886 380 934 58 0 133 994 782 377 0 0 715 0 0 90 546 726 0 0 17 704 0 68 947 400 779 96 475 672 0 0 0 577 205 913 355 198 0 302 0 378 636 742 903 179 46 626 0 0 596 678 0 952 0 0 0 274 636 960 835 534 622 411 313 724 22 0 186 0 550 948 948 944 443 0 0 489 0 213 566 141 457 903 631 460 44 611 0 816 303 999 0 104 404 0 0 513 933 998 827 0 94 0 258 28 890 156 797 393 951 392 187 292 854 0 802 263 
0 150 398 417 279 132 0 618 997 67 333 0 395 979 210 0 532 0 880 744 0 0 736 19 0 0 0 879 405 832 738 25 677 593 0 0 362 173 951 32 0 847 0 642 702 0 0 312 492 685 0 777 683 0 145 366 463 133 431 12 13 486 687 17 0 455 881 318 662 898 0 112 0 843 642 0 949 206 544 0 863 912 545 113 0 164 52 120 0 940 789 403 294 72 323 225 0 0 0 637 0 307 586 0 170 820 938 241 54 0 996 72 588 149 0 704 421 0 362 79 869 315 348 909 580 0 50 0 90 0 0 730 402 123 997 328 0 654 766 733 0 116 901 51 71 894 233 796 0 567 0 32 400 853 0 213 523 312 0 216 976 748 0 760 0 0 242 600 0 686 552 6 636 429 893 631 446 176 98 0 0 0 249 0 0 55 0 454 594 738 45 489 808 551 435 810 0 978 699 563 0 30 627 483 516 0 893 308 0 0 45 0 222 60 706 365 0 979 0 0 0 919 897 0 697 276 963 0 0 779 177 710 506 891 23 966 357 290 432 43 228 0 786 703 129 498 255 467 367 0 144 687 305 526 0 829 994 757 496 0 128 274 0 0 0 0 670 159 527 86 64 163 420 0 469 513 232 667 727 582 
58 704 0 118 0 600 928 217 1 42 0 395 0 0 443 398 226 0 386 42 0 0 538 228 726 0 192 72 0 834 715 259 0 54 626 728 0 140 570 0 104 391 957 0 129 611 511 43 0 0 647 829 66 196 583 0 308 229 435 617 573 0 742 378 0 0 943 344 0 463 368 667 884 0 457 0 633 203 811 123 345 0 331 126 631 652 996 907 243 295 171 0 43 0 177 261 0 0 0 0 367 583 784 273 173 658 195 159 0 826 0 0 0 0 856 491 182 638 688 408 70 636 37 879 0 403 735 201 0 870 0 0 0 731 761 545 508 0 85 660 528 0 266 61 0 0 0 133 816 843 567 513 80 801 274 780 0 455 142 99 0 605 0 541 0 966 51 490 443 247 677 719 262 0 36 0 781 417 380 396 617 0 0 0 647 368 0 689 702 867 545 74 561 941 282 783 0 950 0 0 154 275 730 602 0 0 770 844 331 998 24 0 0 962 543 0 792 501 0 0 0 0 167 99 0 577 373 514 0 59 0 0 0 520 0 60 233 695 240 156 998 0 310 806 243 987 207 541 791 0 0 288 978 0 0 37 0 160 873 299 396 77 135 977 946 199 743 0 0 0 447 413 168 783 804 396 653 0 294 0 
914 438 596 255 469 818 0 655 788 419 827 979 0 0 842 471 468 460 679 777 816 166 0 0 973 678 212 0 719 0 998 85 463 827 0 624 16 252 289 777 212 646 0 343 0 0 414 945 630 0 212 935 0 293 183 324 38 782 570 0 753 0 412 0 0 682 778 310 111 980 971 470 50 719 0 71 516 963 0 62 596 0 0 0 189 0 0 0 829 519 866 772 384 467 0 54 0 374 876 303 779 0 940 705 104 556 665 43 0 199 370 96 811 843 597 0 519 0 238 581 258 0 0 702 802 740 287 209 26 0 841 778 293 966 517 0 0 0 911 846 473 105 34 662 769 159 0 0 0 245 956 0 528 572 116 922 0 694 302 434 357 125 653 387 445 834 51 585 0 0 0 988 846 666 107 0 0 80 840 0 214 552 959 0 0 411 162 233 0 0 274 3 0 853 793 0 74 113 0 154 553 282 562 975 933 812 0 598 939 258 689 294 939 158 275 565 228 737 460 0 417 478 0 0 581 0 585 0 395 323 369 206 998 372 0 446 861 668 0 200 926 0 0 900 237 796 836 690 0 648 500 500 326 570 195 0 0 442 964 607 0 0 923 0 0 884 788 41 0 619 197 630 90 657 523 0 0 0 0 254 
69 930 815 541 285 892 361 646 668 556 275 210 443 842 0 403 546 601 650 940 187 669 0 173 0 153 280 845 896 923 0 438 715 639 584 362 525 0 128 0 0 89 367 536 616 916 213 0 781 831 873 8 502 999 837 104 193 0 503 0 0 93 851 718 627 760 783 0 0 740 0 749 813 136 887 0 221 898 0 0 551 484 0 818 787 0 0 897 501 0 171 403 295 450 651 86 380 0 936 0 499 74 809 254 0 0 285 961 977 417 277 302 724 548 137 34 237 0 208 0 825 712 0 0 32 0 145 0 0 395 0 0 958 0 140 241 856 820 0 0 0 649 974 128 146 299 0 36 303 577 0 452 198 781 55 109 457 0 382 439 248 0 193 47 0 0 0 0 901 136 52 368 0 549 251 0 591 745 709 0 337 607 161 283 520 211 362 0 490 870 651 385 593 0 690 370 714 512 498 0 554 322 964 808 111 377 13 0 935 211 499 759 159 804 235 908 0 484 692 783 0 138 730 440 0 0 134 912 272 549 779 878 726 107 111 237 511 930 957 476 712 460 245 230 507 0 766 468 603 179 0 753 375 0 854 909 649 269 122 0 14 642 0 304 414 204 0 550 699 135 0 0 907 994 334 178 703 865 786 918 
586 0 350 415 751 0 759 0 0 0 423 0 398 471 403 0 843 205 967 0 156 463 179 990 615 648 922 525 454 177 478 0 939 907 171 0 492 490 249 445 494 0 0 413 0 215 0 67 0 406 49 847 147 232 206 46 363 217 701 112 555 446 703 231 756 153 169 605 890 0 132 32 0 754 360 755 290 0 0 850 969 38 514 873 762 0 0 138 791 0 397 340 628 693 867 642 646 699 308 87 255 685 85 0 222 269 553 803 86 516 423 878 388 554 331 0 768 629 755 906 289 606 0 0 0 0 2 464 445 196 157 354 866 736 0 0 0 949 639 65 0 294 210 863 0 838 734 704 133 695 269 155 733 145 17 0 971 721 756 189 362 0 850 652 885 909 495 643 341 0 725 58 309 794 394 551 10 35 342 55 879 0 750 432 742 0 379 0 943 882 308 878 368 0 31 282 0 413 345 144 334 287 797 824 560 542 472 0 913 887 771 983 0 848 0 783 683 0 0 653 859 0 948 0 365 109 0 15 0 0 141 174 972 0 41 0 422 608 688 227 374 916 263 779 913 183 0 0 117 784 0 0 159 206 122 244 0 646 361 0 593 96 780 921 260 439 0 965 932 917 0 0 0 0 923 0 708 0 405 298 
132 137 0 207 213 237 638 307 861 0 758 532 226 468 546 843 0 722 728 225 404 807 0 534 985 752 86 0 0 391 0 421 280 349 810 478 0 96 154 946 0 0 0 0 64 619 0 206 28 136 954 0 273 708 480 0 670 0 325 205 170 812 0 545 490 0 507 0 112 0 931 155 79 971 718 566 245 69 851 734 735 225 949 639 0 0 0 729 41 717 51 280 0 236 189 859 5 0 70 929 0 679 548 0 53 0 506 800 229 866 549 0 12 141 652 0 825 533 0 518 682 20 53 109 276 661 84 0 0 0 0 650 92 0 623 0 103 0 651 0 451 95 0 214 562 293 191 0 947 0 8 640 115 0 0 288 58 288 7 198 964 541 160 403 777 695 445 184 831 0 0 0 794 678 0 497 823 0 992 210 39 265 0 127 51 208 421 442 360 273 221 471 543 47 721 849 425 0 817 562 0 755 0 0 0 441 551 664 754 0 320 897 929 0 537 769 0 98 606 0 821 812 78 413 864 0 704 754 971 358 25 583 884 0 489 538 286 427 667 467 716 884 378 732 912 9 895 527 669 346 0 0 179 431 0 467 254 718 262 38 751 590 276 629 291 575 607 94 566 0 799 936 700 859 744 121 831 0 63 0 
764 952 844 193 746 944 490 905 431 484 47 0 0 460 601 205 722 0 197 849 0 643 0 376 809 832 0 0 0 750 318 559 348 408 0 388 0 100 467 448 0 938 897 759 0 0 316 35 137 736 0 52 365 8 0 903 0 506 0 755 536 0 335 145 326 510 586 0 400 335 876 0 510 0 441 521 291 0 790 834 206 855 804 494 96 183 0 188 323 613 543 0 830 542 0 350 864 391 0 690 532 997 957 0 0 829 402 0 0 66 742 501 565 517 525 317 0 0 538 0 509 808 995 348 599 394 0 118 338 872 79 385 936 979 324 521 113 34 27 0 41 795 953 837 139 469 849 0 454 571 933 815 190 703 684 0 74 114 0 0 151 0 315 628 0 0 0 74 0 234 431 0 0 596 330 286 565 183 556 679 0 0 270 492 643 852 0 0 844 268 929 64 198 250 27 942 0 634 533 445 806 660 316 794 122 649 734 1 9 924 0 444 784 635 142 56 321 851 0 838 713 371 656 728 819 576 998 377 0 355 684 296 0 730 0 132 632 852 0 690 669 166 0 0 0 94 0 315 261 548 848 693 0 492 933 375 0 576 954 0 229 0 462 869 971 494 84 638 56 302 0 449 462 723 722 555 426 461 177 0 
659 569 0 920 0 364 0 0 0 968 438 880 386 679 650 967 728 197 0 678 37 449 722 13 611 207 59 0 549 0 527 567 0 963 0 185 885 85 645 623 200 690 452 805 299 0 672 921 876 0 0 576 0 943 0 0 0 740 0 185 300 0 19 424 391 511 525 0 857 246 888 359 0 303 986 331 274 857 0 640 366 69 0 642 970 884 833 632 264 0 966 294 549 597 647 593 0 230 0 415 0 0 750 175 386 0 636 884 660 0 570 0 0 0 295 769 684 0 0 0 0 343 730 648 423 546 351 551 994 284 230 0 944 383 519 0 466 585 767 0 823 701 753 935 0 383 600 855 105 0 7 253 335 891 599 450 536 883 696 0 12 870 141 400 260 182 365 0 542 667 0 785 25 0 492 186 570 370 324 0 0 865 348 209 0 0 0 397 640 0 262 0 0 341 218 247 842 357 0 101 118 525 882 0 532 229 549 988 732 261 623 341 137 0 0 50 860 0 704 223 278 0 0 0 9 0 0 542 121 708 402 313 891 261 678 310 0 998 311 889 44 819 0 169 885 574 504 966 706 465 923 173 750 98 0 115 0 386 0 0 0 447 163 417 0 993 643 0 292 666 0 0 86 277 644 0 209 994 528 559 
113 448 974 212 0 888 0 867 772 970 0 744 42 777 940 0 225 849 678 0 902 727 877 254 0 0 583 967 240 949 170 765 483 906 911 0 320 54 220 0 853 0 206 0 651 0 645 0 269 101 44 0 142 0 0 439 216 276 199 0 223 713 0 70 0 0 982 443 0 347 969 428 0 888 0 0 656 357 717 450 427 464 195 0 72 0 874 0 912 216 982 598 663 480 837 371 0 0 376 330 123 0 604 449 178 382 246 415 698 962 379 354 327 573 0 389 294 0 505 0 676 753 422 0 61 231 0 600 450 255 0 358 207 0 293 532 781 850 637 0 384 0 838 847 95 958 999 287 0 846 704 0 432 951 0 632 898 156 109 100 45 290 453 593 0 709 882 130 595 0 0 388 554 0 0 835 43 0 50 686 804 608 0 0 0 963 652 0 757 615 354 847 200 0 448 0 703 10 864 23 361 134 0 570 0 916 779 56 710 849 565 418 739 759 503 823 864 0 226 0 169 582 193 468 60 0 0 999 0 4 980 127 421 118 764 515 614 0 565 865 374 434 0 941 10 0 157 30 907 873 0 789 954 735 832 787 85 51 429 543 720 0 0 358 0 0 525 737 610 738 497 0 747 664 0 349 126 559 928 289 
786 0 213 830 0 954 0 69 560 0 735 0 0 816 187 156 404 0 37 902 0 594 0 566 505 707 997 464 377 180 0 890 791 289 685 650 991 252 0 492 0 97 35 25 507 805 759 130 833 0 579 772 104 974 292 533 132 303 0 565 695 399 258 434 0 153 0 853 377 311 362 0 326 31 244 572 0 162 0 495 962 43 508 0 367 793 569 414 862 60 0 0 577 587 0 0 238 366 459 179 64 0 197 85 0 703 862 560 860 491 806 390 0 317 0 777 424 206 180 213 0 661 636 462 122 581 885 933 446 527 0 333 0 0 510 990 0 215 101 787 29 481 0 0 0 450 281 892 374 0 52 154 830 499 0 302 684 0 0 83 991 0 353 958 178 491 0 315 106 167 78 250 667 288 181 48 434 652 590 798 581 0 97 389 389 385 343 814 614 889 0 93 0 385 774 331 322 547 0 594 397 795 208 415 805 762 112 905 322 776 228 0 266 228 973 759 145 228 112 846 0 876 0 176 966 366 0 499 0 453 257 161 927 0 84 426 244 882 336 179 0 114 906 0 928 241 792 26 819 62 940 261 341 88 424 725 13 0 0 174 419 0 159 231 0 596 0 666 366 984 369 696 22 517 999 323 12 0 0 0 
0 0 0 42 0 0 8 349 420 0 185 0 0 166 669 463 807 643 449 727 594 0 762 795 0 216 0 746 760 270 0 209 534 0 19 298 0 0 804 0 0 239 659 963 508 398 0 839 199 859 410 424 70 339 70 357 174 442 0 827 28 0 611 0 82 189 603 746 558 0 285 0 0 947 662 515 571 851 853 300 498 582 961 833 975 204 813 0 466 0 366 0 922 0 389 349 0 191 0 118 297 0 414 585 936 969 10 0 0 877 0 586 200 873 0 0 131 620 493 798 176 448 0 0 0 0 99 931 72 0 438 671 0 0 920 0 160 588 76 195 0 170 302 0 987 0 0 0 984 800 66 490 433 0 731 0 654 338 0 73 260 569 0 616 688 0 0 890 930 338 0 230 0 506 0 790 107 0 0 948 105 28 781 0 573 0 0 177 298 541 0 364 863 0 643 303 188 0 771 524 0 815 463 0 0 361 745 173 0 676 821 484 225 190 0 749 0 485 203 727 0 872 0 741 431 0 0 0 641 0 493 499 803 67 0 727 84 765 572 179 978 881 801 624 664 0 587 448 0 0 329 575 0 0 386 0 583 508 0 192 391 163 0 807 0 965 0 437 525 473 0 795 0 0 373 0 0 375 482 0 
95 595 180 144 0 563 515 385 0 609 0 736 538 0 0 179 0 0 722 877 0 762 0 338 344 122 405 0 261 0 0 959 0 0 652 330 156 28 35 0 821 0 0 142 0 889 391 740 0 928 773 157 17 790 636 689 428 0 32 0 406 656 305 550 0 0 955 0 626 0 949 752 11 179 0 0 829 0 645 840 757 394 581 624 72 993 766 634 779 323 66 235 653 300 940 0 561 0 252 927 489 0 752 95 0 0 0 407 335 749 0 842 786 439 885 403 473 184 0 0 952 0 410 241 888 13 0 529 239 275 908 800 531 0 832 70 112 0 0 0 720 472 983 0 484 371 0 656 786 0 786 784 874 407 714 0 85 0 506 253 557 972 0 520 546 689 0 122 499 0 305 944 582 0 238 568 15 989 871 566 156 459 904 480 164 0 444 974 548 456 858 157 422 34 633 959 0 489 0 679 0 470 925 681 663 159 994 607 163 512 361 753 404 726 969 566 830 260 268 370 167 977 0 770 78 0 994 0 901 397 780 959 91 753 0 802 0 159 0 172 0 280 203 742 261 264 629 972 198 908 220 465 247 29 777 124 824 0 489 0 247 568 783 858 242 723 232 749 262 0 842 595 745 915 0 0 0 5 473 0 
0 123 146 693 798 0 325 37 521 464 539 19 228 0 173 990 534 376 13 254 566 795 338 0 410 721 0 188 4 789 419 494 387 441 295 562 440 304 436 0 323 512 412 822 0 865 573 977 324 756 383 0 686 323 614 804 258 564 646 725 173 0 329 0 0 0 414 20 0 0 456 0 449 0 668 191 947 203 769 388 484 203 960 251 0 0 93 535 80 827 272 381 0 0 305 0 0 339 480 0 0 624 4 254 0 0 508 914 258 0 493 971 645 645 645 527 167 330 0 948 137 134 726 211 593 0 177 479 920 907 51 170 0 636 231 348 0 326 709 0 664 205 675 445 495 690 649 762 39 241 490 262 824 0 672 56 385 656 0 120 780 340 605 0 0 0 0 147 0 760 353 0 0 31 35 801 0 124 470 528 0 682 563 734 54 737 254 671 605 156 537 811 326 634 904 631 0 157 741 400 125 680 609 682 675 0 919 0 510 167 162 462 86 956 562 953 30 721 258 360 410 0 62 291 883 152 209 195 575 0 440 0 681 23 0 245 909 410 331 783 920 236 0 0 0 194 24 638 0 125 947 0 0 78 860 213 738 0 204 258 680 0 134 52 954 0 918 0 0 170 0 206 908 0 237 0 198 302 915 235 
152 0 929 0 547 168 693 755 0 628 0 0 726 973 0 615 985 809 611 0 505 0 344 410 0 957 764 318 363 226 509 471 571 391 547 31 775 827 58 0 46 0 379 0 872 253 0 27 187 112 0 24 923 334 533 0 0 323 977 0 233 26 407 733 0 983 641 809 142 0 602 232 0 414 444 0 974 717 847 0 0 558 104 0 968 222 928 0 742 124 445 0 573 0 0 803 702 356 822 166 222 0 510 424 332 446 861 992 834 363 72 398 796 0 0 0 714 579 12 208 608 819 51 751 995 918 470 666 0 480 0 878 412 728 505 189 0 796 0 276 427 153 627 168 0 368 0 959 510 322 11 0 982 0 974 881 569 0 0 593 662 574 0 704 0 188 0 0 0 187 787 137 344 0 0 402 923 0 226 552 54 0 0 0 0 415 40 145 0 611 565 615 72 955 0 0 42 735 0 448 0 809 681 419 566 147 0 399 5 589 468 991 299 296 793 0 858 482 518 193 169 0 722 566 204 742 0 449 0 406 0 975 219 0 0 0 0 18 102 174 978 477 0 699 58 666 667 413 936 0 775 919 514 610 258 1 0 967 566 434 328 968 335 64 48 0 706 394 496 953 573 0 0 0 0 502 909 544 531 0 
203 30 167 998 755 0 759 767 34 0 762 0 0 678 153 648 752 832 207 0 707 216 122 721 957 0 52 137 0 211 615 804 0 190 0 699 483 548 536 703 190 587 0 766 550 309 0 684 70 0 889 676 376 370 71 877 0 817 218 872 945 944 476 0 670 716 824 0 730 536 844 299 409 647 509 137 851 0 73 658 0 0 846 846 946 247 434 34 406 808 0 655 392 133 295 737 0 122 998 0 488 860 816 0 614 869 127 894 588 540 579 0 25 703 901 0 190 0 238 0 294 118 878 0 164 733 58 21 521 0 331 202 0 954 813 411 541 792 53 257 967 776 763 833 0 0 674 434 0 588 0 0 0 270 948 120 0 417 248 459 641 0 0 473 167 0 609 372 0 246 111 619 0 498 421 347 184 570 894 257 553 895 0 372 709 0 834 347 115 327 0 4 254 766 0 101 0 0 986 113 415 611 119 316 0 0 715 397 0 0 835 163 476 777 982 856 0 475 635 0 0 216 532 414 703 965 0 577 101 0 312 0 521 0 369 922 0 835 839 977 738 0 771 741 660 598 80 728 0 563 255 0 0 243 435 986 436 0 898 0 853 0 0 89 113 0 807 554 374 433 613 381 603 364 476 398 89 0 941 890 
478 983 524 423 966 36 498 0 612 765 0 0 192 212 280 922 86 0 59 583 997 0 405 0 764 52 0 0 0 609 0 901 555 0 622 694 922 431 297 635 0 599 557 0 870 947 0 310 848 0 0 673 449 873 233 758 698 0 238 659 364 198 28 37 38 724 63 453 719 0 620 565 580 0 593 616 0 861 969 154 545 0 478 0 201 414 0 801 0 718 713 621 674 0 933 0 375 0 291 0 170 633 449 749 925 578 0 0 515 0 874 568 820 694 0 711 727 12 947 344 0 124 98 626 0 725 500 0 300 453 871 44 352 0 185 150 0 800 12 78 318 997 815 0 123 902 662 864 172 651 0 876 0 550 544 150 236 714 519 64 548 145 65 403 345 710 0 0 245 128 215 707 396 678 0 688 0 455 347 636 679 174 590 167 593 414 856 0 596 878 0 260 209 36 0 939 636 356 41 660 190 700 633 222 203 904 0 354 0 155 435 0 0 0 181 662 0 404 215 411 978 514 260 791 208 0 524 0 0 0 320 951 955 28 670 424 369 990 266 337 0 0 689 0 719 0 0 2 470 132 687 0 308 652 813 587 722 869 773 0 261 679 57 0 142 808 0 460 451 306 185 497 635 409 99 0 495 768 715 458 
0 934 920 481 0 75 635 23 430 407 132 879 72 0 845 525 0 0 0 967 464 746 0 188 318 137 0 0 0 89 761 338 763 0 430 194 230 941 180 0 796 959 338 909 0 0 572 0 668 735 957 259 94 33 41 39 732 189 0 962 325 777 364 698 466 0 403 177 329 579 0 584 50 57 129 800 35 418 255 595 724 652 72 465 0 356 100 877 76 0 106 594 596 0 111 0 863 0 139 409 944 673 546 0 655 47 0 994 0 0 0 650 0 0 616 0 0 0 0 0 742 0 753 894 227 0 140 42 832 389 915 217 0 227 0 427 801 251 376 947 847 625 147 0 0 0 664 929 148 964 481 0 295 702 0 568 693 226 32 9 31 661 0 758 909 605 285 193 0 0 0 598 258 219 0 283 211 240 819 0 0 32 0 280 742 702 328 0 222 871 667 459 0 0 231 434 204 8 492 326 640 0 711 0 748 96 717 112 0 723 124 0 247 672 428 786 0 0 462 90 902 81 545 0 153 405 119 396 44 0 0 127 0 40 0 0 0 351 471 605 0 423 0 990 895 0 206 383 610 0 794 0 350 0 166 386 249 0 515 668 642 0 98 179 168 625 413 434 288 77 227 774 417 171 917 1 918 555 290 396 
0 575 242 0 292 215 40 436 0 698 333 405 0 719 896 454 0 0 549 240 377 760 261 4 363 0 0 0 0 0 491 201 14 576 943 188 602 0 377 886 232 44 53 110 216 0 654 112 344 572 198 542 649 705 0 991 0 189 531 77 0 322 869 896 781 181 656 0 838 0 0 0 543 130 0 72 0 629 0 90 872 0 51 119 499 436 0 551 795 0 295 237 0 698 636 426 412 362 15 423 304 494 129 526 478 0 745 938 870 665 989 940 911 570 348 972 81 439 0 0 711 527 270 380 69 220 11 260 654 491 300 328 0 659 311 0 53 869 73 310 198 0 225 864 139 545 0 303 978 602 939 704 780 0 0 325 204 998 950 152 975 253 756 863 881 883 0 281 0 139 570 148 192 730 0 340 444 30 176 757 0 446 387 0 382 0 43 552 203 817 296 577 0 486 341 188 911 0 760 782 661 0 90 845 0 0 875 0 40 128 189 0 0 925 0 354 405 585 268 357 856 781 798 137 0 568 0 975 636 996 0 576 286 0 0 482 748 746 554 24 427 921 866 473 835 468 970 969 695 962 590 259 432 525 405 916 839 0 949 421 172 0 359 123 643 399 238 647 0 0 918 0 362 0 522 331 584 408 272 49 
0 264 0 0 0 408 276 589 0 858 82 832 834 0 923 177 391 750 0 949 180 270 0 789 226 211 609 89 0 0 847 0 699 254 922 983 438 842 522 902 877 0 0 181 956 372 735 0 710 450 475 233 825 558 768 58 868 29 0 757 742 753 0 54 926 101 146 140 47 99 0 537 155 790 300 967 205 454 62 337 549 310 354 0 250 0 0 334 936 771 669 0 562 187 597 674 483 254 0 937 485 441 617 954 618 746 484 929 454 0 454 0 43 572 0 11 0 320 811 162 731 467 0 931 252 161 233 36 764 79 13 237 0 471 0 0 295 999 0 146 53 806 117 0 72 646 247 0 959 692 990 734 796 50 0 880 530 521 348 0 93 234 367 500 999 241 803 0 591 450 67 695 816 0 986 838 310 0 363 168 795 0 307 0 64 240 859 20 144 347 179 99 356 687 632 411 340 943 956 280 490 275 699 182 386 448 0 991 413 566 894 0 0 26 0 0 0 0 912 480 115 831 856 175 526 194 0 35 882 3 270 805 0 503 781 786 462 290 83 318 774 0 581 0 925 739 0 997 528 0 579 340 447 374 944 14 496 679 324 264 761 30 570 815 686 0 600 792 10 0 505 767 0 360 325 94 875 868 267 0 
288 0 116 0 0 835 52 0 0 123 528 738 715 998 0 478 0 318 527 170 0 0 0 419 509 615 0 761 491 847 0 119 0 180 728 619 713 464 376 103 154 715 267 0 0 926 0 705 947 837 516 621 0 865 536 933 992 0 608 563 471 59 196 946 183 0 132 915 0 735 0 0 402 733 0 793 373 165 784 958 249 0 0 0 0 420 291 0 633 532 935 264 0 0 0 954 0 0 987 686 260 0 293 185 796 697 404 0 405 964 681 0 734 429 5 0 795 268 867 0 2 151 180 184 268 0 230 634 538 0 191 378 625 0 328 600 437 946 46 523 89 334 392 995 615 0 312 85 15 976 0 57 636 609 0 658 0 196 910 0 738 625 75 882 740 0 161 655 989 401 387 696 0 0 998 184 395 325 889 0 0 0 499 264 609 0 0 355 665 137 63 956 396 956 297 319 689 131 277 820 655 0 250 229 437 605 0 905 0 284 599 323 0 233 34 191 414 0 718 385 363 913 0 0 178 0 42 912 829 977 452 274 600 490 0 630 0 983 0 0 0 8 596 554 0 72 905 461 0 32 0 0 27 56 507 524 473 0 321 0 0 34 981 0 191 484 665 886 931 0 105 0 0 322 267 942 237 30 485 304 
0 63 181 0 319 398 262 826 882 470 108 25 259 85 438 0 421 559 567 765 890 209 959 494 471 804 901 338 201 0 119 0 224 220 605 34 250 250 543 0 0 0 635 387 327 874 59 875 0 793 869 0 0 656 13 463 0 804 0 135 399 183 721 0 137 0 0 0 0 0 610 786 0 0 763 0 866 0 132 0 463 713 117 984 209 467 67 0 662 302 595 794 911 143 191 994 108 389 734 0 590 283 342 910 0 519 671 330 0 0 531 452 316 659 394 803 990 0 0 458 422 952 847 0 448 760 548 0 0 642 140 622 74 369 496 739 700 452 88 997 145 420 104 0 0 0 831 74 0 730 504 320 985 722 0 0 703 0 328 757 186 854 451 0 661 590 802 32 435 428 0 330 114 285 0 100 61 822 825 366 699 223 245 316 660 487 0 131 0 698 500 14 873 0 821 0 675 888 210 0 0 0 895 0 311 100 220 0 691 484 297 0 958 89 423 0 699 0 700 531 233 0 335 0 624 0 717 0 46 493 61 898 442 0 788 692 881 0 0 8 156 433 638 409 179 399 429 341 211 0 0 437 819 674 0 696 326 623 968 371 583 365 563 295 85 0 368 193 105 0 906 477 0 81 749 761 754 167 35 17 
346 998 406 972 391 910 0 0 625 711 33 677 0 463 715 939 280 348 0 483 791 534 0 387 571 0 555 763 14 699 0 224 0 0 417 32 959 170 336 987 661 845 579 600 776 469 0 301 0 851 380 867 232 0 0 832 487 17 0 561 0 0 563 961 115 261 0 487 689 133 292 0 652 410 280 597 0 695 174 453 0 0 499 28 888 0 418 131 723 0 732 124 330 0 667 0 806 0 0 774 559 914 134 862 0 808 264 445 0 738 0 0 295 710 18 0 0 0 0 300 16 778 0 0 0 857 582 146 785 0 972 495 198 848 229 536 868 168 0 431 321 224 114 178 197 315 325 735 495 568 105 638 908 878 0 0 0 491 297 961 730 965 0 936 346 388 412 0 0 371 884 412 495 0 187 305 244 273 848 27 0 555 131 927 807 0 0 838 0 769 704 707 632 363 755 946 0 480 861 200 0 338 59 881 470 325 665 0 894 656 0 7 606 505 488 733 100 54 501 104 0 918 0 0 0 928 713 156 442 0 127 242 488 832 962 502 488 867 0 947 0 391 167 435 203 652 251 595 881 794 168 0 485 0 321 692 898 529 907 663 717 0 174 0 370 793 456 739 787 696 665 236 526 494 409 0 0 30 0 243 
130 0 0 97 757 941 0 128 474 819 325 593 54 827 639 907 349 408 963 906 289 0 0 441 391 190 0 0 576 254 180 220 0 0 859 886 413 595 0 783 493 90 221 338 805 0 344 0 593 116 156 394 893 795 549 0 301 608 841 893 711 0 0 0 18 525 847 954 0 240 520 456 579 492 0 11 0 0 227 732 0 0 0 0 900 731 470 829 0 647 167 232 281 0 864 0 806 916 0 992 308 852 486 246 305 0 90 872 963 566 781 498 185 630 268 30 0 332 230 0 29 0 272 0 0 0 424 917 0 0 0 914 48 0 984 303 280 0 781 727 908 0 802 0 0 128 997 0 853 276 425 887 853 735 809 0 0 38 0 734 0 0 412 336 155 588 705 517 0 0 608 50 149 528 191 883 930 850 318 0 731 115 786 285 0 234 0 30 0 824 80 593 689 716 774 0 426 55 0 0 911 334 607 0 110 863 251 226 306 56 0 0 0 0 815 187 0 0 724 478 775 0 0 336 645 655 665 597 0 107 516 709 786 832 442 0 787 379 510 871 718 246 703 0 981 0 403 575 771 23 272 0 778 897 245 416 601 138 308 613 538 313 580 0 673 0 420 783 0 711 618 787 65 431 616 285 273 858 0 160 
385 44 871 0 284 122 128 917 46 92 272 0 626 0 584 171 810 0 0 911 685 19 652 295 547 0 622 430 943 922 728 605 417 859 0 118 547 809 76 0 497 554 18 111 535 594 990 683 433 555 398 11 673 299 439 948 371 899 428 317 763 674 529 20 59 272 986 598 550 337 0 51 775 631 0 182 309 351 0 0 991 625 725 532 0 445 698 865 48 947 0 0 0 0 329 941 585 164 709 520 0 886 883 623 134 909 175 0 511 897 0 109 0 465 731 284 971 0 607 309 929 675 0 856 555 877 514 633 0 234 514 0 958 0 993 213 991 485 0 119 367 856 0 540 318 0 9 0 740 0 0 245 751 795 411 320 270 174 0 402 0 237 0 987 641 36 0 837 541 928 813 0 704 0 0 957 741 258 284 0 273 0 566 908 189 0 0 768 103 23 460 530 123 847 0 0 811 989 55 642 486 0 0 730 749 262 0 87 846 0 636 977 481 129 0 0 163 193 184 961 810 937 33 616 670 262 835 33 904 177 0 0 0 444 980 585 0 836 794 853 0 232 932 0 730 7 442 272 346 774 993 654 888 0 550 659 0 471 442 554 479 371 0 316 590 340 366 838 0 562 628 171 0 0 94 324 401 0 294 0 
457 811 0 0 673 644 879 911 0 0 88 0 728 624 362 0 478 388 185 0 650 298 330 562 31 699 694 194 188 983 619 34 32 886 118 0 317 236 0 0 974 455 0 916 828 96 0 34 524 498 262 238 588 193 0 570 773 270 763 0 967 410 0 359 97 476 391 100 778 947 762 0 0 552 893 295 559 37 796 275 464 462 814 0 951 0 198 916 222 869 0 0 826 149 192 425 883 276 0 606 812 514 114 880 780 750 540 832 560 0 802 313 0 696 470 0 432 291 328 0 778 571 174 733 0 334 28 715 744 674 211 0 930 321 65 0 837 264 204 679 0 0 924 809 0 0 0 514 792 926 448 880 969 69 932 868 967 0 0 757 203 717 90 528 0 0 705 926 785 260 291 101 502 668 612 0 176 569 590 798 219 0 605 0 0 764 310 710 138 208 0 136 55 607 217 0 0 385 723 692 380 841 992 567 0 0 977 865 725 0 553 680 585 447 463 742 0 0 968 512 909 745 0 542 36 293 0 64 385 995 148 53 0 632 532 538 452 318 100 182 0 952 913 0 658 19 327 402 744 45 553 698 551 331 224 844 936 710 321 250 558 0 483 859 642 532 885 0 171 0 0 659 0 495 990 918 420 614 532 431 
587 784 34 77 151 576 649 0 4 0 0 362 0 16 525 492 0 0 885 320 991 0 156 440 775 483 922 230 602 438 713 250 959 413 547 317 0 735 0 395 0 387 0 441 465 0 0 0 0 536 469 471 946 473 915 76 523 0 98 0 0 0 113 803 0 735 0 966 990 353 236 659 762 183 0 806 844 938 486 908 0 938 800 181 600 492 358 759 929 786 297 411 514 289 438 644 0 168 0 0 965 235 0 0 102 0 340 0 470 264 106 558 605 305 184 559 108 592 0 278 238 428 297 51 0 12 178 866 511 330 0 579 84 311 126 137 0 0 0 892 498 337 547 481 969 59 319 95 771 236 373 440 432 541 0 393 0 0 951 766 714 0 0 7 0 411 837 0 836 252 771 0 502 737 963 44 509 917 99 30 0 0 202 31 0 251 48 0 0 691 679 608 689 772 466 0 584 212 666 960 0 938 0 56 354 888 0 94 439 0 821 732 227 737 96 251 317 76 0 0 263 0 702 756 0 42 392 0 589 718 0 634 0 582 144 515 70 313 0 0 0 0 0 679 122 527 357 0 530 0 703 86 714 10 380 67 0 664 0 71 327 0 772 369 58 784 146 616 26 352 0 0 86 308 158 916 0 627 566 0 
0 939 0 0 914 5 97 486 0 543 414 173 140 252 0 490 96 100 85 54 252 0 28 304 827 548 431 941 0 842 464 250 170 595 809 236 735 0 243 9 0 218 348 657 13 250 852 0 79 0 0 583 306 506 0 170 0 0 854 670 264 0 0 79 27 989 94 596 0 690 503 877 831 0 697 624 443 97 0 788 965 134 201 563 0 0 0 274 0 0 0 958 304 27 0 620 707 0 0 647 391 646 0 559 101 66 466 0 52 456 511 0 0 285 86 974 168 836 491 982 671 167 309 557 637 189 0 867 0 213 600 96 884 832 30 645 218 54 551 888 819 3 0 349 518 907 457 62 0 662 281 172 0 219 723 0 435 386 0 708 887 180 389 385 374 387 60 0 753 442 0 515 675 0 921 0 286 330 0 664 103 195 0 333 436 124 0 103 0 564 958 0 635 872 245 3 0 117 933 864 0 600 811 0 814 593 964 918 617 0 684 984 509 861 242 516 0 655 697 0 0 0 626 681 291 612 334 971 41 981 247 518 231 396 820 0 0 209 317 808 911 49 558 0 763 177 585 479 190 123 291 0 197 89 664 735 0 0 183 0 0 896 583 908 672 880 892 887 597 656 972 0 493 0 399 0 332 112 0 764 
0 813 933 79 993 0 638 576 0 77 382 951 570 289 128 249 154 467 645 220 0 804 35 436 58 536 297 180 377 522 376 543 336 0 76 0 0 243 0 974 0 649 312 968 886 180 336 30 374 867 248 91 350 0 546 410 777 696 654 762 0 912 0 0 0 713 825 85 0 410 0 96 688 0 901 0 227 200 781 0 408 0 865 856 798 967 628 0 0 461 812 0 0 498 0 289 903 354 892 80 642 123 89 417 220 640 0 0 0 666 0 0 839 145 0 586 191 0 494 0 0 0 0 455 0 0 0 236 737 0 374 305 77 840 463 556 581 528 0 235 0 138 43 975 390 591 0 465 348 0 444 308 462 281 862 299 716 0 989 142 0 289 824 272 545 568 983 966 0 999 721 175 599 951 433 0 368 881 0 391 791 788 893 0 524 0 719 434 0 0 277 74 565 0 651 858 263 0 918 0 371 960 78 0 438 715 0 126 0 460 441 479 58 0 915 325 553 843 591 0 0 362 70 0 0 0 928 515 142 218 945 779 227 828 0 373 710 0 261 0 0 0 808 674 0 0 684 898 113 0 571 0 609 665 458 915 0 0 893 164 122 160 106 693 0 581 232 384 244 0 182 726 376 0 728 708 167 809 703 0 
899 44 102 101 618 313 739 907 31 97 724 32 0 777 0 445 946 448 623 0 492 0 0 0 0 703 635 0 886 902 103 0 987 783 0 0 395 9 974 0 0 0 539 99 719 237 38 0 250 414 0 0 508 514 931 0 379 11 0 975 584 0 581 957 556 348 269 442 619 493 514 0 0 942 339 0 0 853 985 829 489 44 414 967 443 208 17 334 0 0 352 909 142 0 938 73 0 448 300 652 455 0 648 188 588 899 218 0 623 927 0 682 0 156 537 945 751 829 136 811 421 790 132 376 0 526 0 510 1 933 815 995 22 368 0 0 454 972 0 534 993 173 0 594 574 722 37 573 972 252 0 695 0 359 854 205 825 0 962 744 782 0 0 877 9 0 303 0 509 342 71 710 333 0 249 0 889 0 231 0 378 936 471 328 0 218 0 5 271 400 480 906 0 41 252 0 573 247 0 485 722 0 919 604 171 605 0 547 0 171 378 594 0 476 0 32 0 179 893 0 61 313 0 0 956 70 248 0 145 865 376 137 0 129 0 790 673 689 699 226 597 619 161 0 0 315 416 97 450 956 979 6 0 208 37 506 600 0 511 234 903 0 68 0 174 581 0 513 715 229 542 920 386 710 860 162 846 787 0 0 
626 990 289 0 510 242 146 941 0 139 612 0 104 212 0 494 0 0 200 853 0 0 821 323 46 190 0 796 232 877 154 0 661 493 497 974 0 0 0 0 0 616 394 525 596 215 195 572 166 0 0 412 342 637 54 103 611 0 524 690 539 0 979 922 147 0 0 839 201 0 640 269 0 130 759 0 309 788 286 634 0 599 49 483 0 0 528 203 691 279 637 204 663 337 328 0 51 108 0 352 844 38 0 0 806 710 602 228 727 0 337 209 768 664 16 890 0 720 395 0 0 595 207 982 0 0 720 0 0 0 192 904 0 811 738 553 0 916 262 338 0 0 858 964 638 774 381 620 554 533 3 998 418 525 438 714 254 0 782 0 159 150 984 105 109 0 898 0 586 896 998 9 530 807 74 0 812 794 771 998 335 0 0 549 374 45 0 318 830 103 941 990 271 709 105 193 0 338 0 715 182 196 385 785 964 473 778 0 175 460 322 796 93 779 0 0 0 111 534 0 922 475 482 77 978 0 397 340 550 0 0 934 617 0 560 387 0 170 360 750 104 295 0 0 579 0 0 965 0 502 491 52 312 472 0 0 444 0 479 141 0 259 730 490 280 958 519 27 610 0 321 664 0 217 0 0 829 693 810 497 
